任务1, 开始
+1,242.0,173.0,140.0,189.0,10:08:59 285
+1,258.0,165.0,130.0,181.0,10:09:00 510
+1,247.0,173.0,144.0,182.0,10:09:01 596
0,204.0,114.0,204.0,114.0,10:09:03 250
音乐,0,0,0,0,10:09:03 298
+1,242.0,177.0,117.36725,226.05055,10:09:06 221
+1,241.0,179.0,79.0387,202.93471,10:09:07 827
-1,72.0,218.0,263.0,191.0,10:09:09 101
任务1, 结束
任务2, 开始
+2,187.0,72.0,189.04213,278.5757,10:09:15 185
＊主菜单＊,0,0,0,0,10:09:15 229
+1,237.0,169.0,125.0,198.0,10:09:17 870
+1,254.0,168.0,98.0,182.0,10:09:18 379
+1,260.0,171.0,135.0,167.0,10:09:18 738
+1,184.0,184.0,146.0,185.0,10:09:19 394
0,213.0,228.0,213.0,228.0,10:09:19 938
下载,0,0,0,0,10:09:19 980
任务2, 结束
任务3, 开始
+2,192.0,72.0,164.00876,278.28885,10:09:30 796
＊主菜单＊,0,0,0,0,10:09:30 852
+1,255.0,161.0,136.0,173.0,10:09:33 717
-1,135.0,176.0,276.57257,181.89384,10:09:34 033
-1,150.0,149.0,271.0,157.0,10:09:35 507
0,217.0,231.0,217.0,231.0,10:09:36 538
笔记,0,0,0,0,10:09:36 621
+1,243.0,172.0,74.0,183.0,10:09:39 081
+1,215.0,186.0,108.105675,182.74939,10:09:40 069
任务3, 结束
任务4, 开始
+2,166.0,67.0,181.33136,274.72116,10:09:46 592
＊主菜单＊,0,0,0,0,10:09:46 699
-1,114.0,158.0,264.0,133.0,10:09:49 651
-1,137.0,171.0,253.0,180.0,10:09:50 141
-1,131.0,180.0,265.0,163.0,10:09:51 036
-1,139.0,167.0,258.0,170.0,10:09:52 225
0,216.0,129.0,216.0,129.0,10:09:53 494
睡眠,0,0,0,0,10:09:53 543
+1,267.0,172.0,61.0,229.0,10:09:56 536
+1,169.0,195.0,37.938004,233.39346,10:09:57 632
任务4, 结束
+2,185.0,60.0,181.05092,294.74893,10:10:03 325
＊主菜单＊,0,0,0,0,10:10:03 399
任务5, 开始
+1,276.0,177.0,144.0,193.0,10:10:07 641
+1,232.0,183.0,103.0,224.0,10:10:08 863
+1,233.0,185.0,142.0,196.0,10:10:10 168
+1,258.0,188.0,101.0,215.0,10:10:11 412
+1,279.0,181.0,133.0,227.0,10:10:13 070
+1,252.0,193.0,138.0,230.0,10:10:14 396
-1,103.0,199.0,223.0,221.0,10:10:18 120
-1,141.0,190.0,264.0,199.0,10:10:19 403
0,215.0,225.0,215.0,225.0,10:10:22 091
笔记,0,0,0,0,10:10:22 122
+1,268.0,190.0,76.92874,228.95732,10:10:23 595
+1,240.0,188.0,104.0,221.0,10:10:24 692
+1,272.0,194.0,93.0,236.0,10:10:26 357
+2,179.0,69.0,140.54903,231.81421,10:10:28 647
＊主菜单＊,0,0,0,0,10:10:28 707
-1,74.0,190.0,278.91864,180.47559,10:10:31 660
+1,250.0,178.0,141.0,188.0,10:10:31 972
-1,103.0,174.0,215.0,174.0,10:10:32 784
-1,140.0,181.0,267.0,176.0,10:10:33 496
0,118.0,232.0,118.0,232.0,10:10:34 393
新浪微博,0,0,0,0,10:10:34 531
任务5, 结束
＊＊＊＊＊＊＊＊＊＊＊＊＊＊＊＊＊＊＊＊＊＊＊＊＊＊＊＊＊＊
