+2,189.0,104.0,200.09267,298.3204,10:11:56 961
＊主菜单＊,0,0,0,0,10:11:57 051
任务1, 开始
+1,234.0,193.0,84.0,181.0,10:12:03 529
+1,210.0,170.0,105.0,151.0,10:12:04 121
+1,224.0,194.0,105.0,174.0,10:12:04 853
-1,79.0,177.0,268.36148,212.76068,10:12:05 365
0,105.0,220.0,105.0,220.0,10:12:06 014
卡包,0,0,0,0,10:12:06 091
+1,254.0,182.0,78.0,165.0,10:12:09 082
+1,241.0,190.0,82.0,173.0,10:12:09 724
+1,265.0,198.0,82.3771,179.1616,10:12:10 836
任务1, 结束
任务2, 开始
+2,190.0,78.0,228.0,272.0,10:12:16 996
＊主菜单＊,0,0,0,0,10:12:17 056
+1,242.0,186.0,84.330696,184.05511,10:12:19 001
+1,247.0,178.0,117.0,176.0,10:12:19 698
-1,138.0,183.0,268.0,200.0,10:12:20 406
-1,130.0,189.0,262.0,221.0,10:12:20 832
-1,132.0,188.0,293.0,184.0,10:12:21 615
-1,126.0,171.0,257.0,184.0,10:12:22 635
-1,147.0,174.0,266.0,179.0,10:12:23 646
0,95.0,216.0,95.0,216.0,10:12:24 517
短信息,0,0,0,0,10:12:24 584
+1,277.0,185.0,92.62804,187.95906,10:12:28 644
+1,280.0,193.0,112.89241,172.6308,10:12:29 626
+1,237.0,201.0,34.842804,182.09795,10:12:30 202
+1,252.0,201.0,32.468975,225.405,10:12:30 873
+1,250.0,191.0,24.0,188.0,10:12:31 546
-1,92.0,196.0,313.76508,176.22427,10:12:31 992
+2,216.0,110.0,216.519,295.63202,10:12:32 918
＊主菜单＊,0,0,0,0,10:12:32 955
0,212.0,226.0,212.0,226.0,10:12:35 601
邮箱,0,0,0,0,10:12:35 640
+1,277.0,172.0,135.0,170.0,10:12:38 654
+1,225.0,185.0,87.0,184.0,10:12:39 444
+1,202.0,187.0,66.0,182.0,10:12:41 174
0,287.0,191.0,287.0,191.0,10:12:44 094
+1,275.0,173.0,103.0,174.0,10:12:44 446
+1,258.0,192.0,81.0,176.0,10:12:45 789
+1,262.0,156.0,96.0,179.0,10:12:46 758
+1,263.0,177.0,94.0,169.0,10:12:47 472
+2,182.0,92.0,230.46031,304.73563,10:12:51 443
＊主菜单＊,0,0,0,0,10:12:51 494
-1,71.0,202.0,257.0,213.0,10:12:54 213
+1,276.0,179.0,111.69357,209.0766,10:12:55 219
0,105.0,111.0,105.0,111.0,10:12:55 801
腾讯QQ,0,0,0,0,10:12:55 850
任务2, 结束
任务3, 开始
+2,190.0,110.0,198.0,271.0,10:13:04 034
＊主菜单＊,0,0,0,0,10:13:04 080
-1,62.0,174.0,245.0,174.0,10:13:06 235
0,102.0,130.0,102.0,130.0,10:13:07 568
健康运动,0,0,0,0,10:13:07 648
+1,266.0,173.0,80.0,161.0,10:13:12 209
+1,262.0,175.0,100.13456,169.07253,10:13:13 083
+1,264.0,185.0,73.0,168.0,10:13:13 954
任务3, 结束
任务4, 开始
+2,175.0,97.0,193.8835,289.27185,10:13:20 073
＊主菜单＊,0,0,0,0,10:13:20 122
+1,268.0,184.0,139.0,178.0,10:13:23 114
+1,265.0,184.0,142.0,183.0,10:13:23 922
+1,257.0,181.0,94.0,169.0,10:13:25 157
0,106.0,224.0,106.0,224.0,10:13:28 231
视频,0,0,0,0,10:13:28 294
+1,261.0,188.0,51.178417,158.69452,10:13:30 167
-1,192.0,144.0,224.0,281.0,10:13:31 058
+2,228.0,108.0,252.6336,273.2672,10:13:32 562
＊主菜单＊,0,0,0,0,10:13:32 634
+1,264.0,176.0,57.0,173.0,10:13:34 796
+1,267.0,189.0,59.77912,174.58528,10:13:36 858
+1,288.0,171.0,122.0,164.0,10:13:38 038
0,99.0,119.0,99.0,119.0,10:13:38 744
系统设置,0,0,0,0,10:13:38 792
+1,257.0,157.0,101.35079,150.61942,10:13:43 357
+2,149.0,111.0,177.2559,281.05753,10:13:43 831
＊主菜单＊,0,0,0,0,10:13:43 964
0,214.0,227.0,214.0,227.0,10:13:46 601
下载,0,0,0,0,10:13:46 639
+1,263.0,189.0,67.9812,161.9953,10:13:48 413
+1,269.0,178.0,89.0,157.0,10:13:49 105
+1,276.0,192.0,37.510384,180.02551,10:13:50 162
任务4, 结束
任务5, 开始
+2,185.0,58.0,136.36986,259.75342,10:13:55 427
＊主菜单＊,0,0,0,0,10:13:55 497
-1,65.0,191.0,292.0,202.0,10:13:58 253
-1,98.0,188.0,293.0,198.0,10:13:58 728
-1,107.0,185.0,269.0,191.0,10:13:59 226
-1,136.0,183.0,295.0,201.0,10:13:59 589
+1,242.0,187.0,60.0,197.0,10:14:02 200
0,215.0,120.0,215.0,120.0,10:14:02 711
音乐,0,0,0,0,10:14:02 807
+1,231.0,188.0,82.0,178.0,10:14:05 108
+1,269.0,188.0,82.472916,190.51004,10:14:06 568
任务5, 结束
＊＊＊＊＊＊＊＊＊＊＊＊＊＊＊＊＊＊＊＊＊＊＊＊＊＊＊＊＊＊
