任务1, 开始
0,98.0,176.0,98.0,176.0,10:15:47 948
+2,166.0,138.0,194.83856,294.3221,10:15:49 385
＊主菜单＊,0,0,0,0,10:15:49 423
任务1, 开始
0,196.0,121.0,196.0,121.0,10:16:02 984
音乐,0,0,0,0,10:16:03 041
+1,267.0,184.0,94.0,183.0,10:16:05 817
+1,262.0,178.0,100.30802,189.12457,10:16:06 453
+1,229.0,175.0,85.0,189.0,10:16:07 212
任务1, 结束
任务2, 开始
+2,198.0,59.0,194.0,279.0,10:16:14 095
＊主菜单＊,0,0,0,0,10:16:14 148
-1,99.0,169.0,282.0,182.0,10:16:16 294
-1,103.0,186.0,316.24194,204.86217,10:16:17 180
-1,106.0,190.0,270.0,211.0,10:16:17 953
-1,111.0,162.0,240.0,180.0,10:16:18 781
0,218.0,129.0,218.0,129.0,10:16:19 340
睡眠,0,0,0,0,10:16:19 498
任务2, 结束
任务3, 开始
+2,178.0,93.0,192.82056,295.10275,10:16:28 624
＊主菜单＊,0,0,0,0,10:16:28 663
+1,267.0,147.0,144.0,171.0,10:16:30 195
+1,276.0,157.0,129.0,154.0,10:16:31 182
0,207.0,136.0,207.0,136.0,10:16:32 548
联系人,0,0,0,0,10:16:32 591
+1,268.0,151.0,137.51398,146.23277,10:16:36 829
+1,243.0,147.0,94.00969,140.639,10:16:37 942
+1,254.0,150.0,99.23354,131.69342,10:16:39 527
-1,128.0,180.0,273.0,166.0,10:16:42 596
-1,137.0,173.0,267.0,181.0,10:16:43 151
-1,140.0,161.0,268.66867,139.80692,10:16:43 903
+1,285.0,160.0,148.0,147.0,10:16:45 671
+1,291.0,162.0,95.0,148.0,10:16:46 427
任务3, 结束
任务4, 开始
+2,190.0,87.0,189.0,298.5,10:16:53 505
＊主菜单＊,0,0,0,0,10:16:53 599
+1,271.0,158.0,140.0,150.0,10:16:56 223
+1,255.0,160.0,91.0,145.0,10:16:56 756
0,259.0,169.0,259.0,169.0,10:16:57 327
-1,101.0,190.0,282.56854,181.53828,10:16:57 668
+1,291.0,181.0,102.0,167.0,10:16:58 365
+1,248.0,172.0,96.0,150.0,10:16:58 767
+1,269.0,157.0,71.0,141.0,10:16:59 599
0,103.0,132.0,103.0,132.0,10:17:00 709
股票,0,0,0,0,10:17:00 797
+1,275.0,157.0,144.0,150.0,10:17:04 098
+1,279.0,173.0,121.917114,145.62917,10:17:05 194
+1,255.0,158.0,151.0,164.0,10:17:06 008
-1,92.0,186.0,274.0,193.0,10:17:14 284
-1,136.0,158.0,223.0,176.0,10:17:14 572
-1,123.0,151.0,269.0,179.0,10:17:14 901
任务4, 结束
任务5, 开始
+2,159.0,52.0,152.21513,275.09164,10:17:23 131
＊主菜单＊,0,0,0,0,10:17:23 177
+1,261.0,169.0,28.686838,218.73834,10:17:25 718
0,134.0,124.0,134.0,124.0,10:17:26 461
系统设置,0,0,0,0,10:17:26 504
任务5, 结束
＊＊＊＊＊＊＊＊＊＊＊＊＊＊＊＊＊＊＊＊＊＊＊＊＊＊＊＊＊＊
