任务1, 开始
+2,149.0,103.0,163.0,282.0,17:20:21 708
＊主菜单＊,0,0,0,0,17:20:21 749
+2,168.0,46.0,146.0,266.0,17:20:22 010
0,107.0,112.0,107.0,112.0,17:20:24 697
健康运动,0,0,0,0,17:20:24 738
+1,286.0,178.0,139.0,194.0,17:20:27 180
+1,292.0,180.0,165.0,206.0,17:20:27 574
+1,276.0,179.0,127.70385,219.93806,17:20:28 292
+1,282.0,187.0,146.0,213.0,17:20:28 926
+1,295.0,171.0,202.0,184.0,17:20:30 161
任务1, 结束
+2,178.0,66.0,140.57071,270.45728,17:20:35 701
＊主菜单＊,0,0,0,0,17:20:35 750
+1,279.0,175.0,160.85115,182.73555,17:20:39 549
任务2, 开始
+1,289.0,187.0,163.0,198.0,17:20:42 808
+1,271.0,191.0,173.61337,226.15465,17:20:43 247
+1,287.0,188.0,187.0,197.0,17:20:44 350
+1,282.0,186.0,158.0,216.0,17:20:45 277
+1,294.0,151.0,208.0,182.0,17:20:46 471
0,221.0,111.0,221.0,111.0,17:20:48 201
自带导航,0,0,0,0,17:20:48 239
0,191.0,178.0,191.0,178.0,17:20:50 922
0,219.0,175.0,219.0,175.0,17:20:51 744
+2,149.0,55.0,168.3451,296.27103,17:20:52 076
＊主菜单＊,0,0,0,0,17:20:52 117
+1,271.0,176.0,216.0,166.0,17:20:55 893
-1,124.0,168.0,181.9171,184.08809,17:20:56 709
-1,131.0,181.0,265.0,187.0,17:20:58 540
0,93.0,119.0,93.0,119.0,17:21:01 184
浏览器,0,0,0,0,17:21:01 223
+1,251.0,179.0,115.06979,170.5644,17:21:03 327
0,185.0,110.0,185.0,110.0,17:21:05 236
+2,145.0,72.0,176.85387,274.55325,17:21:05 774
＊主菜单＊,0,0,0,0,17:21:05 841
+1,288.0,175.0,147.09724,156.48882,17:21:08 057
+1,230.0,164.0,156.0,173.0,17:21:09 363
-1,113.0,187.0,216.00421,198.1315,17:21:09 522
-1,111.0,155.0,247.0,177.0,17:21:09 867
-1,131.0,153.0,244.0,184.0,17:21:10 338
-1,128.0,152.0,226.0,166.0,17:21:11 422
-1,132.0,195.0,223.0,189.0,17:21:14 268
-1,104.0,198.0,248.0,185.5,17:21:15 472
+1,283.0,197.0,100.05765,219.1298,17:21:17 795
+1,284.0,211.0,95.0,242.0,17:21:18 573
+1,270.0,204.0,149.0,229.0,17:21:19 135
+1,260.0,186.0,137.6063,201.32642,17:21:21 955
0,220.0,115.0,220.0,115.0,17:21:23 334
计算器,0,0,0,0,17:21:23 395
+2,178.0,95.0,210.0,275.0,17:21:24 884
＊主菜单＊,0,0,0,0,17:21:24 966
+1,273.0,190.0,43.828827,233.27983,17:21:26 892
+1,276.0,183.0,146.0,210.0,17:21:28 338
+1,268.0,184.0,136.0,220.0,17:21:29 740
0,212.0,119.0,212.0,119.0,17:21:29 981
自带导航,0,0,0,0,17:21:30 014
+2,152.0,102.0,175.52759,281.75208,17:21:31 754
＊主菜单＊,0,0,0,0,17:21:31 810
0,219.0,222.0,219.0,222.0,17:21:33 603
下载,0,0,0,0,17:21:33 641
+1,244.0,147.0,129.0,190.0,17:21:37 183
+2,152.0,92.0,136.41682,258.92535,17:21:38 375
＊主菜单＊,0,0,0,0,17:21:38 484
+1,267.0,219.0,115.0,263.0,17:21:41 307
-1,193.0,179.0,238.0,177.0,17:21:41 940
-1,147.0,162.0,242.0,173.0,17:21:44 783
0,227.0,218.0,227.0,218.0,17:21:47 193
笔记,0,0,0,0,17:21:47 233
+1,256.0,191.0,75.392166,232.87349,17:21:48 961
+1,268.0,211.0,160.72833,247.85414,17:21:50 264
+2,180.0,70.0,194.93378,279.63202,17:21:51 407
＊主菜单＊,0,0,0,0,17:21:51 456
-1,90.0,194.0,241.0,224.0,17:21:53 124
-1,64.0,200.0,202.0,211.0,17:21:55 740
-1,128.0,194.0,252.0,206.0,17:21:59 545
0,130.0,222.0,130.0,222.0,17:22:04 250
短信息,0,0,0,0,17:22:04 299
+2,202.0,81.0,226.18246,263.6204,17:22:06 670
＊主菜单＊,0,0,0,0,17:22:06 708
0,222.0,226.0,222.0,226.0,17:22:08 545
邮箱,0,0,0,0,17:22:08 596
+2,220.0,82.0,223.87328,240.79617,17:22:11 197
＊主菜单＊,0,0,0,0,17:22:11 228
-1,97.0,157.0,278.0,179.0,17:22:12 794
+1,288.0,211.0,64.532364,236.66818,17:22:14 902
+1,268.0,221.0,99.0,253.0,17:22:15 812
+1,278.0,211.0,102.0,259.0,17:22:16 761
+1,274.0,218.0,126.0,241.0,17:22:17 922
+1,282.0,213.0,146.0,266.0,17:22:19 132
+1,281.0,184.0,147.0,201.0,17:22:20 066
0,214.0,115.0,214.0,115.0,17:22:21 628
自带导航,0,0,0,0,17:22:21 686
0,144.0,183.0,144.0,183.0,17:22:23 241
0,169.0,211.0,169.0,211.0,17:22:23 529
0,185.0,216.0,185.0,216.0,17:22:23 747
+2,216.0,98.0,184.0,249.10873,17:22:24 420
＊主菜单＊,0,0,0,0,17:22:24 520
+1,261.0,216.0,84.275665,269.68988,17:22:26 640
-1,176.0,217.0,297.73962,217.51001,17:22:28 048
任务2, 结束
任务3, 开始
+2,139.0,58.0,160.18262,271.57593,17:22:43 708
+1,272.0,190.0,110.0,221.0,17:22:44 321
0,113.0,119.0,113.0,119.0,17:22:44 435
系统设置,0,0,0,0,17:22:44 670
+2,197.0,65.0,140.0,264.0,17:22:49 559
＊主菜单＊,0,0,0,0,17:22:49 653
0,219.0,224.0,219.0,224.0,17:22:51 595
下载,0,0,0,0,17:22:51 644
+1,278.0,180.0,237.80049,185.43237,17:22:55 194
+1,277.0,183.0,123.10236,237.26833,17:22:55 233
-1,143.0,186.0,287.0,191.5,17:22:56 135
+1,160.0,155.0,44.891045,192.99222,17:22:56 641
+1,269.0,189.0,105.0,222.0,17:22:56 975
+2,194.0,87.0,217.48543,282.43036,17:22:58 797
＊主菜单＊,0,0,0,0,17:22:58 847
任务3, 结束
任务4, 开始
-1,75.0,180.0,313.99066,182.82004,17:23:05 860
-1,100.0,132.0,248.0,145.0,17:23:06 793
-1,114.0,152.0,242.0,160.0,17:23:08 064
-1,131.0,141.0,256.0,144.0,17:23:08 939
0,220.0,110.0,220.0,110.0,17:23:10 700
联系人,0,0,0,0,17:23:10 752
+1,262.0,145.0,129.53001,156.78632,17:23:12 669
+1,292.0,151.0,205.0,167.0,17:23:13 257
+1,282.0,145.0,147.24239,154.34319,17:23:14 056
-1,119.0,163.0,259.57028,170.8015,17:23:16 853
-1,143.0,137.0,281.78784,154.3692,17:23:17 282
-1,139.0,113.0,292.0,140.0,17:23:18 085
+2,216.0,76.0,178.63939,241.86818,17:23:20 554
＊主菜单＊,0,0,0,0,17:23:20 660
0,117.0,103.0,117.0,103.0,17:23:23 223
电话,0,0,0,0,17:23:23 277
0,151.0,127.0,151.0,127.0,17:23:26 194
0,240.0,136.0,240.0,136.0,17:23:26 468
0,241.0,134.0,241.0,134.0,17:23:26 944
0,104.0,131.0,104.0,131.0,17:23:27 338
0,224.0,137.0,224.0,137.0,17:23:27 781
0,235.0,146.0,235.0,146.0,17:23:27 930
0,242.0,136.0,242.0,136.0,17:23:28 146
0,245.0,143.0,245.0,143.0,17:23:28 303
+1,275.0,152.0,147.78098,162.97324,17:23:28 510
任务4, 结束
任务5, 开始
+2,168.0,91.0,133.3372,288.1922,17:23:38 257
＊主菜单＊,0,0,0,0,17:23:38 285
+1,284.0,178.0,183.0,184.0,17:23:41 874
-1,94.0,185.0,292.29028,203.86353,17:23:42 279
+1,251.0,190.0,181.81793,199.38062,17:23:42 707
0,113.0,225.0,113.0,225.0,17:23:43 319
视频,0,0,0,0,17:23:43 380
任务5, 结束
＊＊＊＊＊＊＊＊＊＊＊＊＊＊＊＊＊＊＊＊＊＊＊＊＊＊＊＊＊＊
