+2,178.0,29.0,165.65501,253.37158,17:26:38 666
＊主菜单＊,0,0,0,0,17:26:38 736
任务1, 开始
0,123.0,222.0,123.0,222.0,17:26:42 835
视频,0,0,0,0,17:26:42 900
+1,232.0,154.0,53.0,140.0,17:26:44 450
任务1, 结束
+2,171.0,90.0,138.5,284.5,17:26:47 706
＊主菜单＊,0,0,0,0,17:26:47 746
任务2, 开始
-1,98.0,177.0,251.0,180.0,17:26:52 560
-1,109.0,142.0,295.0,145.0,17:26:53 604
-1,102.0,153.0,256.0,152.0,17:26:54 723
+1,269.0,157.0,75.175385,175.31975,17:26:55 501
+1,256.0,181.0,43.7409,196.0,17:26:55 830
+1,273.0,175.0,101.0,151.0,17:26:56 446
+1,265.0,153.0,178.0,154.0,17:26:57 373
0,98.0,237.0,98.0,237.0,17:26:58 422
卡包,0,0,0,0,17:26:58 466
+1,257.0,184.0,42.27698,147.77736,17:27:01 297
+1,256.0,147.0,67.69903,135.08737,17:27:01 619
+1,263.0,150.0,122.84789,142.37004,17:27:02 542
-1,112.0,149.0,261.05258,136.51091,17:27:03 639
-1,133.0,112.0,287.0,131.0,17:27:05 466
-1,117.0,118.0,214.0,107.0,17:27:06 164
+2,179.0,97.0,148.0,260.0,17:27:09 116
＊主菜单＊,0,0,0,0,17:27:09 260
+1,276.0,148.0,123.0,126.0,17:27:12 363
+1,288.0,136.0,176.0,92.0,17:27:13 340
-1,96.0,139.0,247.0,130.0,17:27:14 640
-1,104.0,134.0,222.53897,135.96054,17:27:16 228
-1,108.0,119.0,224.0,131.0,17:27:17 407
+1,279.0,145.0,191.0,154.0,17:27:18 373
0,97.0,222.0,97.0,222.0,17:27:18 774
卡包,0,0,0,0,17:27:18 810
+1,268.0,128.0,134.0,136.0,17:27:20 362
+1,257.0,117.0,128.0,141.0,17:27:20 881
+1,272.0,156.0,125.0,129.0,17:27:23 790
+2,212.0,70.0,208.18567,246.09016,17:27:24 287
＊主菜单＊,0,0,0,0,17:27:24 353
-1,92.0,134.0,251.0,133.0,17:27:25 450
-1,142.0,171.0,265.0,181.0,17:27:26 321
0,218.0,239.0,218.0,239.0,17:27:27 941
支付宝,0,0,0,0,17:27:27 999
任务2, 结束
+2,139.0,68.0,107.623344,276.0265,17:27:33 280
＊主菜单＊,0,0,0,0,17:27:33 338
任务3, 开始
-1,136.0,134.0,291.0,143.0,17:27:37 736
0,232.0,102.0,232.0,102.0,17:27:38 509
微信,0,0,0,0,17:27:38 550
+1,250.0,160.0,92.64344,175.97029,17:27:41 773
+1,275.0,143.0,90.655045,114.59908,17:27:42 386
+2,190.0,72.0,181.42735,279.21344,17:27:42 916
＊主菜单＊,0,0,0,0,17:27:43 046
0,92.0,229.0,92.0,229.0,17:27:46 203
短信息,0,0,0,0,17:27:46 244
+1,291.0,150.0,159.51114,147.03473,17:27:49 069
+1,252.0,110.0,105.0,113.0,17:27:51 071
-1,96.0,132.0,128.86063,135.18005,17:27:51 690
-1,89.0,194.0,285.04437,183.0,17:27:52 299
+2,183.0,74.0,171.86168,268.04312,17:27:56 701
＊主菜单＊,0,0,0,0,17:27:56 769
0,213.0,96.0,213.0,96.0,17:27:58 705
微信,0,0,0,0,17:27:58 801
+1,274.0,151.0,163.0,147.0,17:28:01 297
+1,270.0,141.0,74.18235,137.17941,17:28:01 744
+1,290.0,151.0,112.467995,131.1404,17:28:02 499
+1,281.0,140.0,110.00851,142.54367,17:28:03 388
-1,93.0,137.0,284.0,154.0,17:28:04 440
+2,175.0,89.0,178.95491,283.68442,17:28:04 813
＊主菜单＊,0,0,0,0,17:28:04 900
0,105.0,108.0,105.0,108.0,17:28:07 282
腾讯QQ,0,0,0,0,17:28:07 315
+1,262.0,144.0,140.78482,151.0,17:28:09 271
+1,259.0,138.0,146.76018,141.80165,17:28:09 928
+2,177.0,72.0,174.0,281.0,17:28:10 860
＊主菜单＊,0,0,0,0,17:28:10 955
+1,266.0,182.0,161.0,185.0,17:28:13 962
-1,101.0,178.0,260.0,183.0,17:28:14 566
-1,94.0,133.0,260.0,133.0,17:28:14 742
+1,102.0,178.0,12.774994,182.94028,17:28:15 979
+1,199.0,168.0,41.0,183.0,17:28:16 252
+1,188.0,169.0,49.0,179.0,17:28:16 411
+1,242.0,172.0,47.0,170.0,17:28:16 856
+1,278.0,187.0,102.0,184.0,17:28:17 629
0,213.0,218.0,213.0,218.0,17:28:18 273
笔记,0,0,0,0,17:28:18 343
+1,252.0,131.0,104.463356,119.21623,17:28:19 996
-1,106.0,132.0,222.59901,149.28098,17:28:21 412
-1,95.0,114.0,253.3655,135.01985,17:28:21 822
+1,250.0,115.0,69.0,141.0,17:28:22 253
+1,263.0,140.0,67.848854,134.16324,17:28:22 707
0,182.0,105.0,182.0,105.0,17:28:28 312
0,139.0,90.0,139.0,90.0,17:28:30 380
0,214.0,101.0,214.0,101.0,17:28:30 776
+1,251.0,96.0,101.0,99.0,17:28:31 470
0,133.0,100.0,133.0,100.0,17:28:32 067
0,139.0,97.0,139.0,97.0,17:28:32 305
0,207.0,66.0,207.0,66.0,17:28:32 765
0,179.0,50.0,179.0,50.0,17:28:33 362
0,189.0,67.0,189.0,67.0,17:28:33 782
0,206.0,120.0,206.0,120.0,17:28:34 021
0,221.0,100.0,221.0,100.0,17:28:34 162
0,214.0,63.0,214.0,63.0,17:28:35 366
任务3, 结束
+2,164.0,16.0,136.0,283.69122,17:28:45 311
＊主菜单＊,0,0,0,0,17:28:45 352
-1,59.0,148.0,232.0,137.0,17:28:48 025
任务4, 开始
-1,113.0,139.0,248.0242,141.77397,17:28:50 862
-1,101.0,128.0,299.4535,133.0,17:28:51 029
-1,105.0,147.0,235.0,140.0,17:28:51 671
0,103.0,110.0,103.0,110.0,17:28:53 337
健康运动,0,0,0,0,17:28:53 387
+1,287.0,134.0,142.0,109.0,17:28:57 572
+1,267.0,113.0,176.0,123.0,17:28:58 991
+1,290.0,121.0,128.10301,103.689514,17:28:59 484
+1,254.0,101.0,105.0,106.0,17:29:00 166
任务4, 结束
任务5, 开始
+2,176.0,28.0,152.63988,279.119,17:29:06 594
＊主菜单＊,0,0,0,0,17:29:06 704
+1,290.0,138.0,144.00974,128.90349,17:29:09 440
+1,179.0,216.0,46.0,221.0,17:29:10 367
+1,263.0,198.0,138.0,205.0,17:29:10 965
+1,292.0,189.0,56.0,215.0,17:29:11 854
+1,267.0,178.0,166.0,173.0,17:29:12 686
+1,292.0,151.0,98.0,180.0,17:29:13 491
0,95.0,94.0,95.0,94.0,17:29:13 976
系统设置,0,0,0,0,17:29:14 044
任务5, 结束
＊＊＊＊＊＊＊＊＊＊＊＊＊＊＊＊＊＊＊＊＊＊＊＊＊＊＊＊＊＊
