任务1, 开始
+1,268.0,169.0,124.0,160.0,17:15:42 328
+1,266.0,152.0,175.0,151.0,17:15:43 234
+1,288.0,161.0,98.0,149.0,17:15:43 990
0,233.0,236.0,233.0,236.0,17:15:45 411
相册,0,0,0,0,17:15:45 456
+1,256.0,162.0,161.29436,171.0327,17:15:48 165
+1,260.0,165.0,56.0,184.0,17:15:48 802
+1,293.0,140.0,103.0,137.0,17:15:52 423
-1,65.0,156.0,299.5086,186.91989,17:15:53 645
任务1, 结束
任务2, 开始
+2,219.0,49.0,102.0,259.0,17:15:59 614
＊主菜单＊,0,0,0,0,17:15:59 701
-1,125.0,193.0,262.0,171.0,17:16:02 190
0,105.0,182.0,105.0,182.0,17:16:03 116
新浪微博,0,0,0,0,17:16:03 152
0,115.0,217.0,115.0,217.0,17:16:03 602
+1,258.0,150.0,166.0,151.0,17:16:05 406
+1,268.0,150.0,104.5,155.5,17:16:06 134
-1,109.0,208.0,204.5389,189.1022,17:16:14 164
-1,125.0,191.0,224.49637,206.30713,17:16:14 229
+1,273.0,155.0,106.0,186.0,17:16:16 654
+1,257.0,143.0,130.0,160.0,17:16:16 721
任务2, 结束
任务3, 开始
+2,139.0,95.0,108.46793,279.8052,17:16:25 143
＊主菜单＊,0,0,0,0,17:16:25 209
-1,94.0,179.0,131.93549,181.05057,17:16:28 706
-1,102.0,153.0,219.0,162.0,17:16:28 842
-1,97.0,145.0,232.0,166.0,17:16:28 949
+1,250.0,145.0,95.02849,151.32607,17:16:29 172
+1,220.0,144.0,55.0,146.0,17:16:29 438
+1,229.0,140.0,94.0,145.0,17:16:29 977
+1,269.0,158.0,52.0,174.0,17:16:30 924
+1,251.0,148.0,128.0,150.0,17:16:32 042
+1,264.0,156.0,141.46501,167.0,17:16:32 752
0,110.0,140.0,110.0,140.0,17:16:34 131
0,99.0,109.0,99.0,109.0,17:16:36 341
系统设置,0,0,0,0,17:16:36 380
+2,160.0,57.0,138.0,247.48314,17:16:39 963
＊主菜单＊,0,0,0,0,17:16:40 060
0,218.0,224.0,218.0,224.0,17:16:41 978
下载,0,0,0,0,17:16:42 039
+1,97.0,123.0,37.367004,180.886,17:16:46 110
+1,227.0,140.0,59.0,141.0,17:16:46 700
+1,259.0,130.0,124.0,134.0,17:16:47 580
+1,249.0,132.0,55.657578,142.96725,17:16:48 210
任务3, 结束
+2,149.0,70.0,120.76207,272.21533,17:16:52 614
＊主菜单＊,0,0,0,0,17:16:52 759
任务4, 开始
-1,93.0,140.0,253.0,162.0,17:16:57 107
-1,96.0,153.0,258.27277,141.9899,17:16:57 916
+1,229.0,160.0,46.0,186.0,17:16:58 488
0,98.0,219.0,98.0,219.0,17:16:58 875
天气,0,0,0,0,17:16:58 916
+1,264.0,135.0,184.0,150.24205,17:17:02 548
+1,287.0,111.0,140.0,112.0,17:17:03 579
+1,275.0,111.0,121.369804,93.74836,17:17:05 237
+1,270.0,124.0,136.49301,109.61312,17:17:06 066
-1,100.0,130.0,269.07657,147.0,17:17:07 210
-1,127.0,130.0,291.6488,157.0,17:17:07 547
-1,149.0,141.0,309.0,181.0,17:17:08 417
-1,135.0,130.0,328.96307,177.90895,17:17:09 047
任务4, 结束
任务5, 开始
+2,184.0,95.0,201.70401,283.85806,17:17:18 170
＊主菜单＊,0,0,0,0,17:17:18 210
-1,145.0,144.0,303.0,166.0,17:17:20 873
-1,109.0,166.0,304.66373,176.41911,17:17:21 543
-1,100.0,155.0,195.38803,155.0,17:17:22 213
-1,98.0,181.0,284.0,169.0,17:17:23 113
-1,138.0,165.0,293.0,180.0,17:17:23 857
-1,129.0,159.0,266.0,181.0,17:17:24 379
0,217.0,261.0,217.0,261.0,17:17:25 292
0,211.0,217.0,211.0,217.0,17:17:28 171
国际象棋,0,0,0,0,17:17:28 218
+1,267.0,152.0,112.07328,158.68651,17:17:31 175
任务5, 结束
＊＊＊＊＊＊＊＊＊＊＊＊＊＊＊＊＊＊＊＊＊＊＊＊＊＊＊＊＊＊
