任务1, 开始
+1,266.0,171.0,31.644955,218.01935,19:44:40 072
+2,173.0,80.0,174.0,253.0,19:44:42 815
＊主菜单＊,0,0,0,0,19:44:42 949
+2,176.0,73.0,175.0,274.0,19:44:45 798
0,288.0,195.0,288.0,195.0,19:44:47 029
+1,270.0,174.0,147.0,181.0,19:44:48 074
+1,296.0,165.0,97.0,173.0,19:44:48 760
0,86.0,224.0,86.0,224.0,19:44:50 559
视频,0,0,0,0,19:44:50 611
+1,272.0,188.0,120.0,187.0,19:44:52 038
+1,287.0,170.0,105.0,192.0,19:44:53 531
+1,235.0,184.0,58.0,199.0,19:44:54 033
+1,249.0,138.0,74.30053,139.6325,19:44:56 545
+1,251.0,158.0,57.0,181.0,19:44:57 179
+1,240.0,183.0,105.5,239.0,19:44:59 042
-1,100.0,177.0,265.6587,194.06894,19:44:59 595
-1,66.0,193.0,171.0,192.0,19:45:01 035
0,199.0,23.0,199.0,23.0,19:45:01 071
0,208.0,189.0,208.0,189.0,19:45:01 106
+2,186.0,63.0,189.0,257.0,19:45:02 868
＊主菜单＊,0,0,0,0,19:45:03 000
+1,294.0,170.0,106.0,221.0,19:45:05 787
+1,291.0,179.0,130.0,186.0,19:45:06 662
+1,197.0,158.0,117.0,184.0,19:45:08 113
+1,266.0,166.0,56.0,197.0,19:45:09 630
-1,68.0,203.0,296.0,188.0,19:45:11 446
-1,104.0,184.0,297.0,180.0,19:45:11 884
-1,127.0,185.0,268.0,192.0,19:45:13 619
-1,104.0,177.0,273.0,159.0,19:45:15 734
+1,257.0,180.0,133.0,177.0,19:45:16 710
0,97.0,235.0,97.0,235.0,19:45:18 034
视频,0,0,0,0,19:45:18 541
-1,140.0,179.0,295.0,179.0,19:45:20 535
+1,244.0,175.0,27.0,220.0,19:45:21 295
+1,270.0,183.0,46.325695,225.33716,19:45:23 035
-1,107.0,185.0,264.0,184.0,19:45:23 547
0,154.0,151.0,154.0,151.0,19:45:24 071
0,154.0,158.0,154.0,158.0,19:45:25 547
+1,182.0,207.0,144.0,61.0,19:45:26 053
+2,190.0,58.0,188.5,232.0,19:45:26 581
＊主菜单＊,0,0,0,0,19:45:26 669
-1,169.0,182.0,301.0,174.0,19:45:31 323
+1,273.0,160.0,55.0,180.0,19:45:32 057
-1,101.0,203.0,289.0,181.0,19:45:32 983
-1,128.0,183.0,304.0,152.0,19:45:34 611
-1,95.0,178.0,303.0,169.0,19:45:35 859
-1,115.0,176.0,299.0,181.0,19:45:38 087
+1,219.0,174.0,45.0,191.0,19:45:38 274
+1,268.0,154.0,135.0,139.0,19:45:40 600
+1,290.0,180.0,52.0,221.0,19:45:40 785
+1,292.0,155.0,80.0,222.0,19:45:42 580
+1,240.0,185.0,104.0,196.0,19:45:44 592
+1,270.0,203.0,32.0,221.0,19:45:46 581
-1,131.0,134.0,291.0,146.0,19:45:48 538
0,133.0,103.0,133.0,103.0,19:45:48 574
浏览器,0,0,0,0,19:45:48 615
0,102.0,104.0,102.0,104.0,19:45:50 088
任务1, 结束
任务2, 开始
0,178.0,59.0,178.0,59.0,19:46:03 092
+2,148.0,33.0,146.0,196.0,19:46:04 539
＊主菜单＊,0,0,0,0,19:46:05 022
-1,143.0,164.0,289.0,141.0,19:46:06 853
-1,114.0,161.0,222.0,150.0,19:46:08 570
-1,125.0,189.0,283.0,179.0,19:46:09 090
-1,112.0,164.0,299.0,173.0,19:46:09 562
0,122.0,121.0,122.0,121.0,19:46:11 014
健康运动,0,0,0,0,19:46:11 536
+1,292.0,195.0,111.72362,230.79326,19:46:17 043
+1,264.0,202.0,59.0,233.0,19:46:17 765
任务2, 结束
任务3, 开始
+2,160.0,64.0,173.0,218.0,19:46:25 554
＊主菜单＊,0,0,0,0,19:46:25 592
-1,124.0,161.0,240.0,182.0,19:46:27 900
+1,264.0,205.0,97.0,234.0,19:46:28 563
0,213.0,224.0,213.0,224.0,19:46:30 369
邮箱,0,0,0,0,19:46:30 481
-1,103.0,146.0,251.0,155.0,19:49:28 053
+1,281.0,171.0,144.0,162.0,19:49:40 506
0,216.0,215.0,216.0,215.0,19:49:41 535
邮箱,0,0,0,0,19:49:42 054
0,219.0,225.0,219.0,225.0,19:49:42 771
0,257.0,206.0,257.0,206.0,19:49:46 828
+1,295.0,171.0,90.0,190.0,19:49:47 482
+1,279.0,176.0,144.21237,188.24158,19:49:49 061
+1,295.0,172.0,100.61545,162.9276,19:49:51 102
+1,284.0,181.0,119.19868,186.52739,19:49:52 572
+1,278.0,190.0,72.0,221.0,19:49:52 891
+1,274.0,193.0,27.0,220.0,19:49:54 062
-1,90.0,219.0,299.0,193.0,19:49:55 036
+1,271.0,184.0,24.0,201.0,19:49:55 552
+1,282.0,176.0,56.0,187.0,19:49:57 560
-1,54.0,199.0,241.0,193.0,19:49:58 076
-1,56.0,201.0,267.0,215.0,19:49:58 114
-1,105.0,165.0,274.93634,157.112,19:49:58 150
-1,81.0,155.0,292.0,169.0,19:49:58 575
-1,115.0,186.0,256.0,184.0,19:50:00 094
-1,129.0,164.0,296.3209,136.87654,19:50:03 557
-1,104.0,186.0,299.0,174.0,19:50:04 065
-1,98.0,183.0,288.13855,200.3794,19:50:05 873
+1,269.0,181.0,81.70756,199.9938,19:50:08 302
+1,287.0,187.0,69.0,180.0,19:50:13 062
+1,271.0,187.0,88.0,226.0,19:50:16 687
+1,269.0,196.0,124.0,203.0,19:50:19 059
+1,283.0,176.0,50.0,207.0,19:50:19 191
+1,277.0,192.0,42.654697,207.86217,19:50:21 043
+1,263.0,149.0,72.0,138.0,19:50:23 065
-1,116.0,224.0,266.0,219.0,19:50:23 857
-1,116.0,214.0,259.0,205.0,19:50:24 268
-1,107.0,192.0,267.0,187.0,19:50:24 972
任务3, 结束
任务4, 开始
+2,204.0,65.0,183.21562,219.44968,19:50:32 949
＊主菜单＊,0,0,0,0,19:50:33 035
+1,303.0,164.0,111.0,194.0,19:50:36 751
+1,276.0,171.0,79.0,218.0,19:50:37 434
+1,212.0,180.0,64.0,205.0,19:50:38 290
+1,273.0,173.0,47.0,235.0,19:50:40 128
-1,115.0,162.0,267.0,177.0,19:50:40 629
+1,268.0,160.0,176.0,176.0,19:50:41 065
+1,197.0,183.0,79.0,207.0,19:50:41 781
0,211.0,214.0,211.0,214.0,19:50:43 542
下载,0,0,0,0,19:50:43 578
+2,178.0,71.0,178.0,278.75916,19:50:49 063
任务4, 结束
＊主菜单＊,0,0,0,0,19:50:49 672
-1,60.0,163.0,295.0,200.0,19:50:54 248
0,185.0,46.0,185.0,46.0,19:50:54 670
-1,212.0,61.0,254.0,96.0,19:50:55 333
0,130.0,214.0,130.0,214.0,19:50:55 427
-1,104.0,185.0,262.0,187.0,19:50:57 141
0,95.0,241.0,95.0,241.0,19:50:57 572
0,108.0,227.0,108.0,227.0,19:50:59 536
视频,0,0,0,0,19:50:59 581
+1,268.0,189.0,86.34496,216.22084,19:51:01 554
+1,291.0,204.0,85.0,196.0,19:51:03 072
-1,97.0,199.0,296.41495,206.89662,19:51:03 246
-1,98.0,182.0,294.0,176.0,19:51:03 994
任务5, 开始
任务5, 结束
＊＊＊＊＊＊＊＊＊＊＊＊＊＊＊＊＊＊＊＊＊＊＊＊＊＊＊＊＊＊
