任务1, 开始
+2,180.0,73.0,193.24304,284.96286,19:53:57 605
＊主菜单＊,0,0,0,0,19:53:58 132
0,216.0,103.0,216.0,103.0,19:53:59 336
音乐,0,0,0,0,19:53:59 373
+1,305.0,171.0,145.57675,182.19324,19:54:02 500
+1,259.0,166.0,139.33324,151.21051,19:54:04 142
任务1, 结束
+2,143.0,28.0,149.0,280.0,19:54:13 541
＊主菜单＊,0,0,0,0,19:54:13 604
+1,258.0,169.0,159.0,205.0,19:54:15 781
+1,246.0,156.0,69.0,194.0,19:54:17 171
+1,292.0,197.0,87.0,234.0,19:54:18 582
0,222.0,231.0,222.0,231.0,19:54:19 449
下载,0,0,0,0,19:54:19 536
任务2, 开始
+2,169.0,18.0,177.0,248.0,19:54:31 468
＊主菜单＊,0,0,0,0,19:54:31 536
+2,147.0,30.0,190.82492,299.04462,19:54:31 967
-1,29.0,189.0,270.12906,212.56088,19:54:33 495
+1,247.0,143.0,154.0,180.0,19:54:34 540
+1,291.0,183.0,138.0,182.0,19:54:35 393
0,215.0,228.0,215.0,228.0,19:54:36 311
下载,0,0,0,0,19:54:36 366
任务2, 结束
任务3, 开始
+2,201.0,99.0,143.2668,304.86453,19:54:48 642
＊主菜单＊,0,0,0,0,19:54:48 704
-1,121.0,189.0,300.0,202.0,19:54:51 676
-1,111.0,188.0,295.0,183.0,19:54:52 918
-1,146.0,182.0,259.0,181.0,19:54:54 451
-1,144.0,153.0,307.0,165.0,19:54:55 779
-1,142.0,178.0,267.0,186.0,19:54:56 541
-1,141.0,201.0,219.0,184.0,19:54:59 656
0,103.0,219.0,103.0,219.0,19:55:00 641
短信息,0,0,0,0,19:55:00 675
+1,211.0,106.0,140.24872,176.09749,19:55:06 130
+1,286.0,182.0,113.72521,236.49236,19:55:07 459
-1,97.0,181.0,290.0,188.0,19:55:08 152
-1,147.0,185.0,293.3951,178.47438,19:55:09 774
0,225.0,63.0,225.0,63.0,19:55:10 884
0,217.0,97.0,217.0,97.0,19:55:11 840
+1,295.0,141.0,103.61078,195.66792,19:55:14 593
-1,133.0,178.0,276.0,189.0,19:55:17 587
+1,305.0,164.0,132.9504,180.0,19:55:18 190
任务3, 结束
任务4, 开始
+2,186.0,29.0,175.4456,280.68414,19:55:33 593
＊主菜单＊,0,0,0,0,19:55:33 671
-1,68.0,178.0,307.0,169.0,19:55:36 208
0,104.0,113.0,104.0,113.0,19:55:37 024
健康运动,0,0,0,0,19:55:37 070
+1,265.0,194.0,143.0,227.0,19:55:39 712
+1,285.0,197.0,121.89626,188.93109,19:55:40 629
+1,262.0,143.0,108.0,184.0,19:55:41 430
+1,263.0,187.0,44.62714,234.80397,19:55:42 209
+1,289.0,195.0,80.0,190.0,19:55:43 049
+1,292.0,165.0,57.0,190.0,19:55:45 582
-1,180.0,92.0,221.41888,237.2917,19:55:49 971
+2,178.0,41.0,181.0,253.0,19:55:51 200
＊主菜单＊,0,0,0,0,19:55:51 312
0,207.0,111.0,207.0,111.0,19:55:53 658
睡眠,0,0,0,0,19:55:53 699
+1,294.0,165.0,113.12088,180.31319,19:55:57 354
+1,278.0,172.0,36.75807,215.17265,19:55:58 076
任务4, 结束
0,155.0,62.0,155.0,62.0,19:56:06 092
任务5, 开始
+2,166.0,38.0,162.18916,216.4462,19:56:08 094
＊主菜单＊,0,0,0,0,19:56:08 134
+1,296.0,163.0,131.46335,198.87643,19:56:10 688
+1,296.0,170.0,214.0,142.0,19:56:11 160
+1,267.0,163.0,137.0,143.0,19:56:12 164
+1,284.0,153.0,105.0,176.0,19:56:13 952
0,216.0,221.0,216.0,221.0,19:56:14 916
笔记,0,0,0,0,19:56:14 959
+1,303.0,174.0,173.60611,181.10504,19:56:17 569
+1,297.0,146.0,154.22278,178.06477,19:56:22 537
-1,128.0,176.0,312.93036,193.34612,19:56:24 464
+1,264.0,166.0,110.0,191.0,19:56:25 504
+1,263.0,145.0,190.14032,156.8678,19:56:29 076
+1,270.0,156.0,157.9759,165.36288,19:56:30 056
-1,113.0,188.0,254.0,218.0,19:56:33 618
-1,133.0,179.0,307.0,177.0,19:56:38 173
-1,141.0,147.0,302.0,147.0,19:56:39 152
+1,295.0,162.0,132.0,167.0,19:56:39 486
+1,259.0,129.0,99.21722,177.19228,19:56:39 825
+1,282.0,187.0,89.79289,215.27603,19:56:40 178
+1,269.0,196.0,125.0,187.0,19:56:40 492
任务5, 结束
＊＊＊＊＊＊＊＊＊＊＊＊＊＊＊＊＊＊＊＊＊＊＊＊＊＊＊＊＊＊
