任务1, 开始
-1,223.0,182.0,258.48276,60.03446,17:26:10 867
任务1, 结束
+2,221.0,66.0,216.924,269.20203,17:26:16 605
＊主菜单＊,0,0,0,0,17:26:16 645
任务2, 开始
+1,292.0,155.0,169.0,185.0,17:26:24 997
-1,104.0,159.0,277.0,157.0,17:26:25 799
-1,92.0,155.0,315.5,145.0,17:26:26 746
-1,103.0,189.0,283.0,188.0,17:26:28 231
-1,139.0,154.0,302.0,175.0,17:26:29 378
-1,109.0,188.0,275.6838,176.75441,17:26:31 880
0,102.0,218.0,102.0,218.0,17:26:34 794
短信息,0,0,0,0,17:26:34 835
-1,147.0,180.0,278.50284,180.0,17:26:38 300
+1,291.0,157.0,176.0,194.0,17:26:38 895
-1,127.0,194.0,280.90195,179.00516,17:26:40 101
-1,125.0,195.0,299.0,191.0,17:26:44 815
0,197.0,88.0,197.0,88.0,17:26:47 914
-1,101.0,185.0,307.0,175.92303,17:26:50 765
-1,135.0,143.0,294.20917,134.65273,17:27:01 287
+1,272.0,132.0,182.0,139.0,17:27:01 633
+2,249.0,82.0,231.86465,271.87262,17:27:05 800
＊主菜单＊,0,0,0,0,17:27:05 903
+1,290.0,157.0,180.0,185.0,17:27:08 980
0,210.0,134.0,210.0,134.0,17:27:09 796
联系人,0,0,0,0,17:27:09 934
+1,274.0,148.0,167.0,156.0,17:27:12 852
+1,271.0,143.0,170.36986,155.21654,17:27:13 696
+1,240.0,152.0,191.25415,160.97949,17:27:14 494
+1,267.0,152.0,132.74725,152.60379,17:27:15 495
任务2, 结束
+2,236.0,58.0,246.55168,238.93144,17:27:23 995
＊主菜单＊,0,0,0,0,17:27:24 121
任务3, 开始
-1,143.0,182.0,299.19724,159.0,17:27:27 073
-1,134.0,161.0,300.0,151.0,17:27:28 642
-1,107.0,158.0,288.47485,135.51544,17:27:28 941
+1,262.0,150.0,114.31974,191.94186,17:27:30 492
+1,288.0,173.0,176.0,194.0,17:27:32 935
+1,295.0,163.0,195.87003,183.94896,17:27:35 387
+1,276.0,173.0,182.0,186.0,17:27:36 548
0,215.0,229.0,215.0,229.0,17:27:39 255
笔记,0,0,0,0,17:27:39 295
+1,289.0,145.0,177.0,147.0,17:27:41 795
+1,289.0,179.0,139.0,208.0,17:27:48 241
-1,147.0,206.0,296.72308,182.82657,17:27:53 955
+1,263.0,177.0,165.99222,193.45273,17:28:01 599
+1,265.0,179.0,142.82762,199.29749,17:28:02 444
任务3, 结束
任务4, 开始
+2,200.0,59.0,191.78018,239.60367,17:28:20 685
＊主菜单＊,0,0,0,0,17:28:20 765
-1,104.0,164.0,277.5,153.5,17:28:23 428
0,209.0,114.0,209.0,114.0,17:28:24 793
音乐,0,0,0,0,17:28:24 828
+1,275.0,140.0,175.0,171.0,17:28:27 961
+1,265.0,148.0,153.0,182.0,17:28:29 186
-1,102.0,158.0,195.8416,149.0,17:28:37 194
+1,280.0,152.0,142.20319,190.45094,17:28:38 696
-1,111.0,178.0,297.61862,137.17636,17:28:39 270
+1,266.0,154.0,129.48943,182.82361,17:28:39 856
任务4, 结束
任务5, 开始
+2,214.0,64.0,185.72758,249.96075,17:28:48 304
＊主菜单＊,0,0,0,0,17:28:48 343
-1,98.0,185.0,264.0,161.0,17:28:50 977
-1,110.0,178.0,275.04544,151.60823,17:28:51 865
-1,134.0,163.0,297.72006,144.20592,17:28:52 584
0,99.0,115.0,99.0,115.0,17:28:54 349
健康运动,0,0,0,0,17:28:54 383
+2,221.0,71.0,240.77524,238.86058,17:28:57 300
＊主菜单＊,0,0,0,0,17:28:57 335
0,215.0,106.0,215.0,106.0,17:28:59 040
睡眠,0,0,0,0,17:28:59 077
+1,275.0,144.0,134.0,159.0,17:29:02 646
任务5, 结束
＊＊＊＊＊＊＊＊＊＊＊＊＊＊＊＊＊＊＊＊＊＊＊＊＊＊＊＊＊＊
+2,114.0,54.0,158.34494,292.10373,17:29:09 813
＊主菜单＊,0,0,0,0,17:29:09 852
0,163.0,95.0,163.0,95.0,17:29:10 209
