任务1, 开始
-1,102.0,125.0,272.5756,113.30252,17:17:54 803
+2,187.0,62.0,221.0,296.0,17:17:55 442
＊主菜单＊,0,0,0,0,17:17:55 501
+1,262.0,154.0,70.0,160.0,17:17:59 664
+1,274.0,152.0,65.0,173.0,17:18:01 001
+1,265.0,150.0,115.0,189.0,17:18:02 406
0,120.0,238.0,120.0,238.0,17:18:03 798
视频,0,0,0,0,17:18:03 924
+1,298.0,143.0,91.837715,107.0,17:18:06 110
任务1, 结束
+2,198.0,61.0,230.94467,273.50125,17:18:13 145
＊主菜单＊,0,0,0,0,17:18:13 186
任务2, 开始
0,126.0,221.0,126.0,221.0,17:18:23 688
视频,0,0,0,0,17:18:23 732
+1,281.0,146.0,91.0,147.0,17:18:26 611
0,235.0,223.0,235.0,223.0,17:18:33 750
+1,280.0,154.0,83.253784,144.17294,17:18:34 235
-1,55.0,133.0,316.0858,138.0,17:18:34 856
+1,239.0,182.0,132.5,174.5,17:18:36 347
+2,198.0,91.0,178.55618,277.65738,17:18:42 342
＊主菜单＊,0,0,0,0,17:18:42 420
+1,274.0,170.0,81.0,183.0,17:18:45 704
+1,268.0,172.0,91.0,144.0,17:18:45 936
+1,268.0,146.0,105.0,152.0,17:18:47 083
-1,116.0,167.0,283.0,156.0,17:18:48 911
-1,108.0,187.0,262.0,187.0,17:18:49 724
-1,100.0,184.0,259.0,151.0,17:18:51 085
-1,88.0,168.0,294.86102,136.63838,17:18:52 250
+1,267.0,176.0,121.0,191.0,17:18:53 536
0,109.0,212.0,109.0,212.0,17:18:54 303
视频,0,0,0,0,17:18:54 342
+1,286.0,151.0,102.0,180.0,17:18:56 769
-1,90.0,195.0,286.8724,156.8151,17:19:09 483
+1,292.0,159.0,92.0,185.0,17:19:11 309
0,184.0,237.0,184.0,237.0,17:19:13 090
-1,101.0,142.0,265.0,143.0,17:19:14 654
-1,92.0,161.0,347.0677,152.0,17:19:15 632
+2,218.0,54.0,192.5376,273.21173,17:19:16 468
＊主菜单＊,0,0,0,0,17:19:16 508
+1,293.0,148.0,144.05655,177.95634,17:19:19 584
-1,110.0,185.0,289.86633,179.87312,17:19:20 596
-1,104.0,170.0,302.0,158.0,17:19:21 616
-1,96.0,178.0,289.0,144.0,17:19:22 652
-1,110.0,153.0,305.0,137.0,17:19:23 424
-1,117.0,157.0,297.76486,135.85835,17:19:25 054
+1,289.0,154.0,153.0,187.0,17:19:25 692
+1,272.0,153.0,114.0,193.0,17:19:26 911
+1,297.0,158.0,114.89342,197.5674,17:19:28 090
-1,92.0,171.0,303.0,163.0,17:19:29 104
+1,302.0,168.0,136.75594,193.08679,17:19:30 523
0,133.0,219.0,133.0,219.0,17:19:31 895
视频,0,0,0,0,17:19:31 938
+1,289.0,166.0,99.83598,188.367,17:19:34 645
+1,282.0,152.0,74.0,191.0,17:19:39 847
-1,104.0,153.0,328.13742,141.76251,17:19:40 502
+2,211.0,74.0,217.18459,259.31113,17:19:41 752
＊主菜单＊,0,0,0,0,17:19:41 855
0,200.0,223.0,200.0,223.0,17:19:44 654
相册,0,0,0,0,17:19:44 692
+1,271.0,166.0,150.0,179.0,17:19:46 050
0,219.0,98.0,219.0,98.0,17:19:48 618
0,224.0,119.0,224.0,119.0,17:19:50 096
+1,245.0,158.0,111.0,178.0,17:19:51 147
-1,134.0,198.0,344.32913,184.08754,17:19:53 673
任务2, 结束
+2,169.0,69.0,173.0,280.0,17:19:57 950
＊主菜单＊,0,0,0,0,17:19:58 023
任务3, 开始
-1,59.0,153.0,323.0141,137.14151,17:20:07 111
-1,85.0,189.0,290.0,153.0,17:20:08 078
-1,95.0,217.0,302.0,152.0,17:20:08 750
0,99.0,113.0,99.0,113.0,17:20:11 651
健康运动,0,0,0,0,17:20:12 656
0,270.0,176.0,270.0,176.0,17:20:19 443
0,116.0,123.0,116.0,123.0,17:20:20 094
0,233.0,128.0,233.0,128.0,17:20:21 144
+2,215.0,101.0,230.0,252.0,17:20:22 602
＊主菜单＊,0,0,0,0,17:20:22 769
+1,223.0,190.0,105.0,197.0,17:20:23 132
-1,107.0,175.0,310.0,157.0,17:20:25 957
0,104.0,117.0,104.0,117.0,17:20:26 892
健康运动,0,0,0,0,17:20:26 930
-2,225.0,232.0,223.05766,81.0,17:20:29 114
+1,267.0,157.0,90.5,180.0,17:20:30 347
-1,100.0,178.0,304.75082,181.56229,17:20:31 349
-1,176.0,234.0,211.0,99.0,17:20:32 258
+2,223.0,95.0,217.0587,262.44165,17:20:32 842
＊主菜单＊,0,0,0,0,17:20:32 919
+1,294.0,154.0,115.0,147.0,17:20:33 384
-1,142.0,185.0,299.0,168.0,17:20:35 541
0,131.0,183.0,131.0,183.0,17:20:38 143
运动秒表,0,0,0,0,17:20:38 187
0,113.0,232.0,113.0,232.0,17:20:38 796
+1,302.0,147.0,116.374825,185.48569,17:20:41 658
-2,203.0,260.0,217.5,-2.0,17:20:41 994
+2,173.0,102.0,172.5,300.0,17:20:43 192
＊主菜单＊,0,0,0,0,17:20:43 232
-1,95.0,202.0,305.0,172.0,17:20:46 305
0,104.0,122.0,104.0,122.0,17:20:46 650
健康运动,0,0,0,0,17:20:46 693
+2,227.0,100.0,247.73357,259.8668,17:20:50 050
＊主菜单＊,0,0,0,0,17:20:50 095
+1,273.0,169.0,150.0,169.0,17:20:52 690
+1,288.0,165.0,126.0,173.0,17:20:53 391
+1,285.0,141.0,144.0,176.0,17:20:54 425
+1,269.0,152.0,164.0,182.0,17:20:55 461
+1,293.0,138.0,143.00499,156.89081,17:20:57 006
+1,292.0,152.0,167.0,176.0,17:20:58 442
0,121.0,97.0,121.0,97.0,17:21:01 406
系统设置,0,0,0,0,17:21:01 451
+2,127.0,108.0,166.81079,278.6081,17:21:04 668
＊主菜单＊,0,0,0,0,17:21:04 705
-1,132.0,198.0,169.0,50.0,17:21:05 475
+1,255.0,151.0,110.0,155.0,17:21:07 116
+1,293.0,159.0,71.21359,141.1165,17:21:08 536
-1,105.0,177.0,319.0,131.5,17:21:08 937
-1,120.0,172.0,285.0,173.0,17:21:09 699
-1,80.0,173.0,300.0,155.0,17:21:10 708
-1,93.0,172.0,287.0,140.0,17:21:11 589
-1,91.0,184.0,268.0,157.0,17:21:12 508
-1,78.0,180.0,290.0,160.0,17:21:13 681
0,102.0,126.0,102.0,126.0,17:21:16 667
健康运动,0,0,0,0,17:21:16 704
-1,238.0,136.0,270.0,225.97504,17:21:20 556
-1,106.0,179.0,315.59406,174.33716,17:21:23 667
+2,210.0,58.0,206.03806,291.07288,17:21:25 496
＊主菜单＊,0,0,0,0,17:21:25 538
0,106.0,238.0,106.0,238.0,17:21:27 726
运动秒表,0,0,0,0,17:21:27 774
+1,297.0,174.0,135.589,168.9315,17:21:30 639
-1,102.0,184.0,257.0,150.0,17:21:30 679
+1,266.0,157.0,117.75035,212.32976,17:21:31 516
+2,205.0,114.0,214.5,287.0,17:21:32 755
＊主菜单＊,0,0,0,0,17:21:32 875
0,109.0,138.0,109.0,138.0,17:21:35 786
0,103.0,110.0,103.0,110.0,17:21:37 052
健康运动,0,0,0,0,17:21:37 090
+1,289.0,178.0,33.5,183.0,17:21:42 150
+1,276.0,163.0,53.303535,183.09497,17:21:43 675
任务3, 结束
任务4, 开始
+2,200.0,68.0,216.5,276.0,17:21:52 157
＊主菜单＊,0,0,0,0,17:21:52 197
+1,302.0,160.0,53.352306,183.1176,17:21:55 285
0,279.0,158.0,279.0,158.0,17:21:57 762
0,218.0,223.0,218.0,223.0,17:21:57 810
邮箱,0,0,0,0,17:21:57 869
+1,279.0,144.0,88.0,173.0,17:22:01 284
-1,106.0,195.0,291.0,186.0,17:22:02 497
0,81.0,94.0,81.0,94.0,17:22:03 206
+1,292.0,186.0,86.36844,187.39009,17:22:04 652
-1,122.0,180.0,306.0,154.0,17:22:05 300
+1,307.0,159.0,76.65099,186.3795,17:22:12 857
+1,305.0,167.0,101.39004,186.0,17:22:13 796
+1,284.0,153.0,72.93699,170.0,17:22:15 404
+1,262.0,170.0,171.60654,182.0,17:22:18 655
+1,297.0,197.0,96.0,210.0,17:22:19 936
任务4, 结束
+2,205.0,68.0,214.53868,290.9113,17:22:26 249
＊主菜单＊,0,0,0,0,17:22:26 289
+1,294.0,142.0,137.0,151.0,17:22:29 471
+1,242.0,144.0,129.0,135.0,17:22:30 746
+1,295.0,151.0,135.9134,180.4935,17:22:32 700
+1,284.0,158.0,121.0,189.5,17:22:34 356
+1,294.0,158.0,138.0,182.0,17:22:35 645
0,213.0,225.0,213.0,225.0,17:22:38 663
下载,0,0,0,0,17:22:38 703
任务5, 开始
任务5, 结束
＊＊＊＊＊＊＊＊＊＊＊＊＊＊＊＊＊＊＊＊＊＊＊＊＊＊＊＊＊＊
