任务1, 开始
+1,289.0,144.0,81.0,260.0,17:11:34 261
+1,258.0,155.0,60.796116,252.41748,17:11:35 056
-1,108.0,219.0,275.0,153.0,17:11:35 971
-1,98.0,208.0,230.43512,148.81215,17:11:37 830
+1,281.0,161.0,60.0,249.0,17:11:38 801
+1,306.0,181.0,21.0,191.0,17:11:39 742
+1,272.0,154.0,59.07887,190.78137,17:11:40 650
-2,185.0,219.0,212.48277,50.792892,17:11:41 650
+1,293.0,141.0,93.22974,171.39575,17:11:42 593
-1,111.0,199.0,253.0,170.0,17:11:43 410
-1,67.0,153.0,296.0,135.0,17:11:44 321
任务1, 结束
0,121.0,114.0,121.0,114.0,17:11:49 990
健康运动,0,0,0,0,17:11:50 047
0,104.0,114.0,104.0,114.0,17:11:51 394
任务2, 开始
任务2, 结束
任务3, 开始
0,213.0,104.0,213.0,104.0,17:12:04 497
-2,148.0,281.0,233.46155,85.978004,17:12:06 048
-1,48.0,216.0,302.0,186.0,17:12:06 605
-1,67.0,197.0,340.85706,122.731674,17:12:07 128
+1,305.0,167.0,42.494473,203.11603,17:12:07 643
-1,101.0,173.0,283.0,163.0,17:12:09 004
-1,105.0,164.0,307.16916,146.722,17:12:09 646
+1,299.0,172.0,117.0,277.0,17:12:12 103
-2,186.0,198.0,213.891,17.758177,17:12:12 881
+2,173.0,90.0,175.0,290.78287,17:12:13 609
＊主菜单＊,0,0,0,0,17:12:13 682
+1,297.0,193.0,47.561634,236.50232,17:12:19 825
+1,306.0,174.0,60.0,223.0,17:12:21 005
+1,276.0,152.0,45.176517,212.6811,17:12:22 149
+1,302.0,166.0,73.0,187.0,17:12:23 822
+1,295.0,169.0,54.0,202.0,17:12:25 878
+1,274.0,162.0,60.0,204.0,17:12:27 625
0,99.0,125.0,99.0,125.0,17:12:29 546
系统设置,0,0,0,0,17:12:29 584
-2,104.0,248.0,133.5,15.0,17:12:35 093
任务3, 结束
+2,184.0,101.0,195.69955,279.64444,17:12:43 658
＊主菜单＊,0,0,0,0,17:12:43 709
任务4, 开始
+1,295.0,149.0,37.0,189.0,17:12:52 294
+2,136.0,36.0,209.0,293.5,17:12:53 327
-1,54.0,201.0,313.0,178.0,17:12:54 319
-1,47.0,219.0,299.0,171.0,17:12:55 105
-1,44.0,143.0,308.0,153.0,17:12:56 041
-1,58.0,191.0,334.341,149.77751,17:12:56 673
-1,38.0,187.0,274.0,180.0,17:12:57 987
0,217.0,100.0,217.0,100.0,17:12:58 621
微信,0,0,0,0,17:12:58 708
+1,303.0,177.0,49.0,237.0,17:13:02 346
-1,94.0,181.0,337.02252,178.5181,17:13:03 384
+1,303.0,144.0,42.12056,238.69412,17:13:04 852
+1,278.0,149.0,148.3914,140.9688,17:13:06 383
+1,301.0,152.0,55.0,255.0,17:13:07 518
-1,91.0,186.0,287.67715,147.8234,17:13:08 451
-1,130.0,179.0,306.16843,152.01341,17:13:08 939
-2,226.0,209.0,221.0,52.0,17:13:09 809
+1,289.0,165.0,70.0,184.0,17:13:12 578
+1,304.0,162.0,54.0,231.0,17:13:13 544
+1,301.0,139.0,84.0,180.0,17:13:14 671
-1,99.0,209.0,321.39517,181.6489,17:13:16 738
0,183.0,186.0,183.0,186.0,17:13:20 495
0,170.0,151.0,170.0,151.0,17:13:22 395
-1,57.0,187.0,298.0,150.0,17:13:25 098
-1,78.0,215.0,309.06873,153.15067,17:13:26 256
-1,64.0,146.0,320.0,142.5,17:13:26 947
0,216.0,215.0,216.0,215.0,17:13:29 200
-2,241.0,199.0,219.59908,40.101376,17:13:31 442
0,224.0,230.0,224.0,230.0,17:13:31 950
0,227.0,222.0,227.0,222.0,17:13:33 007
0,99.0,81.0,99.0,81.0,17:13:34 450
0,203.0,128.0,203.0,128.0,17:13:40 542
微信,0,0,0,0,17:13:40 583
0,187.0,69.0,187.0,69.0,17:13:43 647
0,219.0,91.0,219.0,91.0,17:13:44 742
0,232.0,123.0,232.0,123.0,17:13:45 552
0,251.0,86.0,251.0,86.0,17:13:46 120
0,121.0,61.0,121.0,61.0,17:13:47 906
+1,257.0,170.0,53.0,182.0,17:13:49 493
+1,300.0,156.0,56.5,173.5,17:13:52 101
+1,286.0,173.0,83.0,180.0,17:13:53 659
+1,286.0,148.0,1.0,188.0,17:13:54 884
-2,155.0,223.0,180.79259,39.017334,17:13:56 459
-1,113.0,138.0,332.79358,142.50258,17:13:57 095
-1,132.0,185.0,323.25186,124.79333,17:13:57 759
-1,118.0,108.0,317.4142,138.93109,17:13:59 355
-1,156.0,173.0,279.0,184.0,17:14:02 079
+1,226.0,172.0,57.5,213.0,17:14:06 301
+1,278.0,147.0,32.0,153.5,17:14:07 147
任务4, 结束
任务5, 开始
+2,202.0,39.0,195.16077,280.98178,17:14:27 411
＊主菜单＊,0,0,0,0,17:14:27 474
+2,185.0,81.0,205.0,277.0,17:14:28 382
-1,52.0,200.0,304.0,156.0,17:14:33 228
0,69.0,101.0,69.0,101.0,17:14:36 609
0,113.0,98.0,113.0,98.0,17:14:37 857
健康运动,0,0,0,0,17:14:37 895
0,96.0,98.0,96.0,98.0,17:14:39 162
-2,233.0,251.0,195.0,37.137833,17:14:42 601
+1,286.0,157.0,98.0,183.0,17:14:42 720
任务5, 结束
＊＊＊＊＊＊＊＊＊＊＊＊＊＊＊＊＊＊＊＊＊＊＊＊＊＊＊＊＊＊
0,258.0,226.0,258.0,226.0,17:15:52 595
