任务1, 开始
0,101.0,137.0,101.0,137.0,15:59:18 923
健康运动,0,0,0,0,15:59:18 954
+1,261.0,179.0,24.0,168.0,15:59:21 688
+1,277.0,172.0,40.42124,157.62637,15:59:22 838
+1,253.0,172.0,37.253826,196.1813,15:59:23 805
+1,295.0,170.0,79.0712,193.30125,15:59:24 645
+1,258.0,168.0,39.01383,173.85419,15:59:25 516
+2,190.0,36.0,225.0,270.0,15:59:26 684
＊主菜单＊,0,0,0,0,15:59:26 849
+1,174.0,17.0,140.0,99.48365,15:59:27 960
0,211.0,99.0,211.0,99.0,15:59:29 486
睡眠,0,0,0,0,15:59:29 526
+1,294.0,153.0,52.864468,140.86447,15:59:34 436
+1,295.0,172.0,17.22031,155.59013,15:59:36 180
+2,184.0,55.0,223.8694,254.64087,15:59:37 789
＊主菜单＊,0,0,0,0,15:59:37 832
任务1, 结束
任务2, 开始
+1,272.0,167.0,15.0,179.0,15:59:50 313
0,127.0,233.0,127.0,233.0,15:59:51 947
短信息,0,0,0,0,15:59:52 010
0,250.0,99.0,250.0,99.0,15:59:56 565
+1,273.0,145.0,23.0,151.0,15:59:57 145
+2,146.0,54.0,177.0,282.3425,16:00:03 141
＊主菜单＊,0,0,0,0,16:00:03 653
-1,96.0,169.0,283.7104,160.4819,16:00:06 389
+1,259.0,182.0,40.384552,217.84613,16:00:07 548
+1,253.0,173.0,34.0,204.0,16:00:08 549
0,126.0,125.0,126.0,125.0,16:00:09 168
电话,0,0,0,0,16:00:09 206
0,226.0,119.0,226.0,119.0,16:00:10 243
+2,154.0,25.0,189.0,278.0,16:00:11 242
＊主菜单＊,0,0,0,0,16:00:11 280
0,228.0,120.0,228.0,120.0,16:00:13 219
联系人,0,0,0,0,16:00:13 277
+1,272.0,174.0,47.0,194.0,16:00:16 140
+1,281.0,162.0,8.20463,173.73488,16:00:17 038
+1,273.0,157.0,35.0,156.0,16:00:17 946
+1,272.0,164.0,19.077007,147.6308,16:00:19 429
任务2, 结束
任务3, 开始
+2,176.0,40.0,181.0,260.0,16:00:30 671
＊主菜单＊,0,0,0,0,16:00:30 709
-1,54.0,142.0,285.0,150.0,16:00:33 327
-1,138.0,181.0,286.0,149.0,16:00:34 877
+1,280.0,212.0,7.5,170.0,16:00:36 450
+1,263.0,170.0,27.0,174.0,16:00:37 190
+1,261.0,152.0,60.0,150.0,16:00:38 062
+1,252.0,184.0,33.0,159.0,16:00:39 539
0,220.0,222.0,220.0,222.0,16:00:40 991
笔记,0,0,0,0,16:00:41 038
+1,195.0,138.0,10.81314,134.4759,16:00:44 240
+1,268.0,162.0,8.253418,153.21721,16:00:47 145
+2,194.0,105.0,234.40053,279.36075,16:00:49 385
＊主菜单＊,0,0,0,0,16:00:49 439
+2,186.0,101.0,216.67311,262.1391,16:00:50 072
任务3, 结束
任务4, 开始
+2,174.0,30.0,151.92747,246.15552,16:01:01 916
+1,232.0,214.0,39.0,193.0,16:01:03 310
+1,226.0,183.0,18.0,182.0,16:01:04 483
-1,240.0,192.0,296.0,174.0,16:01:06 097
+1,279.0,188.0,27.0,187.0,16:01:07 301
-1,135.0,137.0,294.8948,179.77113,16:01:08 658
-1,113.0,191.0,271.0,173.0,16:01:10 038
-1,109.0,175.0,241.19264,139.01573,16:01:11 191
-1,102.0,150.0,283.0,194.0,16:01:11 977
0,226.0,132.0,226.0,132.0,16:01:12 949
音乐,0,0,0,0,16:01:13 064
+1,291.0,156.0,54.535515,187.0,16:01:15 832
+1,259.0,174.0,35.92151,187.13837,16:01:16 798
任务4, 结束
任务5, 开始
+2,178.0,30.0,169.0,236.0,16:01:29 290
＊主菜单＊,0,0,0,0,16:01:29 355
-1,86.0,186.0,294.3301,135.05826,16:01:31 790
-1,94.0,159.0,312.02417,163.33897,16:01:32 704
-1,100.0,172.0,299.0,173.0,16:01:34 287
-1,146.0,186.0,303.0,176.0,16:01:35 589
+1,263.0,155.0,29.0,196.0,16:01:37 638
+1,233.0,190.0,19.78612,185.77184,16:01:38 686
+1,267.0,166.0,12.0,181.0,16:01:40 643
+1,285.0,181.0,64.0,154.0,16:01:42 727
+1,257.0,170.0,32.0,170.0,16:01:44 375
+1,291.0,155.0,75.96264,123.79253,16:01:45 854
0,215.0,220.0,215.0,220.0,16:01:47 253
下载,0,0,0,0,16:01:47 295
任务5, 结束
＊＊＊＊＊＊＊＊＊＊＊＊＊＊＊＊＊＊＊＊＊＊＊＊＊＊＊＊＊＊
