任务1, 开始
+1,240.0,152.0,58.0,161.0,15:52:24 712
+1,271.0,181.0,33.0,172.0,15:52:25 387
+1,263.0,156.0,100.03184,163.01591,15:52:26 650
+1,291.0,181.0,63.29264,198.29474,15:52:30 038
+1,260.0,134.0,89.0,183.0,15:52:31 154
-1,122.0,174.0,304.0,178.0,15:52:32 301
-1,76.0,173.0,262.0,191.0,15:52:33 193
-1,92.0,188.0,298.0,197.0,15:52:33 636
-1,118.0,159.0,298.0,190.0,15:52:34 484
-1,90.0,172.0,303.93872,190.93059,15:52:35 390
-1,92.0,160.0,300.0,203.0,15:52:36 124
-1,111.0,173.0,293.0,209.0,15:52:37 045
+1,232.0,162.0,47.0,161.0,15:52:38 941
-1,73.0,166.0,293.0,187.0,15:52:39 764
-1,72.0,157.0,257.0,195.0,15:52:40 691
+1,260.0,152.0,22.700787,179.90733,15:52:41 858
+1,274.0,167.0,52.0,156.0,15:52:42 632
+1,244.0,149.0,27.0,158.0,15:52:44 166
+1,247.0,155.0,52.0,182.0,15:52:46 412
+1,226.0,165.0,52.0,153.0,15:52:47 185
+1,256.0,151.0,42.0,160.0,15:52:48 115
+1,255.0,161.0,32.0,165.0,15:52:49 410
任务1, 结束
任务2, 开始
-1,85.0,172.0,283.0,221.0,15:53:00 788
-1,80.0,174.0,289.0,172.0,15:53:01 898
-1,60.0,181.0,261.64606,183.78552,15:53:03 051
0,102.0,237.0,102.0,237.0,15:53:04 058
视频,0,0,0,0,15:53:04 099
0,129.0,207.0,129.0,207.0,15:53:05 106
+1,264.0,161.0,30.0,193.0,15:53:06 195
+1,262.0,152.0,17.0,176.0,15:53:07 086
+1,255.0,153.0,34.0,184.0,15:53:08 448
-1,70.0,133.0,305.56903,150.81,15:53:09 090
任务2, 结束
任务3, 开始
+2,176.0,26.0,150.86217,289.65543,15:53:20 607
＊主菜单＊,0,0,0,0,15:53:20 714
+2,164.0,61.0,142.0,217.0,15:53:21 453
-1,79.0,160.0,274.0,169.0,15:53:23 550
-1,108.0,181.0,305.0,174.0,15:53:24 353
-1,94.0,144.0,265.0,196.0,15:53:24 953
-1,98.0,162.0,298.0,169.0,15:53:25 989
0,112.0,99.0,112.0,99.0,15:53:27 247
健康运动,0,0,0,0,15:53:27 286
0,110.0,109.0,110.0,109.0,15:53:28 392
+1,268.0,163.0,14.0,182.0,15:53:35 119
任务3, 结束
任务4, 开始
+2,174.0,143.0,217.18037,305.17136,15:53:50 231
＊主菜单＊,0,0,0,0,15:53:50 372
+2,138.0,89.0,148.45103,293.83072,15:53:50 996
+1,261.0,181.0,38.206383,144.34457,15:53:53 773
+1,258.0,168.0,97.0,195.0,15:53:54 253
+1,271.0,167.0,26.584173,165.81601,15:53:55 212
0,116.0,223.0,116.0,223.0,15:53:56 239
视频,0,0,0,0,15:53:56 300
+1,254.0,170.0,38.0,185.0,15:53:59 618
+2,174.0,60.0,218.81154,276.60864,15:54:01 154
＊主菜单＊,0,0,0,0,15:54:01 268
+2,171.0,45.0,181.0,265.0,15:54:01 974
+1,274.0,183.0,73.0,198.0,15:54:03 989
+1,289.0,160.0,76.0,189.0,15:54:05 254
+1,275.0,167.0,90.55186,152.16023,15:54:05 862
-1,104.0,145.0,323.60703,150.32901,15:54:07 318
-1,74.0,141.0,276.0,184.0,15:54:10 786
-1,78.0,156.0,315.26636,179.05327,15:54:12 944
-1,95.0,179.0,272.0,227.0,15:54:13 879
-1,93.0,164.0,270.0,144.0,15:54:17 284
-1,92.0,156.0,261.0,219.0,15:54:18 197
-1,103.0,170.0,278.13818,191.0,15:54:19 417
+1,290.0,176.0,22.0,180.0,15:54:21 616
+1,282.0,179.0,10.0,187.0,15:54:22 390
+1,267.0,158.0,37.0,140.0,15:54:23 069
+1,262.0,180.0,46.0,189.0,15:54:23 893
0,115.0,126.0,115.0,126.0,15:54:24 699
浏览器,0,0,0,0,15:54:24 736
任务4, 结束
+2,147.0,70.0,169.0,250.0,15:54:34 040
＊主菜单＊,0,0,0,0,15:54:34 117
任务5, 开始
+1,264.0,217.0,58.0,224.0,15:54:41 143
+1,253.0,169.0,32.0,182.0,15:54:42 304
+1,266.0,156.0,19.0,185.0,15:54:44 005
-1,104.0,156.0,305.0,148.0,15:54:44 968
-1,37.0,163.0,297.0,179.0,15:54:46 687
-1,49.0,191.0,308.5302,172.40518,15:54:48 145
-1,59.0,148.0,304.0,159.0,15:54:49 727
-1,57.0,181.0,326.52426,150.42719,15:54:51 420
-1,132.0,179.0,289.10043,145.33691,15:54:52 701
0,218.0,232.0,218.0,232.0,15:54:54 203
邮箱,0,0,0,0,15:54:54 248
+1,287.0,159.0,22.0,193.0,15:55:00 414
+1,267.0,165.0,34.0,215.0,15:55:01 467
+1,262.0,171.0,20.66369,205.42361,15:55:02 871
+1,271.0,158.0,27.16768,195.51497,15:55:05 396
+1,285.0,163.0,53.713184,162.8566,15:55:06 292
+1,283.0,170.0,53.380684,179.73807,15:55:07 404
-1,72.0,152.0,291.67282,139.0,15:55:08 467
-1,74.0,164.0,295.0,180.0,15:55:09 113
-1,55.0,184.0,259.0,157.0,15:55:10 586
0,204.0,94.0,204.0,94.0,15:55:12 476
0,138.0,94.0,138.0,94.0,15:55:13 040
+1,201.0,191.0,15.737616,166.42989,15:55:19 091
+1,267.0,150.0,14.0,146.0,15:55:20 596
-1,67.0,144.0,290.0,118.0,15:55:21 867
-1,88.0,149.0,264.0,137.0,15:55:22 301
-1,48.0,152.0,285.0,169.0,15:55:23 303
+2,200.0,25.0,246.0433,275.0866,15:55:24 149
＊主菜单＊,0,0,0,0,15:55:24 247
任务5, 结束
＊＊＊＊＊＊＊＊＊＊＊＊＊＊＊＊＊＊＊＊＊＊＊＊＊＊＊＊＊＊
-1,92.0,188.0,166.0,274.0,15:56:06 304
