任务1, 开始
+1,296.0,152.0,57.966522,249.37288,19:54:02 887
+1,270.0,151.0,110.0,214.0,19:54:04 047
+1,270.0,180.0,67.0,238.0,19:54:05 190
0,95.0,99.0,95.0,99.0,19:54:06 262
相机,0,0,0,0,19:54:06 321
+2,180.0,70.0,176.03445,247.44904,19:54:12 299
＊主菜单＊,0,0,0,0,19:54:12 343
0,223.0,224.0,223.0,224.0,19:54:14 592
相册,0,0,0,0,19:54:14 650
+1,252.0,192.0,35.079277,236.65646,19:54:17 210
+1,246.0,187.0,50.0,231.0,19:54:17 809
+1,274.0,180.0,27.006014,234.80264,19:54:18 854
-1,102.0,157.0,297.0,145.0,19:54:19 385
-1,98.0,181.0,287.0,142.0,19:54:21 361
-1,134.0,168.0,284.0,138.0,19:54:22 415
+1,187.0,198.0,62.0,227.0,19:54:22 930
-1,139.0,149.0,301.0,152.0,19:54:24 055
+1,201.0,200.0,64.0,215.0,19:54:24 638
任务1, 结束
0,213.0,106.0,213.0,106.0,19:54:28 191
+2,182.0,126.0,174.5,303.0,19:54:29 088
＊主菜单＊,0,0,0,0,19:54:29 159
任务2, 开始
+1,257.0,177.0,69.0,217.0,19:54:37 406
-1,92.0,175.0,306.0,154.0,19:54:38 028
-1,69.0,186.0,260.0,148.0,19:54:38 389
-1,83.0,186.0,260.0,171.0,19:54:39 076
+1,221.0,175.0,68.0,202.0,19:54:39 671
-1,98.0,178.0,257.0,141.0,19:54:40 919
-1,101.0,192.0,255.0,145.0,19:54:41 422
-1,107.0,178.0,296.4835,140.06891,19:54:42 423
+1,212.0,174.0,40.0,210.0,19:54:42 818
+1,260.0,147.0,53.0,222.0,19:54:43 077
+1,261.0,148.0,101.0,211.0,19:54:43 438
+1,259.0,179.0,43.0,229.0,19:54:43 795
+1,253.0,183.0,57.0,230.0,19:54:44 582
-1,124.0,196.0,258.84152,179.92896,19:54:45 479
+1,290.0,177.0,84.0,204.0,19:54:46 244
+1,226.0,185.0,86.0,226.0,19:54:46 907
+1,280.0,184.0,63.0,229.0,19:54:48 080
-1,93.0,189.0,290.0,135.0,19:54:48 856
-1,135.0,166.0,271.0,128.0,19:54:49 875
-1,59.0,178.0,245.0,147.0,19:54:50 824
-1,223.0,205.0,278.91696,75.08303,19:54:52 577
-1,63.0,180.0,258.0,138.0,19:54:53 051
-1,59.0,179.0,267.0,148.0,19:54:54 040
-1,78.0,183.0,275.0,146.0,19:54:55 321
-1,88.0,191.0,300.91537,156.322,19:54:56 861
+1,265.0,172.0,79.0,187.0,19:54:57 693
+1,284.0,181.0,160.0,236.0,19:54:59 202
+1,270.0,176.0,58.0,257.0,19:55:00 328
+1,273.0,182.0,70.0,250.0,19:55:01 717
+1,269.0,204.0,81.0,268.0,19:55:02 675
+1,281.0,189.0,71.0,241.0,19:55:03 673
+1,262.0,188.0,74.0,258.0,19:55:04 804
-1,106.0,193.0,288.0,187.0,19:55:05 718
-1,101.0,189.0,297.0,179.0,19:55:06 475
-1,95.0,184.0,301.64923,163.66292,19:55:07 260
-1,113.0,188.0,301.0,152.0,19:55:08 651
0,286.0,166.0,286.0,166.0,19:55:10 076
-2,176.0,239.0,222.43619,64.12764,19:55:10 620
-1,93.0,182.0,276.0,147.0,19:55:11 091
-1,59.0,185.0,270.0,153.0,19:55:14 174
-1,96.0,182.0,295.0,141.0,19:55:16 849
-1,93.0,189.0,137.24184,182.0,19:55:18 654
0,220.0,218.0,220.0,218.0,19:55:18 978
国际象棋,0,0,0,0,19:55:19 064
0,204.0,216.0,204.0,216.0,19:55:20 052
+1,267.0,182.0,71.0,264.0,19:55:22 810
任务2, 结束
任务3, 开始
+2,179.0,32.0,171.5,278.0,19:55:37 709
＊主菜单＊,0,0,0,0,19:55:38 236
-1,95.0,190.0,307.0,151.0,19:55:38 997
-1,130.0,175.0,271.92697,132.76463,19:55:39 514
+1,218.0,184.0,74.31411,185.483,19:55:39 851
+1,283.0,181.0,71.0,239.0,19:55:40 848
-1,138.0,175.0,289.0,174.0,19:55:42 195
+1,264.0,176.0,74.3692,232.89046,19:55:42 664
+1,248.0,180.0,63.0,224.0,19:55:43 201
+1,272.0,189.0,55.0,259.0,19:55:44 081
+1,275.0,197.0,93.0,234.0,19:55:45 438
+1,260.0,219.0,74.0,266.0,19:55:46 799
-1,64.0,182.0,222.0,188.0,19:55:47 373
0,99.0,215.0,99.0,215.0,19:55:48 244
天气,0,0,0,0,19:55:48 282
+1,255.0,192.0,57.0,256.0,19:55:53 207
+1,272.0,216.0,87.0,268.0,19:55:56 295
+1,240.0,216.0,67.0,267.0,19:55:57 508
-1,98.0,208.0,305.0,175.0,19:55:58 670
-1,118.0,218.0,295.0,188.0,19:55:59 198
+1,282.0,198.0,49.0,234.0,19:55:59 910
+1,245.0,188.0,79.0,235.0,19:56:00 345
+1,255.0,213.0,80.0,250.0,19:56:00 858
-1,106.0,223.0,285.4473,180.47885,19:56:02 004
-1,98.0,189.0,226.0,155.0,19:56:02 444
-1,173.0,182.0,296.0,175.0,19:56:03 349
+1,263.0,182.0,52.0,238.0,19:56:04 080
+1,220.0,210.0,93.0,233.0,19:56:04 507
-1,157.0,176.0,333.87042,143.01295,19:56:06 470
-1,148.0,169.0,268.0,139.0,19:56:06 784
-1,120.0,182.0,294.0,149.0,19:56:07 191
任务3, 结束
任务4, 开始
+2,181.0,67.0,166.0,257.0,19:56:17 789
＊主菜单＊,0,0,0,0,19:56:17 828
-1,107.0,184.0,291.0,116.0,19:56:19 924
-1,99.0,185.0,275.0,151.0,19:56:20 797
-1,98.0,215.0,255.0,168.0,19:56:22 576
0,103.0,211.0,103.0,211.0,19:56:23 862
新浪微博,0,0,0,0,19:56:23 904
+1,270.0,189.0,105.0,247.0,19:56:27 777
+1,238.0,221.0,83.0,240.0,19:56:28 660
-1,106.0,157.0,275.0,149.0,19:56:32 215
-1,107.0,185.0,301.0,167.0,19:56:32 801
+1,262.0,191.0,67.38042,251.28308,19:56:35 822
+1,248.0,180.0,58.0,263.0,19:56:36 254
任务4, 结束
+1,277.0,197.0,95.0,267.0,19:56:38 153
-1,98.0,223.0,259.0,186.0,19:56:39 335
-1,105.0,222.0,267.0,190.0,19:56:39 982
任务5, 开始
+2,187.0,93.0,175.5269,259.5374,19:56:56 210
＊主菜单＊,0,0,0,0,19:56:56 258
+1,254.0,189.0,90.55871,229.72984,19:56:58 099
+1,264.0,181.0,39.0,231.0,19:56:58 996
+1,225.0,214.0,59.0,245.0,19:57:00 270
+1,253.0,193.0,60.0,248.0,19:57:01 899
0,95.0,120.0,95.0,120.0,19:57:04 232
系统设置,0,0,0,0,19:57:04 270
-1,102.0,246.0,137.0,141.0,19:57:06 734
+2,100.0,114.0,128.05212,269.8919,19:57:07 094
＊主菜单＊,0,0,0,0,19:57:07 126
+1,281.0,200.0,88.0,248.0,19:57:12 671
-1,119.0,216.0,258.0,191.0,19:57:13 476
+1,278.0,194.0,67.0,250.0,19:57:14 473
-1,101.0,241.0,226.0,233.0,19:57:15 822
-1,115.0,181.0,263.0,140.0,19:57:16 642
-1,103.0,191.0,265.0,147.0,19:57:17 264
-1,99.0,188.0,300.0,151.0,19:57:18 064
-1,113.0,202.0,248.0,147.0,19:57:19 042
0,102.0,99.0,102.0,99.0,19:57:19 778
腾讯QQ,0,0,0,0,19:57:19 892
+1,258.0,183.0,94.72217,241.28171,19:57:22 727
+1,283.0,195.0,107.0,275.0,19:57:22 874
+1,271.0,221.0,73.903366,256.16956,19:57:23 751
-1,122.0,206.0,304.0,169.0,19:57:24 379
-1,137.0,186.0,299.415,154.9044,19:57:25 395
-1,102.0,214.0,314.63394,172.35341,19:57:25 954
+2,184.0,115.0,180.14597,298.57156,19:57:26 457
＊主菜单＊,0,0,0,0,19:57:26 546
-1,76.0,206.0,266.0,179.0,19:57:29 352
-1,110.0,226.0,302.0,181.0,19:57:30 214
+1,265.0,190.0,64.0,261.0,19:57:30 777
+1,291.0,196.0,99.0,274.0,19:57:31 713
+1,228.0,229.0,100.0,264.0,19:57:32 931
+1,265.0,216.0,87.0,270.0,19:57:33 992
-1,143.0,187.0,306.0,173.0,19:57:34 815
-1,117.0,186.0,284.2045,166.53085,19:57:35 006
-1,133.0,194.0,270.0,158.0,19:57:35 444
+1,224.0,233.0,154.0,260.0,19:57:36 484
+1,225.0,228.0,110.55574,278.45258,19:57:37 275
+1,259.0,218.0,99.0,266.0,19:57:38 262
+1,278.0,219.0,148.0,233.0,19:57:39 143
+1,267.0,214.0,99.0,265.0,19:57:40 155
+1,263.0,197.0,74.0,268.0,19:57:41 338
0,78.0,126.0,78.0,126.0,19:57:42 441
0,107.0,103.0,107.0,103.0,19:57:43 430
系统设置,0,0,0,0,19:57:43 488
+2,200.0,72.0,183.93109,302.1041,19:57:45 178
＊主菜单＊,0,0,0,0,19:57:45 244
-1,141.0,183.0,263.0,156.0,19:57:46 950
-1,88.0,199.0,272.0,144.0,19:57:49 026
-1,135.0,178.0,264.0,156.0,19:57:50 752
-1,159.0,186.0,292.0,173.0,19:57:52 918
+1,296.0,177.0,99.0,240.0,19:57:55 842
-1,89.0,210.0,262.0,186.0,19:57:56 560
-1,102.0,201.0,266.0,182.0,19:57:56 948
-1,118.0,199.0,264.0,180.0,19:57:57 748
-1,103.0,194.0,276.0,174.0,19:57:58 782
+1,279.0,176.0,52.0,239.0,19:57:59 356
+1,245.0,221.0,113.0,252.0,19:57:59 779
+1,240.0,235.0,76.0,277.0,19:58:00 380
+1,254.0,233.0,117.0,264.0,19:58:01 027
+1,258.0,232.0,110.0,278.0,19:58:01 973
-1,79.0,223.0,246.13617,183.91425,19:58:02 866
+1,288.0,198.0,135.0,265.0,19:58:03 727
+1,255.0,209.0,125.0,249.0,19:58:04 200
0,219.0,213.0,219.0,213.0,19:58:04 880
下载,0,0,0,0,19:58:04 993
+1,262.0,214.0,79.0,262.0,19:58:08 737
+1,264.0,219.0,79.0,274.0,19:58:08 949
+1,268.0,218.0,100.0,263.0,19:58:09 778
任务5, 结束
＊＊＊＊＊＊＊＊＊＊＊＊＊＊＊＊＊＊＊＊＊＊＊＊＊＊＊＊＊＊
+2,122.0,72.0,121.53707,292.7736,19:58:25 204
＊主菜单＊,0,0,0,0,19:58:25 262
