任务1, 开始
+2,214.0,30.0,163.13083,310.24078,20:00:54 928
+1,175.0,186.0,58.0,206.0,20:00:55 571
-1,82.0,187.0,299.0,155.0,20:00:56 825
-1,95.0,179.0,224.0,143.0,20:00:57 273
-1,58.0,184.0,298.0,151.0,20:00:57 725
-1,57.0,183.0,306.0,155.0,20:00:58 199
-1,93.0,180.0,255.0,186.0,20:00:59 186
-1,102.0,158.0,244.94164,136.91075,20:00:59 987
0,111.0,107.0,111.0,107.0,20:01:02 756
健康运动,0,0,0,0,20:01:02 795
+1,289.0,145.0,86.0,236.0,20:01:04 779
+1,284.0,179.0,63.0,208.0,20:01:05 495
+1,267.0,180.0,53.0,234.0,20:01:06 121
+1,274.0,195.0,76.0,231.0,20:01:06 607
+1,266.0,200.0,72.0,196.0,20:01:07 167
任务1, 结束
任务2, 开始
+2,166.0,57.0,135.89627,313.7599,20:01:24 151
＊主菜单＊,0,0,0,0,20:01:24 192
+1,284.0,172.0,50.0,222.0,20:01:26 886
+1,296.0,206.0,96.0,262.0,20:01:27 937
0,104.0,127.0,104.0,127.0,20:01:28 745
电话,0,0,0,0,20:01:28 785
+2,213.0,55.0,184.583,214.55064,20:01:30 474
＊主菜单＊,0,0,0,0,20:01:30 627
0,108.0,105.0,108.0,105.0,20:01:32 473
电话,0,0,0,0,20:01:32 513
0,240.0,141.0,240.0,141.0,20:01:34 391
0,215.0,131.0,215.0,131.0,20:01:36 732
0,109.0,138.0,109.0,138.0,20:01:37 508
+2,223.0,60.0,197.0,233.0,20:01:40 085
＊主菜单＊,0,0,0,0,20:01:40 172
0,221.0,105.0,221.0,105.0,20:01:42 073
联系人,0,0,0,0,20:01:42 124
+1,296.0,209.0,113.31131,259.727,20:01:44 039
-1,99.0,172.0,337.29407,165.07951,20:01:45 154
+1,266.0,174.0,75.0,191.0,20:01:45 715
+1,259.0,159.0,65.0,224.0,20:01:46 034
+1,248.0,217.0,58.0,261.0,20:01:46 525
+1,286.0,197.0,114.80858,242.69298,20:01:46 883
+1,286.0,212.0,71.0,230.0,20:01:48 056
-1,104.0,201.0,264.58838,188.15688,20:01:48 493
-1,105.0,188.0,339.12543,138.28609,20:01:50 419
-1,92.0,177.0,272.6358,133.92874,20:01:51 311
-1,67.0,181.0,303.0,155.0,20:01:52 175
+2,186.0,108.0,190.96375,309.91217,20:01:52 656
＊主菜单＊,0,0,0,0,20:01:52 714
0,120.0,116.0,120.0,116.0,20:01:55 258
电话,0,0,0,0,20:01:55 296
0,237.0,145.0,237.0,145.0,20:01:57 228
0,132.0,133.0,132.0,133.0,20:01:57 920
+1,248.0,155.0,98.0,158.0,20:01:59 054
任务2, 结束
任务3, 开始
+2,185.0,42.0,167.0,223.0,20:02:17 314
＊主菜单＊,0,0,0,0,20:02:17 377
+1,260.0,184.0,124.0,224.0,20:02:19 352
0,90.0,197.0,90.0,197.0,20:02:22 262
视频,0,0,0,0,20:02:22 299
0,139.0,228.0,139.0,228.0,20:02:22 539
+1,286.0,184.0,59.0,229.0,20:02:24 050
-1,80.0,180.0,252.55922,175.03598,20:02:24 691
任务3, 结束
任务4, 开始
+2,107.0,77.0,144.54205,243.07927,20:02:40 702
＊主菜单＊,0,0,0,0,20:02:40 751
+1,284.0,190.0,59.0,228.0,20:02:43 861
0,123.0,89.0,123.0,89.0,20:02:45 432
浏览器,0,0,0,0,20:02:45 492
+1,270.0,190.0,82.0,231.0,20:02:47 741
+1,268.0,188.0,60.0,260.0,20:02:48 994
+2,176.0,47.0,165.78383,228.34898,20:02:51 228
＊主菜单＊,0,0,0,0,20:02:51 306
+1,270.0,181.0,88.0,225.0,20:02:53 615
+1,272.0,188.0,78.21877,268.8588,20:02:54 851
+1,276.0,184.0,67.0,223.0,20:02:57 874
0,194.0,111.0,194.0,111.0,20:02:57 915
自带导航,0,0,0,0,20:02:57 953
+2,168.0,65.0,200.0964,252.07559,20:03:00 980
＊主菜单＊,0,0,0,0,20:03:01 040
+1,282.0,187.0,58.0,261.0,20:03:04 872
-1,111.0,196.0,259.0,199.0,20:03:05 199
-1,114.0,177.0,308.0,179.0,20:03:06 728
-1,132.0,138.0,324.06787,145.87898,20:03:08 550
-1,114.0,163.0,296.0,141.0,20:03:10 402
-1,139.0,199.0,306.0,181.0,20:03:11 939
-1,103.0,165.0,266.0,152.0,20:03:13 456
-1,89.0,185.0,280.0,197.0,20:03:15 160
+1,261.0,192.0,50.0,234.0,20:03:15 743
+1,287.0,195.0,110.0,254.0,20:03:20 320
+1,293.0,208.0,96.0,232.0,20:03:22 082
+1,280.0,205.0,99.0,206.0,20:03:23 537
-2,223.0,236.0,252.96735,64.58162,20:03:26 184
0,228.0,242.0,228.0,242.0,20:03:27 063
0,216.0,217.0,216.0,217.0,20:03:28 396
笔记,0,0,0,0,20:03:28 527
+1,305.0,169.0,62.0,227.0,20:03:31 271
+1,273.0,221.0,96.71048,240.81465,20:03:31 654
+2,216.0,92.0,218.0,243.0,20:03:32 306
＊主菜单＊,0,0,0,0,20:03:32 462
0,99.0,101.0,99.0,101.0,20:03:34 491
浏览器,0,0,0,0,20:03:34 742
+1,265.0,184.0,57.54391,212.8187,20:03:37 759
-1,110.0,143.0,285.0,146.0,20:03:37 872
0,125.0,184.0,125.0,184.0,20:03:38 608
0,170.0,110.0,170.0,110.0,20:03:39 607
0,157.0,170.0,157.0,170.0,20:03:40 337
0,135.0,184.0,135.0,184.0,20:03:41 107
0,288.0,166.0,288.0,166.0,20:03:41 592
0,198.0,191.0,198.0,191.0,20:03:42 704
0,70.0,170.0,70.0,170.0,20:03:43 296
+1,259.0,220.0,99.0,243.0,20:03:44 027
+1,283.0,201.0,51.369034,238.44481,20:03:45 196
+2,188.0,52.0,180.65848,274.90665,20:03:46 340
＊主菜单＊,0,0,0,0,20:03:46 379
+1,282.0,211.0,144.0,235.0,20:03:48 361
+1,263.0,193.0,93.0,236.0,20:03:49 352
+1,287.0,201.0,74.0,267.0,20:03:50 679
-1,94.0,193.0,278.52795,178.90631,20:03:51 777
-1,61.0,176.0,281.0,182.0,20:03:53 465
0,76.0,237.0,76.0,237.0,20:03:55 304
0,96.0,209.0,96.0,209.0,20:03:57 105
卡包,0,0,0,0,20:03:57 143
+1,241.0,179.0,-2.8981533,226.2702,20:04:01 204
+1,285.0,178.0,43.00607,200.55319,20:04:02 077
+1,285.0,179.0,61.869167,237.56541,20:04:02 912
+1,262.0,210.0,59.0,201.0,20:04:25 724
任务4, 结束
任务5, 开始
+2,117.0,64.0,104.0,273.0,20:04:44 621
＊主菜单＊,0,0,0,0,20:04:44 781
+1,211.0,189.0,83.0,213.0,20:04:46 459
+1,265.0,168.0,44.0,228.0,20:04:47 430
0,98.0,117.0,98.0,117.0,20:04:48 100
系统设置,0,0,0,0,20:04:48 138
+2,107.0,96.0,98.0,269.0,20:04:52 310
＊主菜单＊,0,0,0,0,20:04:52 424
0,122.0,128.0,122.0,128.0,20:04:58 268
系统设置,0,0,0,0,20:04:58 306
+2,140.0,94.0,144.12918,286.93768,20:05:02 234
＊主菜单＊,0,0,0,0,20:05:02 411
0,119.0,104.0,119.0,104.0,20:05:04 748
系统设置,0,0,0,0,20:05:04 798
+2,166.0,111.0,171.29901,279.1188,20:05:08 790
＊主菜单＊,0,0,0,0,20:05:08 859
+1,274.0,172.0,95.0,227.0,20:05:12 302
-1,110.0,184.0,294.0,191.0,20:05:12 841
+1,257.0,200.0,56.0,213.0,20:05:13 390
0,247.0,218.0,247.0,218.0,20:05:13 832
0,218.0,217.0,218.0,217.0,20:05:14 735
下载,0,0,0,0,20:05:14 777
+1,285.0,147.0,47.0,175.0,20:05:17 276
+1,289.0,179.0,33.82699,198.93109,20:05:17 937
+1,269.0,192.0,90.0,186.0,20:05:18 560
任务5, 结束
＊＊＊＊＊＊＊＊＊＊＊＊＊＊＊＊＊＊＊＊＊＊＊＊＊＊＊＊＊＊
