任务1, 开始
+2,173.0,96.0,151.51456,282.37863,20:08:14 814
＊主菜单＊,0,0,0,0,20:08:14 849
0,98.0,135.0,98.0,135.0,20:08:17 330
系统设置,0,0,0,0,20:08:17 374
任务1, 结束
任务2, 开始
+2,144.0,29.0,109.40935,326.7051,20:08:33 237
＊主菜单＊,0,0,0,0,20:08:33 278
-1,112.0,180.0,272.0,154.0,20:08:35 118
-1,96.0,154.0,346.3342,135.00354,20:08:36 988
0,226.0,229.0,226.0,229.0,20:08:38 659
笔记,0,0,0,0,20:08:38 703
+1,259.0,176.0,60.0,195.0,20:08:41 277
+1,253.0,145.0,-29.13197,198.53407,20:08:42 335
+1,259.0,189.0,37.594925,237.97975,20:08:44 769
任务2, 结束
任务3, 开始
+2,142.0,93.0,153.0,259.0,20:09:04 095
＊主菜单＊,0,0,0,0,20:09:04 173
-1,78.0,132.0,293.0,174.0,20:09:07 089
-1,17.0,184.0,302.0,140.0,20:09:08 460
-1,91.0,189.0,251.0,181.0,20:09:11 566
-1,100.0,180.0,337.0,150.5,20:09:13 717
+1,279.0,192.0,44.0,229.0,20:09:14 784
+1,256.0,174.0,50.0,221.0,20:09:15 079
+1,147.0,213.0,61.0,257.0,20:09:15 536
+1,137.0,238.0,52.763626,227.77257,20:09:15 955
+1,293.0,182.0,63.0,178.0,20:09:17 732
+1,252.0,212.0,52.0,227.0,20:09:20 699
-1,92.0,158.0,302.0,148.0,20:09:21 725
+1,256.0,164.0,56.0,197.0,20:09:22 632
+1,292.0,177.0,41.0,202.0,20:09:23 760
-1,83.0,183.0,243.70464,187.0554,20:09:24 194
-1,107.0,176.0,257.0,147.0,20:09:25 159
-1,105.0,174.0,264.0,143.0,20:09:27 227
-1,107.0,113.0,275.0,141.0,20:09:28 767
-1,97.0,179.0,285.0,154.0,20:09:29 798
-1,100.0,161.0,260.0,157.0,20:09:31 814
-1,68.0,186.0,286.0,188.0,20:09:33 092
+1,295.0,182.0,63.0,191.0,20:09:34 006
+1,222.0,179.0,37.0,236.0,20:09:34 527
+1,265.0,177.0,76.0,189.0,20:09:35 210
+1,294.0,197.0,50.3581,193.63927,20:09:36 353
0,222.0,206.0,222.0,206.0,20:09:37 004
笔记,0,0,0,0,20:09:37 102
+1,266.0,211.0,26.0,191.0,20:09:39 156
+1,261.0,186.0,39.0,194.0,20:09:39 759
+1,298.0,177.0,28.0,180.0,20:09:42 797
+1,262.0,206.0,24.0,216.0,20:09:42 833
-1,92.0,172.0,293.0,140.0,20:09:43 174
+2,163.0,98.0,143.0,271.0,20:09:44 004
＊主菜单＊,0,0,0,0,20:09:44 069
+1,136.0,253.0,98.5,218.0,20:09:46 886
0,96.0,217.0,96.0,217.0,20:09:47 504
卡包,0,0,0,0,20:09:47 546
+2,184.0,63.0,165.0,280.0,20:09:49 799
＊主菜单＊,0,0,0,0,20:09:49 846
-1,93.0,165.0,306.0,181.0,20:09:54 508
0,206.0,236.0,206.0,236.0,20:09:55 704
相册,0,0,0,0,20:09:55 744
+1,270.0,145.0,50.0,224.0,20:09:57 468
+2,194.0,37.0,149.0,259.0,20:09:58 330
＊主菜单＊,0,0,0,0,20:09:58 390
-1,119.0,146.0,298.0,147.0,20:10:00 327
0,252.0,239.0,252.0,239.0,20:10:03 341
0,223.0,181.0,223.0,181.0,20:10:04 269
支付宝,0,0,0,0,20:10:04 316
+2,157.0,88.0,217.65594,277.43344,20:10:06 446
＊主菜单＊,0,0,0,0,20:10:06 529
0,215.0,202.0,215.0,202.0,20:10:08 343
支付宝,0,0,0,0,20:10:08 392
任务3, 结束
0,113.0,141.0,113.0,141.0,20:10:13 772
任务4, 开始
+2,141.0,111.0,108.5,318.5,20:10:22 311
＊主菜单＊,0,0,0,0,20:10:22 354
-1,41.0,147.0,286.0,170.0,20:10:23 657
-1,57.0,111.0,273.41174,182.00116,20:10:24 378
0,90.0,104.0,90.0,104.0,20:10:27 134
健康运动,0,0,0,0,20:10:27 172
+1,259.0,171.0,31.0,219.0,20:10:32 775
+1,290.0,195.0,57.0,190.0,20:10:34 293
+1,287.0,189.0,57.0,198.0,20:10:34 838
+1,260.0,149.0,113.0,196.0,20:10:35 979
任务4, 结束
任务5, 开始
+2,159.0,38.0,132.0,199.0,20:10:45 866
＊主菜单＊,0,0,0,0,20:10:45 969
+1,288.0,187.0,17.0,185.0,20:10:47 945
+1,273.0,199.0,59.0,198.0,20:10:48 671
+1,269.0,228.0,91.0,187.0,20:10:49 574
0,94.0,236.0,94.0,236.0,20:10:50 559
视频,0,0,0,0,20:10:50 630
+1,262.0,183.0,53.82225,229.64087,20:10:52 336
任务5, 结束
＊＊＊＊＊＊＊＊＊＊＊＊＊＊＊＊＊＊＊＊＊＊＊＊＊＊＊＊＊＊
