任务1, 开始
0,106.0,97.0,106.0,97.0,08:08:31 234
健康运动,0,0,0,0,08:08:31 249
+1,265.0,189.0,110.0,199.0,08:08:34 656
+1,293.0,177.0,66.0,198.0,08:08:37 709
+1,293.0,159.0,104.0,208.0,08:08:41 607
+1,269.0,189.0,136.0,257.0,08:08:42 409
任务1, 结束
+2,187.0,64.0,143.60173,264.1948,08:08:49 111
＊主菜单＊,0,0,0,0,08:08:49 155
任务2, 开始
+1,279.0,176.0,114.93271,204.41049,08:09:01 724
+1,299.0,176.0,135.0,203.0,08:09:03 658
+1,307.0,161.0,132.0,176.0,08:09:05 697
+1,279.0,146.0,67.0,190.0,08:09:07 170
+1,292.0,144.0,105.0,181.0,08:09:08 719
+1,278.0,151.0,125.0,180.0,08:09:10 026
0,103.0,103.0,103.0,103.0,08:09:10 991
系统设置,0,0,0,0,08:09:11 030
任务2, 结束
+2,180.0,34.0,140.0,266.0,08:09:18 427
＊主菜单＊,0,0,0,0,08:09:18 522
任务3, 开始
+1,294.0,167.0,99.0,230.0,08:09:31 890
0,216.0,96.0,216.0,96.0,08:09:32 553
自带导航,0,0,0,0,08:09:32 610
+2,191.0,41.0,146.56302,282.71436,08:09:39 166
＊主菜单＊,0,0,0,0,08:09:39 264
+1,282.0,173.0,50.0,229.0,08:09:43 482
0,230.0,104.0,230.0,104.0,08:09:43 644
自带导航,0,0,0,0,08:09:43 726
+2,219.0,84.0,184.85767,281.25256,08:09:47 362
＊主菜单＊,0,0,0,0,08:09:47 448
-1,106.0,209.0,291.0,214.0,08:09:48 520
-1,99.0,198.0,295.0,190.0,08:09:50 116
-1,84.0,186.0,234.5,174.5,08:09:50 956
-1,120.0,202.0,285.0,207.0,08:09:52 203
-1,96.0,200.0,228.0,222.0,08:09:53 342
0,238.0,105.0,238.0,105.0,08:09:53 983
微信,0,0,0,0,08:09:54 020
+2,212.0,55.0,188.5,260.0,08:09:57 559
＊主菜单＊,0,0,0,0,08:09:57 659
-2,181.0,252.0,223.0,36.0,08:09:58 366
0,209.0,92.0,209.0,92.0,08:09:59 953
微信,0,0,0,0,08:09:59 991
+2,208.0,49.0,157.04076,287.49844,08:10:02 632
＊主菜单＊,0,0,0,0,08:10:02 671
-1,133.0,221.0,253.46823,226.4457,08:10:05 203
任务3, 结束
任务4, 开始
+1,226.0,144.0,84.0,180.0,08:10:20 345
0,217.0,97.0,217.0,97.0,08:10:21 008
微信,0,0,0,0,08:10:21 065
+1,179.0,223.0,42.21449,152.41298,08:10:25 203
+1,270.0,163.0,23.0,217.0,08:10:27 620
-1,149.0,183.0,228.0279,197.89792,08:10:28 866
+1,258.0,168.0,135.0,217.0,08:10:32 117
+1,220.0,197.0,148.0,217.0,08:10:33 076
+1,270.0,191.0,53.067963,241.91263,08:10:34 207
-1,95.0,194.0,214.0,211.0,08:10:35 320
-1,131.0,190.0,239.0,221.0,08:10:35 841
-1,140.0,175.0,325.31635,207.14925,08:10:36 503
-1,172.0,182.0,258.67297,205.03966,08:10:37 424
+1,282.0,178.0,65.74136,232.26833,08:10:38 524
+1,291.0,173.0,128.43102,195.12192,08:10:45 115
+1,238.0,189.0,100.216385,229.92427,08:10:46 574
-1,147.0,194.0,296.82428,225.14418,08:10:47 175
-1,172.0,192.0,202.37521,198.75005,08:10:47 663
-1,141.0,161.0,292.61838,189.72423,08:10:48 339
任务4, 结束
+2,171.0,32.0,148.09082,292.01865,08:10:56 800
＊主菜单＊,0,0,0,0,08:10:56 885
任务5, 开始
-1,177.0,134.0,263.0,126.0,08:11:09 191
-1,165.0,175.0,267.63196,172.30171,08:11:10 615
-1,178.0,183.0,216.0,183.0,08:11:11 358
+1,279.0,174.0,118.5,221.0,08:11:14 216
0,106.0,100.0,106.0,100.0,08:11:18 161
腾讯QQ,0,0,0,0,08:11:18 197
0,111.0,112.0,111.0,112.0,08:11:19 087
+1,263.0,175.0,88.41469,227.27083,08:11:20 141
+1,255.0,193.0,146.0,229.0,08:11:20 562
-1,113.0,190.0,218.90427,207.38086,08:11:21 326
+1,255.0,175.0,162.0,199.0,08:11:22 353
+1,221.0,193.0,127.87745,233.32121,08:11:22 741
+1,250.0,193.0,110.87133,231.69485,08:11:22 977
+2,180.0,58.0,166.66208,287.31693,08:11:24 146
＊主菜单＊,0,0,0,0,08:11:24 191
+1,279.0,176.0,129.0,228.0,08:11:26 137
+1,280.0,150.0,40.0,215.0,08:11:30 737
0,105.0,225.0,105.0,225.0,08:11:32 274
视频,0,0,0,0,08:11:32 309
+1,261.0,158.0,35.0,218.0,08:11:35 124
+1,276.0,181.0,62.114895,231.31099,08:11:36 360
任务5, 结束
＊＊＊＊＊＊＊＊＊＊＊＊＊＊＊＊＊＊＊＊＊＊＊＊＊＊＊＊＊＊
+2,176.0,42.0,141.65247,217.91031,08:11:40 500
＊主菜单＊,0,0,0,0,08:11:40 565
-1,62.0,171.0,249.0,179.0,08:11:49 993
-1,40.0,147.0,268.0,210.0,08:11:52 761
-1,95.0,150.0,250.38571,185.28957,08:11:53 413
