任务1, 开始
-1,147.0,195.0,264.0,175.0,08:21:22 289
-1,204.0,181.0,281.61154,152.77762,08:21:22 472
+1,250.0,152.0,171.0,160.0,08:21:23 276
0,197.0,99.0,197.0,99.0,08:21:23 861
音乐,0,0,0,0,08:21:23 891
+1,272.0,148.0,98.0,203.0,08:21:26 598
+1,275.0,149.0,64.84532,218.80286,08:21:27 429
-1,104.0,176.0,236.97093,119.087204,08:21:31 192
任务1, 结束
任务2, 开始
+2,139.0,74.0,178.72198,301.6814,08:21:46 630
＊主菜单＊,0,0,0,0,08:21:46 718
-1,118.0,152.0,286.0,155.0,08:21:49 724
+1,257.0,140.0,142.9218,175.03635,08:21:51 121
+1,295.0,151.0,151.0,189.0,08:21:51 557
+1,277.0,148.0,138.0,181.0,08:21:52 952
+1,296.0,139.0,97.81554,202.50485,08:21:54 003
+1,230.0,165.0,59.0,232.0,08:21:54 648
-1,122.0,161.0,276.21597,166.29631,08:21:55 460
-1,138.0,204.0,286.0,184.0,08:21:56 073
-1,121.0,145.0,258.0,119.0,08:21:57 277
-1,79.0,167.0,268.0,120.0,08:21:58 256
-1,113.0,167.0,263.0,187.0,08:21:59 775
0,75.0,229.0,75.0,229.0,08:22:01 352
0,98.0,191.0,98.0,191.0,08:22:02 599
短信息,0,0,0,0,08:22:02 663
0,96.0,216.0,96.0,216.0,08:22:03 387
-1,179.0,175.0,305.0,172.5,08:22:06 599
+1,241.0,157.0,114.06397,205.02501,08:22:07 230
+1,276.0,154.0,97.0,191.0,08:22:16 621
-1,96.0,188.0,314.7204,185.0,08:22:16 660
-1,111.0,144.0,235.78369,134.0,08:22:17 146
-1,143.0,181.0,310.1749,157.09708,08:22:17 781
+1,290.0,126.0,99.0,159.0,08:22:18 136
+1,277.0,162.0,73.423164,227.45695,08:22:18 725
+2,172.0,38.0,156.7505,285.0061,08:22:20 214
＊主菜单＊,0,0,0,0,08:22:20 332
+1,280.0,151.0,89.0,200.0,08:22:22 553
0,210.0,107.0,210.0,107.0,08:22:23 026
联系人,0,0,0,0,08:22:23 163
+1,289.0,133.0,84.5683,164.2295,08:22:25 601
+1,297.0,136.0,82.20951,184.22029,08:22:26 550
-1,143.0,133.0,311.36978,177.78691,08:22:27 162
-1,144.0,136.0,283.6728,148.81259,08:22:27 890
-1,161.0,119.0,269.41586,138.0,08:22:28 633
-1,169.0,107.0,271.8922,130.4206,08:22:28 997
+1,293.0,141.0,153.5,148.5,08:22:29 511
+1,280.0,144.0,148.49133,140.53433,08:22:29 870
+1,276.0,141.0,170.0,144.0,08:22:30 433
+1,271.0,117.0,151.5,152.0,08:22:31 955
-1,170.0,137.0,285.0,145.0,08:22:32 964
-1,179.0,119.0,293.0,120.0,08:22:33 714
-1,215.0,105.0,311.9871,131.86905,08:22:34 262
-1,218.0,144.0,305.0,143.0,08:22:34 835
-1,190.0,139.0,308.0,150.0,08:22:35 309
任务2, 结束
+2,139.0,23.0,117.14205,285.88162,08:22:43 741
＊主菜单＊,0,0,0,0,08:22:43 843
0,176.0,62.0,176.0,62.0,08:22:44 403
任务3, 开始
+1,255.0,189.0,6.3786736,207.27603,08:22:47 252
+1,230.0,168.0,79.0,226.0,08:22:47 616
+1,266.0,155.0,56.0,236.0,08:22:48 508
+1,296.0,143.0,86.0,216.0,08:22:49 350
0,212.0,231.0,212.0,231.0,08:22:51 014
下载,0,0,0,0,08:22:51 053
任务3, 结束
任务4, 开始
+1,297.0,134.0,140.29988,215.44498,08:23:01 420
+2,170.0,71.0,170.96735,293.56952,08:23:02 360
＊主菜单＊,0,0,0,0,08:23:02 427
-1,96.0,186.0,269.0,237.0,08:23:07 169
-1,65.0,231.0,212.0,191.0,08:23:08 056
-1,66.0,209.0,204.0,194.0,08:23:08 827
-1,58.0,182.0,268.0,175.0,08:23:10 019
-1,72.0,202.0,222.72827,190.12347,08:23:10 889
-1,98.0,200.0,293.4501,181.13391,08:23:11 911
0,221.0,102.0,221.0,102.0,08:23:12 824
睡眠,0,0,0,0,08:23:12 874
+1,292.0,182.0,53.06819,228.06927,08:23:16 989
+1,261.0,156.0,105.26498,152.48444,08:23:20 555
任务4, 结束
任务5, 开始
+2,175.0,51.0,133.91685,289.85565,08:23:29 465
＊主菜单＊,0,0,0,0,08:23:29 559
-1,60.0,197.0,292.3204,169.57722,08:23:32 242
-1,132.0,186.0,317.0532,143.29384,08:23:32 425
+1,291.0,203.0,98.0,235.0,08:23:34 253
+1,284.0,185.0,35.90073,235.91975,08:23:37 048
+1,266.0,181.0,52.601692,237.20235,08:23:38 793
+1,274.0,169.0,85.0,239.0,08:23:40 803
0,217.0,228.0,217.0,228.0,08:23:42 520
笔记,0,0,0,0,08:23:42 557
+1,268.0,169.0,71.20096,224.24104,08:23:45 102
+1,288.0,176.0,33.26723,261.64087,08:23:48 860
-1,122.0,173.0,275.0,191.0,08:23:51 607
+1,297.0,181.0,84.783554,258.12454,08:23:54 810
+1,290.0,191.0,124.0,229.0,08:23:55 660
+1,292.0,145.0,79.26709,235.27594,08:23:56 216
任务5, 结束
＊＊＊＊＊＊＊＊＊＊＊＊＊＊＊＊＊＊＊＊＊＊＊＊＊＊＊＊＊＊
任务1, 开始
