任务1, 开始
+1,252.0,101.0,140.89973,144.79651,08:15:21 967
+1,243.0,155.0,82.0,187.0,08:15:23 418
+1,288.0,153.0,56.0,228.0,08:15:25 258
0,91.0,216.0,91.0,216.0,08:15:25 935
视频,0,0,0,0,08:15:25 973
+1,256.0,177.0,79.102615,204.35638,08:15:27 957
任务1, 结束
+1,225.0,210.0,-18.41458,182.96591,08:15:31 565
-1,153.0,95.0,291.0,119.0,08:15:32 453
-2,143.0,253.0,181.139,12.620972,08:15:42 581
+2,178.0,35.0,176.43176,280.55826,08:15:43 471
＊主菜单＊,0,0,0,0,08:15:43 551
-1,75.0,194.0,261.0,201.0,08:15:46 164
-1,116.0,170.0,294.0,141.0,08:15:47 972
0,185.0,197.0,185.0,197.0,08:15:49 604
邮箱,0,0,0,0,08:15:49 679
0,221.0,260.0,221.0,260.0,08:15:50 433
0,187.0,207.0,187.0,207.0,08:15:50 925
0,205.0,48.0,205.0,48.0,08:15:53 598
任务2, 开始
+1,262.0,92.0,78.769554,199.62694,08:15:57 102
-1,115.0,148.0,288.0,164.0,08:15:58 377
0,144.0,71.0,144.0,71.0,08:15:59 597
0,176.0,189.0,176.0,189.0,08:16:00 315
0,192.0,171.0,192.0,171.0,08:16:01 272
0,193.0,148.0,193.0,148.0,08:16:01 435
+1,294.0,140.0,55.0,204.0,08:16:02 534
+1,292.0,152.0,100.00594,228.04558,08:16:03 201
+1,274.0,149.0,88.575905,199.21252,08:16:04 760
+1,267.0,144.0,83.17193,256.7247,08:16:06 421
+1,279.0,174.0,36.07932,259.37857,08:16:07 646
+1,268.0,172.0,24.69252,273.03528,08:16:08 572
-1,121.0,190.0,288.0,168.0,08:16:09 408
+1,223.0,113.0,38.61988,146.06927,08:16:10 263
+1,274.0,153.0,27.137108,257.24194,08:16:11 377
-1,122.0,151.0,298.5524,184.34494,08:16:12 074
-1,126.0,167.0,247.0,134.0,08:16:15 980
-1,136.0,147.0,281.3453,141.06891,08:16:21 174
-1,120.0,153.0,269.0,150.0,08:16:23 967
-1,172.0,177.0,299.0,179.0,08:16:25 737
任务2, 结束
任务3, 开始
+2,154.0,20.0,158.45366,293.0115,08:16:38 154
＊主菜单＊,0,0,0,0,08:16:38 269
-1,92.0,164.0,258.0,150.0,08:16:39 420
-1,150.0,193.0,289.0,183.0,08:16:40 315
+1,257.0,174.0,53.967686,190.00441,08:16:41 971
+1,302.0,153.0,2.832922,204.53726,08:16:44 486
+1,274.0,183.0,43.0,208.0,08:16:47 325
+1,276.0,163.0,63.0,196.0,08:16:48 909
+1,277.0,146.0,95.0,154.0,08:16:51 714
+1,271.0,148.0,69.0,225.0,08:16:53 498
0,199.0,214.0,199.0,214.0,08:16:55 271
下载,0,0,0,0,08:16:55 304
+1,265.0,155.0,32.910454,252.72525,08:17:01 575
+1,291.0,149.0,58.964447,198.58159,08:17:01 974
任务3, 结束
+2,191.0,51.0,132.04659,280.3221,08:17:09 993
＊主菜单＊,0,0,0,0,08:17:10 070
任务4, 开始
+1,290.0,143.0,89.0,194.0,08:17:16 202
-1,130.0,165.0,271.0,173.0,08:17:17 366
-1,131.0,122.0,290.92923,103.5924,08:17:19 149
-1,99.0,223.0,323.86288,184.06891,08:17:22 116
-1,128.0,185.0,271.0,191.0,08:17:23 237
-1,137.0,219.0,278.0,188.0,08:17:24 596
-1,138.0,154.0,296.04648,189.11969,08:17:25 329
-1,128.0,167.0,305.0,158.0,08:17:26 700
0,92.0,136.0,92.0,136.0,08:17:28 203
健康运动,0,0,0,0,08:17:28 255
+1,257.0,151.0,97.0,199.0,08:17:37 076
+1,257.0,153.0,62.796455,209.08366,08:17:43 044
任务4, 结束
任务5, 开始
-2,134.0,279.0,152.34494,13.481686,08:18:02 764
-2,173.0,231.0,175.28741,22.163532,08:18:04 041
+2,175.0,29.0,186.0,292.0,08:18:04 332
＊主菜单＊,0,0,0,0,08:18:04 418
+1,290.0,120.0,126.0,152.0,08:18:07 156
+1,295.0,141.0,69.0,216.0,08:18:07 593
+1,299.0,153.0,50.0,182.0,08:18:08 732
0,63.0,233.0,63.0,233.0,08:18:09 639
0,102.0,223.0,102.0,223.0,08:18:10 602
视频,0,0,0,0,08:18:10 641
+1,276.0,176.0,111.0,194.0,08:18:13 078
+1,271.0,135.0,73.0,197.0,08:18:13 485
-1,119.0,147.0,276.20197,144.81259,08:18:17 351
-1,109.0,160.0,320.6905,172.66368,08:18:18 131
+2,210.0,40.0,191.0,279.0,08:18:21 079
＊主菜单＊,0,0,0,0,08:18:21 119
+1,306.0,155.0,104.744156,198.1597,08:18:23 677
0,108.0,135.0,108.0,135.0,08:18:24 943
浏览器,0,0,0,0,08:18:25 054
+1,269.0,155.0,95.0,179.0,08:18:27 576
-1,112.0,156.0,320.0115,168.54634,08:18:28 090
任务5, 结束
＊＊＊＊＊＊＊＊＊＊＊＊＊＊＊＊＊＊＊＊＊＊＊＊＊＊＊＊＊＊
-2,140.0,242.0,191.99481,16.245594,08:19:10 622
-2,140.0,259.0,138.0,24.0,08:19:10 929
+2,151.0,40.0,137.0,271.0,08:19:11 301
＊主菜单＊,0,0,0,0,08:19:11 365
