+2,180.0,41.0,142.36256,282.40936,14:06:40 561
＊主菜单＊,0,0,0,0,14:06:40 601
任务1, 开始
+1,259.0,150.0,66.0,142.0,14:06:57 141
+1,252.0,144.0,92.0,160.0,14:06:59 263
+1,275.0,174.0,135.0,174.0,14:07:01 501
0,93.0,235.0,93.0,235.0,14:07:02 895
视频,0,0,0,0,14:07:02 934
0,103.0,234.0,103.0,234.0,14:07:03 651
+1,263.0,171.0,69.4088,194.97849,14:07:04 893
任务1, 结束
任务2, 开始
-2,207.0,277.0,189.76474,85.82604,14:07:24 917
-2,184.0,240.0,187.81898,-8.588097,14:07:26 405
-2,150.0,270.0,151.143,2.2841988,14:07:26 649
-2,131.0,202.0,139.0,48.0,14:07:27 360
-2,172.0,282.0,186.50967,66.41433,14:07:28 948
+2,217.0,34.0,187.77962,283.65067,14:07:28 988
＊主菜单＊,0,0,0,0,14:07:29 024
+2,193.0,47.0,136.5,227.0,14:07:29 603
+1,268.0,138.0,140.0,158.0,14:07:35 819
+1,279.0,149.0,41.97221,146.53148,14:07:38 036
+1,285.0,171.0,134.07494,191.56462,14:07:39 517
+1,286.0,187.0,106.0,186.0,14:07:42 476
+1,274.0,145.0,91.0,156.0,14:07:43 099
0,218.0,115.0,218.0,115.0,14:07:45 925
自带导航,0,0,0,0,14:07:45 964
0,218.0,31.0,218.0,31.0,14:07:52 133
+2,218.0,33.0,189.0,280.0,14:07:53 928
＊主菜单＊,0,0,0,0,14:07:54 450
+2,218.0,29.0,214.80519,253.28662,14:07:54 613
0,104.0,113.0,104.0,113.0,14:07:56 355
系统设置,0,0,0,0,14:07:56 394
-2,105.0,211.0,138.0,27.562643,14:08:01 416
+2,132.0,100.0,111.0,278.0,14:08:01 945
＊主菜单＊,0,0,0,0,14:08:01 985
-1,101.0,159.0,293.17337,195.3794,14:08:04 829
0,220.0,234.0,220.0,234.0,14:08:06 765
指南针,0,0,0,0,14:08:06 804
+2,217.0,34.0,179.82771,275.93146,14:08:09 060
＊主菜单＊,0,0,0,0,14:08:09 128
0,182.0,47.0,182.0,47.0,14:08:09 772
-1,98.0,165.0,136.33641,158.42804,14:08:11 495
-1,129.0,142.0,246.62552,150.7266,14:08:13 494
-1,111.0,163.0,274.15222,182.12819,14:08:14 985
-1,130.0,185.0,262.82178,177.12074,14:08:16 504
-1,101.0,157.0,150.2103,159.34335,14:08:17 235
0,110.0,159.0,110.0,159.0,14:08:20 250
+1,242.0,124.0,41.0,117.5,14:08:21 278
+1,267.0,123.0,123.0,139.0,14:08:21 872
+1,264.0,100.0,78.0,144.0,14:08:22 594
+1,267.0,109.0,99.0,119.0,14:08:23 469
+1,280.0,136.0,110.0,148.0,14:08:24 188
+1,273.0,151.0,72.0,146.0,14:08:25 160
+1,271.0,162.0,127.0,155.0,14:08:26 020
0,206.0,139.0,206.0,139.0,14:08:27 898
0,206.0,109.0,206.0,109.0,14:08:29 459
自带导航,0,0,0,0,14:08:29 499
任务2, 结束
+2,188.0,23.0,153.82735,286.7247,14:08:43 429
＊主菜单＊,0,0,0,0,14:08:43 955
任务3, 开始
0,92.0,119.0,92.0,119.0,14:08:50 951
系统设置,0,0,0,0,14:08:51 456
任务3, 结束
+2,182.0,23.0,146.58945,264.1613,14:09:01 947
＊主菜单＊,0,0,0,0,14:09:01 990
-1,58.0,170.0,279.16177,147.18723,14:09:04 240
-1,118.0,150.0,301.93442,175.1815,14:09:04 861
-1,120.0,154.0,157.0,152.0,14:09:06 954
-1,128.0,136.0,248.0,136.0,14:09:07 076
-1,122.0,161.0,253.60612,155.89899,14:09:07 163
-1,136.0,164.0,273.56747,162.89087,14:09:08 158
0,227.0,110.0,227.0,110.0,14:09:08 899
微信,0,0,0,0,14:09:09 080
任务4, 开始
+1,269.0,167.0,64.0,178.0,14:09:22 302
+1,296.0,138.0,95.0,139.0,14:09:25 917
+1,296.0,158.0,143.17897,172.72452,14:09:27 026
+1,278.0,154.0,123.05016,179.0,14:09:29 949
-1,57.0,181.0,261.2229,138.08658,14:09:30 498
-1,71.0,172.0,204.75885,177.08539,14:09:31 147
-1,65.0,183.0,237.0,165.0,14:09:31 936
-1,90.0,133.0,262.3399,165.00618,14:09:33 656
-1,69.0,165.0,254.0,154.0,14:09:35 440
-1,111.0,143.0,289.0522,114.63703,14:09:36 199
0,231.0,110.0,231.0,110.0,14:09:38 703
0,133.0,99.0,133.0,99.0,14:09:40 054
+1,293.0,146.0,110.0,141.0,14:09:41 601
0,110.0,110.0,110.0,110.0,14:09:46 040
0,220.0,117.0,220.0,117.0,14:09:54 574
微信,0,0,0,0,14:09:54 634
-2,218.0,208.0,244.5,26.5,14:09:58 448
+1,255.0,130.0,130.50807,149.65556,14:09:59 408
+1,297.0,154.0,185.0,155.0,14:10:00 443
+1,288.0,140.0,181.0,148.0,14:10:02 439
+1,265.0,143.0,130.25105,143.0,14:10:03 945
+1,262.0,177.0,99.92456,171.17114,14:10:05 947
-1,58.0,135.0,144.0,134.0,14:10:06 447
-1,76.0,177.0,193.0,179.0,14:10:07 450
-1,94.0,179.0,184.07271,192.51091,14:10:09 445
-1,73.0,159.0,265.11496,185.8106,14:10:09 946
-1,85.0,144.0,201.0,170.0,14:10:11 404
+1,269.0,144.0,156.0,162.0,14:10:14 947
+1,270.0,160.0,151.4851,161.90834,14:10:15 952
-1,124.0,147.0,263.0,161.0,14:10:18 438
任务4, 结束
任务5, 开始
+2,181.0,105.0,225.33441,264.76758,14:10:32 863
-1,100.0,158.0,132.0,155.0,14:10:34 970
+1,185.0,124.0,143.90364,135.74182,14:10:35 053
+1,261.0,150.0,103.0,169.0,14:10:35 912
+1,249.0,149.0,152.0,152.0,14:10:36 658
+1,270.0,152.0,57.0,154.0,14:10:38 545
+1,248.0,140.0,102.0,142.0,14:10:38 785
+1,280.0,151.0,136.0,150.0,14:10:39 571
-1,147.0,155.0,210.5126,175.32404,14:10:40 277
-1,108.0,175.0,168.0,179.0,14:10:40 984
-1,70.0,145.0,289.0089,96.02183,14:10:41 651
-1,134.0,155.0,270.0,109.0,14:10:42 513
-1,125.0,145.0,281.0,107.0,14:10:43 371
-1,103.0,157.0,279.0,117.0,14:10:44 277
-1,83.0,165.0,288.0,140.0,14:10:45 123
0,100.0,105.0,100.0,105.0,14:10:45 799
健康运动,0,0,0,0,14:10:45 854
任务5, 结束
＊＊＊＊＊＊＊＊＊＊＊＊＊＊＊＊＊＊＊＊＊＊＊＊＊＊＊＊＊＊
