+2,161.0,69.0,222.93423,287.51062,14:19:12 260
＊主菜单＊,0,0,0,0,14:19:12 293
任务1, 开始
-1,76.0,186.0,235.37236,105.92185,14:19:31 508
-1,122.0,215.0,298.26233,133.51038,14:19:32 270
+1,300.0,155.0,41.0,216.0,14:19:33 634
+1,262.0,155.0,90.0,190.0,14:19:34 258
+1,256.0,163.0,98.0,194.0,14:19:34 998
-1,118.0,189.0,258.31702,139.03864,14:19:35 231
-1,145.0,221.0,198.0,199.0,14:19:35 705
-1,107.0,181.0,269.0,110.0,14:19:36 534
-1,158.0,177.0,301.78308,94.10071,14:19:37 295
0,213.0,106.0,213.0,106.0,14:19:38 147
音乐,0,0,0,0,14:19:38 184
0,219.0,130.0,219.0,130.0,14:19:39 611
+1,291.0,155.0,110.63261,173.08864,14:19:41 095
+1,293.0,183.0,135.0,171.0,14:19:42 566
任务1, 结束
+2,200.0,63.0,190.3794,309.72507,14:19:51 035
＊主菜单＊,0,0,0,0,14:19:51 083
任务2, 开始
+1,238.0,147.0,131.0,228.0,14:19:59 748
+1,272.0,161.0,82.24306,155.06903,14:20:00 576
+1,297.0,147.0,48.0,171.0,14:20:03 191
+1,279.0,115.0,125.5927,151.25247,14:20:04 820
+1,257.0,139.0,40.160744,148.87308,14:20:06 593
+1,268.0,187.0,116.0,181.0,14:20:07 208
-1,77.0,187.0,152.0,146.0,14:20:07 492
-1,95.0,167.0,260.97873,141.80711,14:20:08 002
-1,75.0,172.0,292.0,144.0,14:20:10 073
-1,103.0,222.0,275.0,209.0,14:20:11 374
-1,92.0,195.0,183.98418,184.90417,14:20:12 529
0,213.0,122.0,213.0,122.0,14:20:14 037
联系人,0,0,0,0,14:20:14 134
+2,219.0,38.0,221.40935,265.40936,14:20:17 935
＊主菜单＊,0,0,0,0,14:20:18 028
-1,72.0,158.0,196.3976,111.763725,14:20:21 384
0,83.0,225.0,83.0,225.0,14:20:24 645
短信息,0,0,0,0,14:20:24 682
+1,278.0,161.0,41.67035,168.67375,14:20:30 831
+1,260.0,165.0,91.0,195.0,14:20:31 843
+2,182.0,52.0,165.09811,308.14267,14:20:35 113
＊主菜单＊,0,0,0,0,14:20:35 242
+1,302.0,156.0,123.0,138.0,14:20:37 719
0,211.0,102.0,211.0,102.0,14:20:38 890
联系人,0,0,0,0,14:20:38 930
+1,295.0,148.0,89.0,74.0,14:20:41 644
+1,252.0,149.0,109.0,142.0,14:20:42 349
+1,292.0,148.0,197.07349,146.88322,14:20:43 037
任务2, 结束
任务3, 开始
+2,139.0,43.0,126.5,268.0,14:20:54 509
＊主菜单＊,0,0,0,0,14:20:54 595
-1,60.0,145.0,255.0,137.0,14:20:57 844
-1,106.0,189.0,277.85773,177.51514,14:20:58 558
0,221.0,93.0,221.0,93.0,14:21:01 134
睡眠,0,0,0,0,14:21:01 175
+1,293.0,173.0,116.0,169.0,14:21:05 605
任务3, 结束
任务4, 开始
+1,173.0,55.0,142.62474,178.75107,14:21:16 984
0,180.0,52.0,180.0,52.0,14:21:18 259
+1,203.0,33.0,145.98952,133.65836,14:21:19 092
+2,189.0,53.0,166.67546,230.7473,14:21:19 621
＊主菜单＊,0,0,0,0,14:21:19 680
+2,228.0,46.0,213.51723,298.17337,14:21:20 467
+1,290.0,190.0,58.0,197.0,14:21:22 657
+1,232.0,158.0,94.0,156.0,14:21:23 193
+1,293.0,175.0,134.0,158.0,14:21:24 083
+1,295.0,184.0,56.0,188.0,14:21:25 235
0,224.0,236.0,224.0,236.0,14:21:25 857
笔记,0,0,0,0,14:21:25 958
+1,290.0,175.0,33.0,144.0,14:21:28 653
+1,256.0,115.0,175.52634,133.40479,14:21:31 105
-1,92.0,176.0,253.0,89.5,14:21:33 685
+1,238.0,137.0,123.0,100.0,14:21:40 043
0,264.0,70.0,264.0,70.0,14:21:47 185
+1,269.0,133.0,21.29132,140.16878,14:21:56 381
任务4, 结束
+1,184.0,37.0,143.0,170.0,14:22:10 637
+2,182.0,27.0,137.86353,227.50867,14:22:11 197
＊主菜单＊,0,0,0,0,14:22:11 314
任务5, 开始
+1,163.0,160.0,106.15783,194.33687,14:22:14 803
+1,263.0,135.0,172.0,146.0,14:22:15 471
0,240.0,231.0,240.0,231.0,14:22:16 244
0,223.0,225.0,223.0,225.0,14:22:18 607
下载,0,0,0,0,14:22:18 674
0,223.0,220.0,223.0,220.0,14:22:19 393
任务5, 结束
＊＊＊＊＊＊＊＊＊＊＊＊＊＊＊＊＊＊＊＊＊＊＊＊＊＊＊＊＊＊
