任务1, 开始
+2,145.0,31.0,175.48816,245.89627,14:41:10 398
＊主菜单＊,0,0,0,0,14:41:10 439
-1,71.0,176.0,159.58215,189.26398,14:41:12 464
-1,62.0,174.0,215.0,185.0,14:41:13 488
-1,60.0,174.0,221.0,181.0,14:41:15 662
0,108.0,148.0,108.0,148.0,14:41:16 815
0,123.0,116.0,123.0,116.0,14:41:18 549
健康运动,0,0,0,0,14:41:18 587
+1,264.0,129.0,25.0,214.0,14:41:21 315
+1,252.0,152.0,56.0,183.0,14:41:22 574
+1,260.0,149.0,23.0,193.0,14:41:23 591
+1,289.0,175.0,32.102364,229.72198,14:41:24 769
+1,271.0,181.0,34.0,220.0,14:41:25 749
任务1, 结束
任务2, 开始
+2,179.0,36.0,178.0,235.0,14:41:45 639
＊主菜单＊,0,0,0,0,14:41:45 714
+1,244.0,147.0,55.0,196.0,14:41:47 836
+1,250.0,163.0,54.0,192.0,14:41:49 840
0,220.0,121.0,220.0,121.0,14:41:50 607
联系人,0,0,0,0,14:41:50 650
+1,294.0,161.0,80.0,221.0,14:41:53 157
+1,278.0,159.0,38.0,227.0,14:41:53 794
+1,278.0,160.0,38.999638,239.31049,14:41:54 743
+1,292.0,154.0,52.26806,239.15257,14:41:56 657
-1,91.0,217.0,255.83421,191.91658,14:41:59 148
-1,69.0,185.0,230.00519,182.7772,14:42:00 108
-1,70.0,207.0,269.89456,189.74873,14:42:01 444
-1,110.0,227.0,239.38358,221.0,14:42:02 677
+2,176.0,37.0,185.71619,264.0233,14:42:05 153
＊主菜单＊,0,0,0,0,14:42:05 195
+1,268.0,175.0,100.0,199.0,14:42:08 124
-1,81.0,186.0,257.0,184.0,14:42:08 949
-1,79.0,184.0,293.0,178.0,14:42:09 610
0,124.0,220.0,124.0,220.0,14:42:10 553
短信息,0,0,0,0,14:42:10 682
+1,256.0,139.0,99.0,168.0,14:42:14 104
-1,38.0,181.0,243.50443,191.9276,14:42:15 253
0,223.0,80.0,223.0,80.0,14:42:18 004
0,209.0,152.0,209.0,152.0,14:42:19 218
0,179.0,156.0,179.0,156.0,14:42:19 999
+1,226.0,176.0,86.065384,185.06364,14:42:20 777
+1,256.0,194.0,60.0,245.0,14:42:23 834
+1,239.0,232.0,40.720436,232.0,14:42:24 794
-1,98.0,224.0,281.41232,227.48367,14:42:25 271
+1,278.0,192.0,55.0,230.0,14:42:25 901
任务2, 结束
任务3, 开始
+2,147.0,22.0,172.0,220.0,14:42:38 150
＊主菜单＊,0,0,0,0,14:42:38 188
+1,277.0,145.0,14.896505,190.7555,14:42:39 640
+1,288.0,141.0,49.0,185.0,14:42:40 443
0,94.0,226.0,94.0,226.0,14:42:41 038
视频,0,0,0,0,14:42:41 089
任务3, 结束
任务4, 开始
+2,149.0,44.0,168.0,224.0,14:42:52 693
＊主菜单＊,0,0,0,0,14:42:52 809
+1,235.0,150.0,37.0,193.0,14:42:54 940
+1,224.0,162.0,58.0,198.0,14:42:55 838
+1,277.0,154.0,60.686707,221.72322,14:42:57 616
0,220.0,122.0,220.0,122.0,14:42:59 021
自带导航,0,0,0,0,14:42:59 077
+1,265.0,178.0,27.319916,217.30202,14:43:01 797
-1,38.0,183.0,142.0,217.0,14:43:03 537
+2,167.0,26.0,200.47275,284.83652,14:43:04 163
＊主菜单＊,0,0,0,0,14:43:04 262
+1,292.0,165.0,55.0,210.0,14:43:07 433
-1,61.0,173.0,226.0,195.0,14:43:08 041
-1,66.0,155.0,231.0,153.0,14:43:09 896
0,102.0,110.0,102.0,110.0,14:43:11 155
浏览器,0,0,0,0,14:43:11 207
0,86.0,158.0,86.0,158.0,14:43:15 307
0,63.0,199.0,63.0,199.0,14:43:16 237
0,71.0,187.0,71.0,187.0,14:43:16 620
0,74.0,176.0,74.0,176.0,14:43:17 457
0,105.0,180.0,105.0,180.0,14:43:17 972
0,133.0,176.0,133.0,176.0,14:43:18 889
0,81.0,162.0,81.0,162.0,14:43:19 554
0,89.0,158.0,89.0,158.0,14:43:19 860
0,172.0,103.0,172.0,103.0,14:43:26 662
任务4, 结束
任务5, 开始
+2,151.0,25.0,191.8694,245.31439,14:43:36 675
＊主菜单＊,0,0,0,0,14:43:36 818
+1,281.0,153.0,96.0,179.0,14:43:39 129
+1,298.0,158.0,126.0,199.0,14:43:41 797
0,131.0,134.0,131.0,134.0,14:43:42 364
系统设置,0,0,0,0,14:43:42 432
+1,263.0,161.0,30.0,184.0,14:43:50 659
-2,131.0,243.0,175.77147,48.22854,14:43:50 734
+1,270.0,167.0,58.685455,229.25818,14:43:51 509
任务5, 结束
＊＊＊＊＊＊＊＊＊＊＊＊＊＊＊＊＊＊＊＊＊＊＊＊＊＊＊＊＊＊
