任务1, 开始
+1,272.0,180.0,32.0,227.0,14:35:51 083
+1,286.0,131.0,47.0,182.0,14:35:53 107
+1,179.0,180.0,11.0,184.0,14:35:53 935
+1,261.0,136.0,27.0,187.0,14:35:54 322
-1,151.0,212.0,267.0,190.0,14:35:55 659
-1,74.0,217.0,272.0,196.0,14:35:56 679
-1,96.0,186.0,305.87302,144.228,14:35:59 255
-1,94.0,182.0,219.0,192.0,14:36:01 038
-1,102.0,148.0,296.0,183.0,14:36:02 516
-1,75.0,128.0,273.0,188.0,14:36:04 285
-1,52.0,185.0,219.0,184.0,14:36:07 271
-1,72.0,152.0,213.0,187.0,14:36:09 697
任务1, 结束
任务2, 开始
0,232.0,228.0,232.0,228.0,14:36:19 588
国际象棋,0,0,0,0,14:36:19 630
+1,228.0,150.0,17.0,188.0,14:36:28 482
0,113.0,274.0,113.0,274.0,14:36:32 149
任务2, 结束
任务3, 开始
+2,165.0,28.0,182.94426,278.6829,14:36:58 964
＊主菜单＊,0,0,0,0,14:36:59 040
+1,249.0,176.0,93.0,243.0,14:37:02 872
+1,225.0,183.0,105.0,197.0,14:37:04 109
+1,257.0,174.0,67.27836,224.26468,14:37:05 114
+1,291.0,146.0,133.0,208.0,14:37:07 121
+1,211.0,182.0,46.424427,181.96735,14:37:08 505
0,106.0,233.0,106.0,233.0,14:37:09 444
天气,0,0,0,0,14:37:09 503
+1,193.0,205.0,63.795948,181.0,14:37:16 304
+1,241.0,176.0,120.0,205.0,14:37:17 939
+1,268.0,176.0,36.601566,229.1953,14:37:18 994
-1,60.0,214.0,230.0,197.0,14:37:20 025
-1,40.0,178.0,261.0,179.0,14:37:20 753
+1,226.0,194.0,60.0,208.0,14:37:22 125
任务3, 结束
任务4, 开始
+2,163.0,58.0,168.97093,258.84598,14:37:34 934
＊主菜单＊,0,0,0,0,14:37:35 038
+1,257.0,180.0,39.5,238.5,14:37:37 777
+1,273.0,154.0,83.0,221.0,14:37:39 166
+1,207.0,189.0,44.0,225.0,14:37:39 896
-1,43.0,171.0,256.56952,193.38573,14:37:40 133
-1,67.0,187.0,259.0,176.0,14:37:40 949
-1,60.0,233.0,259.0,205.0,14:37:42 128
-1,88.0,186.0,244.0,189.0,14:37:43 387
0,129.0,266.0,129.0,266.0,14:37:44 927
0,123.0,215.0,123.0,215.0,14:37:45 413
新浪微博,0,0,0,0,14:37:45 477
+1,252.0,155.0,53.193336,217.17099,14:37:50 231
+1,163.0,172.0,41.0,213.0,14:37:51 774
-1,82.0,182.0,250.05722,184.96375,14:37:52 526
任务4, 结束
任务5, 开始
+2,161.0,34.0,182.55406,246.851,14:38:02 647
＊主菜单＊,0,0,0,0,14:38:02 685
+1,205.0,207.0,62.0,244.0,14:38:04 689
0,225.0,231.0,225.0,231.0,14:38:06 385
相册,0,0,0,0,14:38:06 428
+1,226.0,200.0,48.733448,188.03015,14:38:09 409
+1,220.0,177.0,23.580858,196.50655,14:38:11 022
任务5, 结束
＊＊＊＊＊＊＊＊＊＊＊＊＊＊＊＊＊＊＊＊＊＊＊＊＊＊＊＊＊＊
