+2,183.0,39.0,180.41777,278.64578,16:05:05 864
＊主菜单＊,0,0,0,0,16:05:05 903
任务1, 开始
+1,156.0,205.0,22.624104,217.3792,16:05:48 365
-1,80.0,156.0,278.5,150.5,16:05:51 104
-1,126.0,165.0,257.0,143.0,16:05:52 284
-1,106.0,183.0,231.0,149.0,16:05:54 014
-1,101.0,164.0,215.0,148.0,16:05:55 167
-1,98.0,167.0,305.0,164.0,16:05:56 199
-1,98.0,155.0,274.0,154.0,16:05:57 627
0,224.0,231.0,224.0,231.0,16:06:06 700
国际象棋,0,0,0,0,16:06:06 762
+1,222.0,182.0,14.401574,216.78377,16:06:10 144
任务1, 结束
+2,163.0,46.0,178.54094,283.53595,16:06:20 768
＊主菜单＊,0,0,0,0,16:06:20 841
任务2, 开始
+1,254.0,175.0,54.0,210.0,16:06:25 055
+1,285.0,177.0,17.491234,205.75146,16:06:26 816
0,120.0,224.0,120.0,224.0,16:06:27 659
新浪微博,0,0,0,0,16:06:27 709
+1,290.0,198.0,65.0,263.0,16:06:30 707
+1,183.0,191.0,37.4906,237.35281,16:06:31 621
+1,197.0,180.0,95.12961,192.1217,16:06:34 559
-1,219.0,231.0,268.0,228.0,16:06:37 456
-1,110.0,209.0,295.0,181.0,16:06:38 361
+1,292.0,193.0,33.554596,229.61572,16:06:40 213
+1,271.0,191.0,24.85743,205.16322,16:06:40 652
任务2, 结束
任务3, 开始
+2,178.0,36.0,203.772,246.31601,16:07:03 251
＊主菜单＊,0,0,0,0,16:07:03 320
-1,108.0,194.0,297.0,172.0,16:07:06 230
-1,131.0,197.0,261.0,183.0,16:07:06 776
+1,242.0,176.0,92.0,187.0,16:07:07 897
+1,272.0,177.0,112.0,194.0,16:07:08 959
+1,268.0,180.0,114.0,194.0,16:07:10 011
+1,177.0,201.0,89.99246,229.27884,16:07:11 100
+1,235.0,186.0,102.0,195.0,16:07:12 171
0,131.0,223.0,131.0,223.0,16:07:13 319
天气,0,0,0,0,16:07:13 358
+1,278.0,178.0,49.0,207.0,16:07:17 319
-1,104.0,196.0,265.0,193.0,16:07:18 699
+1,154.0,202.0,65.0,233.0,16:07:22 085
+1,281.0,192.0,92.0,254.0,16:07:22 124
+1,240.0,189.0,68.46232,265.8839,16:07:23 075
+1,269.0,196.0,98.0,239.0,16:07:24 032
-1,76.0,219.0,273.0,197.0,16:07:25 064
-1,118.0,225.0,265.28067,215.20882,16:07:26 006
-1,137.0,181.0,278.0,176.0,16:07:27 313
+1,225.0,187.0,54.0,229.0,16:07:31 600
+1,245.0,215.0,58.0,237.0,16:07:31 644
-1,118.0,155.0,311.23853,151.5544,16:07:31 700
-1,96.0,185.0,301.0,155.0,16:07:31 754
任务3, 结束
任务4, 开始
+2,170.0,34.0,176.0,289.5,16:07:47 089
＊主菜单＊,0,0,0,0,16:07:47 127
+1,180.0,190.0,54.0,220.0,16:07:52 206
0,225.0,108.0,225.0,108.0,16:07:55 813
自带导航,0,0,0,0,16:07:55 863
+1,267.0,191.0,41.58492,227.9789,16:07:58 573
+1,258.0,204.0,55.53873,129.07747,16:07:59 261
+1,286.0,179.0,17.0,173.0,16:07:59 762
-1,121.0,192.0,300.0,171.0,16:08:00 111
+2,196.0,100.0,170.84723,294.51984,16:08:00 475
＊主菜单＊,0,0,0,0,16:08:00 542
+2,175.0,37.0,188.0,226.0,16:08:01 368
0,215.0,180.0,215.0,180.0,16:08:03 001
0,134.0,106.0,134.0,106.0,16:08:05 572
系统设置,0,0,0,0,16:08:05 609
-2,95.0,246.0,103.0,67.0,16:08:08 815
-2,55.0,180.0,90.5641,29.762827,16:08:09 354
+2,86.0,118.0,88.432495,272.38748,16:08:09 970
＊主菜单＊,0,0,0,0,16:08:10 038
+1,164.0,204.0,59.0,209.0,16:08:10 657
-1,103.0,184.0,259.0,183.0,16:08:13 691
-1,92.0,177.0,261.0,181.0,16:08:15 038
-1,85.0,177.0,248.0,184.0,16:08:17 051
-1,67.0,182.0,283.0,194.0,16:08:19 186
-1,41.0,189.0,263.0,181.0,16:08:20 997
-1,62.0,155.0,236.0,144.0,16:08:22 443
+1,203.0,144.0,62.0,183.0,16:08:25 173
+1,264.0,174.0,25.0,190.0,16:08:26 752
+1,198.0,188.0,70.0,214.0,16:08:31 208
+1,292.0,152.0,22.0,184.0,16:08:35 087
+1,207.0,179.0,58.0,188.0,16:08:36 960
任务4, 结束
任务5, 开始
-1,136.0,163.0,256.0,119.0,16:08:51 084
0,251.0,207.0,251.0,207.0,16:08:51 964
0,227.0,224.0,227.0,224.0,16:08:56 601
相册,0,0,0,0,16:08:56 652
+1,285.0,152.0,60.0,185.0,16:08:59 171
+1,243.0,178.0,72.0,186.0,16:09:00 428
-1,64.0,188.0,230.02292,147.22725,16:09:03 077
-1,77.0,199.0,298.70313,188.0,16:09:05 602
+1,280.0,195.0,49.0,233.0,16:09:06 418
任务5, 结束
＊＊＊＊＊＊＊＊＊＊＊＊＊＊＊＊＊＊＊＊＊＊＊＊＊＊＊＊＊＊
