任务1, 开始
-1,74.0,191.0,302.45496,177.58429,16:18:18 177
-1,76.0,192.0,295.0,185.0,16:18:18 798
0,104.0,228.0,104.0,228.0,16:18:19 697
卡包,0,0,0,0,16:18:19 739
+1,278.0,174.0,27.0,179.0,16:18:22 573
+1,271.0,178.0,56.0,189.0,16:18:22 875
+1,276.0,174.0,25.0,188.0,16:18:24 590
+1,271.0,180.0,62.0,195.0,16:18:25 570
-1,23.0,178.0,290.0,144.0,16:18:26 094
-1,34.0,177.0,272.0,131.0,16:18:26 921
-1,46.0,180.0,298.0,130.0,16:18:27 451
+2,176.0,55.0,202.0,270.0,16:18:28 323
＊主菜单＊,0,0,0,0,16:18:28 403
-1,54.0,177.0,295.0,179.0,16:18:31 642
0,233.0,232.0,233.0,232.0,16:18:33 343
相册,0,0,0,0,16:18:33 391
+1,284.0,161.0,37.0,197.0,16:18:35 329
+2,159.0,45.0,207.0,258.0,16:18:36 837
＊主菜单＊,0,0,0,0,16:18:36 892
-1,110.0,185.0,295.0,148.0,16:18:39 705
-1,77.0,177.0,300.0,161.0,16:18:40 957
-1,103.0,181.0,292.50815,177.0,16:18:45 723
+1,260.0,196.0,19.0,183.0,16:18:48 656
+1,280.0,190.0,83.0,208.0,16:18:49 132
+1,276.0,176.0,58.0,228.0,16:18:50 262
+1,288.0,191.0,48.0,197.0,16:18:51 781
+1,266.0,181.0,50.0,193.0,16:18:54 698
+1,269.0,179.0,54.0,197.0,16:18:56 974
-1,113.0,181.0,302.0,181.0,16:18:59 121
-1,61.0,191.0,295.0,198.0,16:19:01 677
-1,57.0,201.0,305.0,172.0,16:19:03 424
任务1, 结束
任务2, 开始
-1,130.0,152.0,278.0,186.0,16:19:16 632
0,220.0,218.0,220.0,218.0,16:19:17 496
支付宝,0,0,0,0,16:19:17 534
+1,282.0,176.0,38.007145,154.7266,16:19:24 576
-1,20.0,159.0,233.80159,154.2589,16:19:36 032
+1,277.0,173.0,60.0,167.0,16:19:37 249
+2,176.0,51.0,201.0,251.0,16:19:43 075
＊主菜单＊,0,0,0,0,16:19:43 114
-1,104.0,174.0,300.0,166.0,16:19:46 271
-1,126.0,176.0,254.0,184.0,16:19:47 891
+1,266.0,172.0,24.0,197.0,16:19:50 673
-1,58.0,144.0,256.0,175.0,16:19:51 163
+1,230.0,204.0,53.0,225.0,16:19:52 331
0,223.0,135.0,223.0,135.0,16:19:54 035
微信,0,0,0,0,16:19:54 149
+1,226.0,190.0,22.0,191.0,16:19:57 079
+1,275.0,151.0,10.362607,177.4456,16:19:57 921
+1,225.0,169.0,25.0,210.0,16:19:58 772
+1,277.0,167.0,49.0,186.0,16:19:59 672
+2,132.0,47.0,189.4766,250.31065,16:20:06 129
＊主菜单＊,0,0,0,0,16:20:06 171
+1,270.0,194.0,29.0,183.0,16:20:07 985
+1,283.0,145.0,44.0,157.0,16:20:10 750
+1,265.0,155.0,43.0,192.0,16:20:11 883
0,97.0,218.0,97.0,218.0,16:20:13 225
卡包,0,0,0,0,16:20:13 284
0,264.0,155.0,264.0,155.0,16:20:16 926
+1,198.0,181.0,6.5450516,210.11374,16:20:17 148
+1,245.0,178.0,48.0,192.0,16:20:17 982
+1,307.0,163.0,32.0,192.0,16:20:18 838
+2,187.0,37.0,218.0,237.5,16:20:19 842
＊主菜单＊,0,0,0,0,16:20:19 953
+1,267.0,168.0,8.029844,178.36635,16:20:22 656
-1,67.0,148.0,311.0,153.0,16:20:23 140
0,217.0,225.0,217.0,225.0,16:20:23 831
笔记,0,0,0,0,16:20:23 912
+1,278.0,153.0,61.0,178.0,16:20:26 543
+1,267.0,170.0,51.0,193.0,16:20:28 319
+2,164.0,28.0,188.1923,228.88057,16:20:31 780
＊主菜单＊,0,0,0,0,16:20:31 889
+1,271.0,183.0,20.0,197.0,16:20:34 223
0,132.0,119.0,132.0,119.0,16:20:35 322
股票,0,0,0,0,16:20:35 384
+1,268.0,188.0,60.0,155.0,16:20:37 554
+1,230.0,191.0,57.0,178.0,16:20:38 490
+1,281.0,176.0,55.919918,163.35934,16:20:39 275
+1,287.0,175.0,49.529747,169.81894,16:20:40 148
+1,290.0,172.0,44.0,149.0,16:20:40 985
+2,176.0,63.0,189.32399,259.4746,16:20:47 255
＊主菜单＊,0,0,0,0,16:20:47 381
+1,275.0,172.0,23.0,176.0,16:20:53 725
0,218.0,82.0,218.0,82.0,16:20:57 028
自带导航,0,0,0,0,16:20:57 081
0,227.0,106.0,227.0,106.0,16:20:58 106
+1,280.0,175.0,21.0,148.0,16:20:59 114
+1,282.0,171.0,113.0,164.0,16:21:00 046
+1,267.0,173.0,47.0,176.0,16:21:00 417
+1,292.0,159.0,27.40785,181.10196,16:21:01 772
+2,175.0,40.0,187.14868,248.03265,16:21:02 124
＊主菜单＊,0,0,0,0,16:21:02 221
-1,80.0,177.0,270.0,182.0,16:21:05 170
-1,98.0,219.0,309.3531,164.03265,16:21:06 328
任务2, 结束
任务3, 开始
-1,119.0,178.0,261.0,185.0,16:21:20 813
-1,99.0,156.0,253.0,149.0,16:21:21 686
-1,127.0,146.0,307.47607,156.23212,16:21:22 666
-1,76.0,171.0,281.0,178.0,16:21:23 550
-1,87.0,159.0,293.0,183.0,16:21:24 523
0,99.0,115.0,99.0,115.0,16:21:25 953
健康运动,0,0,0,0,16:21:25 993
+1,227.0,225.0,58.0,230.0,16:21:36 130
+1,271.0,176.0,9.457892,193.9673,16:21:37 171
+1,232.0,138.0,17.645702,148.08336,16:21:43 111
+1,235.0,145.0,27.131615,103.6095,16:21:47 783
任务3, 结束
+2,179.0,61.0,171.4209,293.73633,16:22:00 111
＊主菜单＊,0,0,0,0,16:22:00 159
任务4, 开始
+1,205.0,149.0,51.0,190.0,16:22:03 232
+1,278.0,174.0,24.0,181.0,16:22:04 783
+1,257.0,194.0,41.0,190.0,16:22:05 507
+1,260.0,183.0,56.0,214.0,16:22:06 420
0,212.0,214.0,212.0,214.0,16:22:07 355
笔记,0,0,0,0,16:22:07 576
0,237.0,225.0,237.0,225.0,16:22:09 232
+1,259.0,178.0,22.0,189.0,16:22:10 315
+1,275.0,178.0,58.6267,186.25014,16:22:11 391
任务4, 结束
0,199.0,115.0,199.0,115.0,16:22:27 319
任务5, 开始
+2,155.0,29.0,176.0,228.0,16:22:42 618
＊主菜单＊,0,0,0,0,16:22:42 738
-1,113.0,187.0,303.4737,179.0,16:22:45 700
0,137.0,201.0,137.0,201.0,16:22:47 445
视频,0,0,0,0,16:22:47 561
+1,280.0,195.0,36.22854,205.1306,16:22:50 088
任务5, 结束
＊＊＊＊＊＊＊＊＊＊＊＊＊＊＊＊＊＊＊＊＊＊＊＊＊＊＊＊＊＊
