+2,203.0,48.0,173.2906,296.87912,16:12:04 991
＊主菜单＊,0,0,0,0,16:12:05 128
任务1, 开始
0,103.0,220.0,103.0,220.0,16:12:26 981
视频,0,0,0,0,16:12:27 031
+1,267.0,154.0,11.309374,181.77664,16:12:29 926
+1,262.0,162.0,22.0,191.0,16:12:30 166
-1,58.0,174.0,305.0,170.0,16:12:30 669
任务1, 结束
任务2, 开始
+2,145.0,54.0,132.58177,242.05846,16:12:45 934
＊主菜单＊,0,0,0,0,16:12:45 977
-1,92.0,199.0,295.87216,178.31203,16:12:48 520
-1,93.0,183.0,291.0,178.0,16:12:48 642
+1,245.0,185.0,19.0,212.0,16:12:50 382
+1,269.0,158.0,24.0,200.0,16:12:51 811
-1,79.0,188.0,295.0,143.0,16:12:53 472
-1,55.0,172.0,297.0,167.0,16:12:54 145
0,108.0,237.0,108.0,237.0,16:12:54 919
短信息,0,0,0,0,16:12:55 062
0,227.0,202.0,227.0,202.0,16:12:58 114
+2,157.0,32.0,221.93446,264.39026,16:12:58 618
＊主菜单＊,0,0,0,0,16:12:58 686
+1,282.0,179.0,63.0,183.0,16:13:00 950
+1,226.0,186.0,43.0,198.0,16:13:02 435
+1,276.0,158.0,31.0,151.0,16:13:04 321
0,213.0,231.0,213.0,231.0,16:13:06 921
笔记,0,0,0,0,16:13:06 960
+1,269.0,202.0,34.0,186.0,16:13:09 439
+1,289.0,175.0,22.5,178.5,16:13:10 466
+2,189.0,28.0,223.0,277.0,16:13:12 971
＊主菜单＊,0,0,0,0,16:13:13 018
0,98.0,129.0,98.0,129.0,16:13:15 921
浏览器,0,0,0,0,16:13:15 959
+1,254.0,164.0,52.0,178.0,16:13:17 452
+2,171.0,29.0,182.45631,263.70874,16:13:20 766
＊主菜单＊,0,0,0,0,16:13:20 836
+1,278.0,158.0,68.0,173.0,16:13:23 568
-1,52.0,197.0,302.0,174.0,16:13:24 338
0,113.0,234.0,113.0,234.0,16:13:24 895
卡包,0,0,0,0,16:13:24 979
+1,242.0,182.0,56.276375,186.69145,16:13:27 919
+1,262.0,178.0,54.0,218.0,16:13:28 702
+1,246.0,193.0,39.0,179.0,16:13:29 554
+2,182.0,18.0,172.5,287.5,16:13:36 244
＊主菜单＊,0,0,0,0,16:13:36 381
任务2, 结束
任务3, 开始
-1,81.0,146.0,273.0,156.0,16:13:48 638
-1,54.0,178.0,274.0,183.0,16:13:49 850
0,138.0,115.0,138.0,115.0,16:13:50 772
电话,0,0,0,0,16:13:50 811
+2,159.0,50.0,200.0,271.0,16:13:53 720
＊主菜单＊,0,0,0,0,16:13:53 839
0,233.0,117.0,233.0,117.0,16:13:55 767
联系人,0,0,0,0,16:13:55 850
+1,265.0,154.0,22.679886,187.9673,16:13:58 423
+1,274.0,151.0,47.0,185.0,16:13:59 105
+1,288.0,139.0,27.0,180.0,16:13:59 919
+1,272.0,152.0,89.0,165.0,16:14:01 555
-1,76.0,157.0,301.0,156.0,16:14:02 291
-1,79.0,180.0,242.0,179.0,16:14:03 811
-1,51.0,127.0,250.0,186.0,16:14:04 962
-1,53.0,171.0,226.0,150.0,16:14:05 863
-1,61.0,189.0,264.0,181.0,16:14:06 613
+2,159.0,41.0,232.0,272.0,16:14:07 118
＊主菜单＊,0,0,0,0,16:14:07 154
0,123.0,135.0,123.0,135.0,16:14:09 435
电话,0,0,0,0,16:14:09 471
0,255.0,146.0,255.0,146.0,16:14:12 210
+1,262.0,156.0,27.0,167.0,16:14:12 705
任务3, 结束
0,306.0,132.0,306.0,132.0,16:14:20 926
任务4, 开始
+2,115.0,52.0,177.5,264.5,16:14:24 800
＊主菜单＊,0,0,0,0,16:14:24 845
-1,53.0,180.0,304.0,180.0,16:14:27 705
-1,33.0,194.0,292.0,161.0,16:14:28 454
0,132.0,121.0,132.0,121.0,16:14:29 347
0,129.0,103.0,129.0,103.0,16:14:30 758
健康运动,0,0,0,0,16:14:30 857
0,130.0,130.0,130.0,130.0,16:14:31 954
+1,244.0,184.0,23.0,200.0,16:14:33 206
+1,292.0,178.0,23.0,176.0,16:14:34 103
+1,289.0,187.0,66.38986,175.97552,16:14:35 111
+1,269.0,175.0,52.0,191.0,16:14:36 135
+1,263.0,176.0,66.0,177.0,16:14:37 218
任务4, 结束
任务5, 开始
+2,176.0,38.0,209.47838,228.2622,16:14:56 701
＊主菜单＊,0,0,0,0,16:14:56 821
+1,262.0,152.0,28.0,154.0,16:15:00 791
+1,278.0,170.0,16.0,173.0,16:15:04 115
+1,248.0,149.0,14.0,184.0,16:15:04 736
+1,299.0,173.0,47.0,210.0,16:15:05 499
+1,280.0,188.0,32.0,180.0,16:15:06 311
+1,247.0,178.0,97.0,142.0,16:15:07 350
0,212.0,226.0,212.0,226.0,16:15:08 147
下载,0,0,0,0,16:15:08 230
+1,287.0,184.0,58.0,189.0,16:15:11 000
+1,280.0,182.0,35.0,191.0,16:15:11 839
+1,290.0,178.0,30.0,195.0,16:15:12 499
任务5, 结束
＊＊＊＊＊＊＊＊＊＊＊＊＊＊＊＊＊＊＊＊＊＊＊＊＊＊＊＊＊＊
+2,134.0,37.0,140.5,255.0,16:15:25 700
＊主菜单＊,0,0,0,0,16:15:25 845
