+2,100.0,48.0,126.40818,233.40036,10:07:11 104
＊主菜单＊,0,0,0,0,10:07:11 148
任务1, 开始
+1,272.0,185.0,79.77145,202.43011,10:07:23 167
+1,268.0,154.0,51.0,198.0,10:07:24 299
+1,282.0,161.0,53.0,201.0,10:07:25 455
+1,278.0,164.0,90.0,159.0,10:07:27 251
+1,256.0,160.0,22.0,152.0,10:07:28 264
+1,262.0,138.0,25.0,153.0,10:07:29 460
0,219.0,248.0,219.0,248.0,10:07:30 075
0,215.0,231.0,215.0,231.0,10:07:32 597
下载,0,0,0,0,10:07:32 635
+1,284.0,159.0,48.520866,187.0,10:07:35 733
+1,213.0,145.0,81.0,138.0,10:07:38 783
+1,272.0,154.0,35.0,176.0,10:07:40 189
任务1, 结束
任务2, 开始
+2,181.0,90.0,200.75879,299.1041,10:08:06 834
＊主菜单＊,0,0,0,0,10:08:06 915
-1,149.0,151.0,271.0,139.0,10:08:08 931
-1,138.0,161.0,261.0,142.0,10:08:09 633
-1,124.0,162.0,272.0,132.0,10:08:10 208
-1,135.0,182.0,303.0,170.0,10:08:11 095
-1,116.0,207.0,306.0,170.0,10:08:12 405
+1,221.0,139.0,56.0,223.0,10:08:13 104
0,213.0,128.0,213.0,128.0,10:08:13 693
联系人,0,0,0,0,10:08:13 816
+1,304.0,165.0,75.0,184.0,10:08:16 650
+1,256.0,150.0,39.0,157.0,10:08:17 214
+1,275.0,185.0,20.458776,160.93987,10:08:18 057
+1,257.0,155.0,17.519,210.658,10:08:19 782
+1,271.0,153.0,66.0,180.0,10:08:20 604
-1,137.0,173.0,313.7411,139.38188,10:08:22 408
-1,133.0,194.0,261.0,159.0,10:08:23 688
-1,90.0,201.0,231.0,155.0,10:08:24 532
-1,90.0,184.0,261.0,154.0,10:08:25 481
+2,178.0,83.0,191.0,286.5,10:08:26 549
＊主菜单＊,0,0,0,0,10:08:26 668
-1,99.0,171.0,263.0,179.0,10:08:29 347
0,109.0,217.0,109.0,217.0,10:08:30 888
短信息,0,0,0,0,10:08:30 929
+1,297.0,177.0,41.0,208.0,10:08:33 568
+1,274.0,179.0,57.176727,169.6471,10:08:35 015
+1,275.0,179.0,105.70875,221.45625,10:08:35 795
+2,160.0,121.0,166.33028,295.95087,10:08:38 590
＊主菜单＊,0,0,0,0,10:08:38 633
-1,120.0,193.0,237.0,182.0,10:08:40 220
-1,102.0,223.0,303.0,173.0,10:08:42 764
+1,294.0,164.0,42.0,223.0,10:08:44 715
+1,265.0,184.0,40.064255,203.22061,10:08:46 216
-1,118.0,180.0,295.0,151.0,10:08:47 678
0,216.0,223.0,216.0,223.0,10:08:48 234
邮箱,0,0,0,0,10:08:48 345
+1,277.0,179.0,59.0,190.0,10:08:51 591
+1,291.0,183.0,26.0,167.0,10:08:53 194
+1,277.0,181.0,140.68095,138.90099,10:08:54 386
+1,292.0,165.0,43.00969,149.57722,10:08:55 543
+1,269.0,184.0,26.0,223.0,10:08:56 368
+1,270.0,181.0,42.0,189.0,10:08:57 207
0,185.0,111.0,185.0,111.0,10:08:57 772
0,227.0,143.0,227.0,143.0,10:08:59 591
0,221.0,166.0,221.0,166.0,10:09:00 501
0,221.0,148.0,221.0,148.0,10:09:01 060
0,218.0,133.0,218.0,133.0,10:09:01 832
0,227.0,171.0,227.0,171.0,10:09:02 334
+2,142.0,106.0,135.89122,309.24902,10:09:02 797
＊主菜单＊,0,0,0,0,10:09:02 950
+1,280.0,171.0,54.0,135.0,10:09:05 763
0,101.0,112.0,101.0,112.0,10:09:06 944
电话,0,0,0,0,10:09:06 985
0,136.0,153.0,136.0,153.0,10:09:09 873
0,225.0,145.0,225.0,145.0,10:09:11 225
0,218.0,141.0,218.0,141.0,10:09:12 111
0,175.0,145.0,175.0,145.0,10:09:12 620
0,142.0,139.0,142.0,139.0,10:09:13 007
+1,263.0,147.0,36.436382,156.47198,10:09:13 896
任务2, 结束
任务3, 开始
+2,162.0,98.0,141.97292,282.66345,10:09:31 065
＊主菜单＊,0,0,0,0,10:09:31 106
-1,83.0,153.0,304.40417,135.05006,10:09:33 223
-1,139.0,182.0,244.98521,156.06744,10:09:34 690
+1,258.0,109.0,100.0,142.0,10:09:35 517
+1,246.0,140.0,25.0,147.0,10:09:36 020
+1,239.0,141.0,24.0,178.0,10:09:36 374
+1,260.0,137.0,56.0,143.0,10:09:37 962
+1,267.0,143.0,55.0,122.0,10:09:39 426
+1,242.0,138.0,20.0,160.0,10:09:41 132
+1,294.0,158.0,64.0,131.0,10:09:43 040
-1,116.0,192.0,289.0,156.0,10:09:44 873
-1,106.0,185.0,226.0,151.0,10:09:45 613
-1,136.0,155.0,294.0,130.0,10:09:46 675
0,94.0,262.0,94.0,262.0,10:09:47 482
0,115.0,217.0,115.0,217.0,10:09:48 592
视频,0,0,0,0,10:09:48 711
+1,266.0,157.0,13.608116,184.23743,10:09:55 091
-1,96.0,193.0,252.5531,148.73717,10:09:55 213
任务3, 结束
任务4, 开始
+2,173.0,75.0,168.0,294.93674,10:10:08 728
＊主菜单＊,0,0,0,0,10:10:08 801
-1,65.0,186.0,299.57486,146.28836,10:10:11 640
-1,83.0,177.0,294.0,141.0,10:10:12 291
+1,290.0,151.0,26.0,150.0,10:10:13 260
+1,290.0,149.0,35.0,151.0,10:10:13 963
+1,288.0,141.0,59.0,119.0,10:10:14 958
+1,215.0,152.0,37.0,145.0,10:10:18 064
+1,289.0,146.0,78.0,140.0,10:10:19 809
0,197.0,116.0,197.0,116.0,10:10:20 788
自带导航,0,0,0,0,10:10:20 883
+1,269.0,131.0,43.442898,102.15181,10:10:25 635
+1,298.0,153.0,49.055603,144.0556,10:10:26 150
-2,153.0,267.0,156.87244,-8.343925,10:10:26 485
+2,174.0,62.0,126.55086,294.3001,10:10:26 842
＊主菜单＊,0,0,0,0,10:10:26 933
+1,262.0,154.0,53.0,155.0,10:10:29 738
+1,243.0,146.0,44.0,177.0,10:10:30 284
-1,103.0,202.0,287.0,184.0,10:10:30 781
-1,99.0,156.0,269.18845,173.49329,10:10:34 961
0,98.0,110.0,98.0,110.0,10:10:35 927
浏览器,0,0,0,0,10:10:36 038
+1,290.0,149.0,40.0,135.0,10:10:39 132
+1,211.0,145.0,34.0,147.0,10:10:40 099
-1,95.0,166.0,313.8613,124.92931,10:10:41 876
-1,60.0,177.0,285.0,137.0,10:10:42 771
+2,177.0,94.0,161.0,304.41702,10:10:43 252
＊主菜单＊,0,0,0,0,10:10:43 403
0,105.0,198.0,105.0,198.0,10:10:49 119
卡包,0,0,0,0,10:10:49 162
+1,275.0,148.0,61.65069,169.37799,10:10:50 628
+1,293.0,142.0,54.09267,110.03089,10:10:51 632
+1,276.0,140.0,57.0,117.0,10:10:52 770
任务4, 结束
任务5, 开始
+2,178.0,62.0,183.28192,278.2984,10:11:09 046
＊主菜单＊,0,0,0,0,10:11:09 127
-1,141.0,144.0,266.79114,145.49002,10:11:12 200
-1,129.0,139.0,312.09668,137.87868,10:11:12 272
-1,102.0,174.0,256.0,139.0,10:11:12 731
-1,135.0,143.0,252.0,134.0,10:11:13 606
0,103.0,112.0,103.0,112.0,10:11:14 744
健康运动,0,0,0,0,10:11:14 783
+1,258.0,165.0,29.0,148.0,10:11:18 328
+1,283.0,149.0,26.596474,140.5469,10:11:19 284
+1,264.0,140.0,56.0,122.0,10:11:19 933
+1,244.0,171.0,29.0,171.0,10:11:20 496
+1,289.0,153.0,58.0,148.0,10:11:21 150
任务5, 结束
＊＊＊＊＊＊＊＊＊＊＊＊＊＊＊＊＊＊＊＊＊＊＊＊＊＊＊＊＊＊
