任务1, 开始
+1,260.0,139.0,62.0,119.0,10:00:39 306
+1,278.0,171.0,76.0,116.0,10:00:40 744
+1,283.0,148.0,61.0,103.0,10:00:42 610
0,222.0,216.0,222.0,216.0,10:00:44 321
相册,0,0,0,0,10:00:44 375
+1,285.0,150.0,111.30891,102.85524,10:00:47 235
-1,135.0,141.0,265.0,136.0,10:00:50 138
+1,262.0,145.0,87.0,83.0,10:00:50 479
+1,277.0,132.0,54.5,91.0,10:00:53 439
-1,128.0,150.0,290.09494,134.5543,10:00:54 363
-1,140.0,138.0,309.89902,130.47105,10:00:55 623
任务1, 结束
任务2, 开始
+2,165.0,94.0,179.9673,298.60056,10:01:05 251
＊主菜单＊,0,0,0,0,10:01:05 329
-1,100.0,156.0,259.0,155.0,10:01:07 473
0,100.0,229.0,100.0,229.0,10:01:08 461
新浪微博,0,0,0,0,10:01:08 504
+1,258.0,125.0,71.0,153.0,10:01:12 103
+1,302.0,153.0,109.09588,128.68893,10:01:13 082
+1,262.0,134.0,67.0,117.0,10:01:17 100
+1,255.0,148.0,20.182407,141.8583,10:01:25 282
+2,144.0,86.0,156.55586,287.34604,10:01:26 003
＊主菜单＊,0,0,0,0,10:01:26 089
+1,279.0,125.0,100.0,107.0,10:01:30 042
-1,124.0,185.0,256.07166,139.8697,10:01:30 481
+1,253.0,125.0,21.0,149.0,10:01:32 572
+1,286.0,133.0,43.068554,103.723976,10:01:33 470
+1,274.0,144.0,30.620602,103.65506,10:01:34 564
-1,103.0,165.0,267.0,145.0,10:01:35 609
-1,95.0,147.0,233.0,142.0,10:01:35 961
-1,103.0,185.0,256.0,147.0,10:01:36 639
0,106.0,224.0,106.0,224.0,10:01:37 251
新浪微博,0,0,0,0,10:01:37 304
+1,287.0,139.0,66.099976,116.283714,10:01:44 043
+1,293.0,131.0,51.00969,110.577225,10:01:46 644
任务2, 结束
任务3, 开始
+2,171.0,136.0,215.48349,306.17236,10:02:06 621
＊主菜单＊,0,0,0,0,10:02:06 665
-1,90.0,189.0,302.0,173.0,10:02:08 655
-1,101.0,184.0,313.0115,136.57722,10:02:09 676
+1,273.0,127.0,32.0,171.0,10:02:11 103
+1,278.0,115.0,76.0,101.0,10:02:11 533
+1,282.0,133.0,49.0,145.0,10:02:12 260
+1,287.0,131.0,81.0,113.0,10:02:13 073
+1,281.0,140.0,70.0,142.0,10:02:13 997
0,100.0,229.0,100.0,229.0,10:02:15 284
天气,0,0,0,0,10:02:15 404
+1,261.0,145.0,65.0,128.0,10:02:20 638
+1,269.0,133.0,46.903954,89.926865,10:02:21 015
+1,237.0,100.0,85.0,69.5,10:02:23 291
+1,281.0,121.0,51.2664,54.45668,10:02:24 337
+1,238.0,134.0,51.424427,64.908104,10:02:25 528
任务3, 结束
+2,181.0,46.0,181.0641,294.27533,10:02:45 061
＊主菜单＊,0,0,0,0,10:02:45 097
任务4, 开始
+1,281.0,145.0,61.0,142.0,10:02:48 465
0,94.0,133.0,94.0,133.0,10:02:51 836
系统设置,0,0,0,0,10:02:51 884
+1,297.0,113.0,42.756912,101.09342,10:02:57 170
-2,211.0,215.0,154.0,14.0,10:02:57 675
+2,116.0,99.0,176.71626,290.51984,10:02:58 188
＊主菜单＊,0,0,0,0,10:02:58 288
-1,44.0,177.0,257.0,175.0,10:02:58 711
+1,279.0,143.0,97.0,63.0,10:03:07 946
+1,253.0,106.0,72.965546,47.344578,10:03:14 693
+1,247.0,143.0,60.209427,64.97226,10:03:15 297
0,253.0,225.0,253.0,225.0,10:03:18 533
0,218.0,191.0,218.0,191.0,10:03:19 951
下载,0,0,0,0,10:03:19 989
+1,284.0,140.0,98.81729,99.89289,10:03:22 650
+1,272.0,105.0,94.63531,49.058796,10:03:23 502
+2,184.0,139.0,229.76324,293.10934,10:03:24 353
＊主菜单＊,0,0,0,0,10:03:24 420
-1,140.0,155.0,289.5459,101.18164,10:03:27 210
-1,133.0,145.0,299.0,137.0,10:03:28 801
-1,105.0,153.0,299.0,172.0,10:03:31 779
-1,108.0,138.0,269.0,145.0,10:03:32 822
-1,134.0,142.0,297.3049,147.44208,10:03:35 820
-1,129.0,108.0,291.0,110.0,10:03:36 858
+1,270.0,143.0,26.0,117.0,10:03:39 800
+1,281.0,149.0,48.0,134.0,10:03:40 418
+1,219.0,149.0,31.0,116.0,10:03:41 152
+1,285.0,139.0,60.0,90.0,10:03:42 052
+1,292.0,132.0,52.0,89.0,10:03:43 286
+1,270.0,135.0,51.0,97.0,10:03:45 197
0,104.0,125.0,104.0,125.0,10:03:48 234
系统设置,0,0,0,0,10:03:48 274
任务4, 结束
任务5, 开始
+2,138.0,39.0,138.96555,302.31122,10:04:05 020
＊主菜单＊,0,0,0,0,10:04:05 058
-1,64.0,165.0,316.9924,139.31061,10:04:07 063
-1,137.0,149.0,306.0,160.0,10:04:07 831
-1,78.0,220.0,299.0,159.0,10:04:08 679
-1,112.0,158.0,297.0,138.0,10:04:09 340
+1,292.0,132.0,87.0,143.0,10:04:10 619
+1,258.0,124.0,66.0,145.0,10:04:11 955
-1,116.0,169.0,264.0,145.0,10:04:12 765
-1,100.0,133.0,258.0,174.0,10:04:13 301
-1,78.0,190.0,298.0,147.0,10:04:13 844
-1,138.0,169.0,275.0,157.0,10:04:15 016
0,199.0,230.0,199.0,230.0,10:04:16 146
国际象棋,0,0,0,0,10:04:16 232
+1,274.0,130.0,90.6105,49.27348,10:04:20 531
+1,256.0,150.0,12.184988,147.04152,10:04:21 385
任务5, 结束
＊＊＊＊＊＊＊＊＊＊＊＊＊＊＊＊＊＊＊＊＊＊＊＊＊＊＊＊＊＊
