任务1, 开始
+2,150.0,103.0,131.45094,298.53516,10:13:26 765
＊主菜单＊,0,0,0,0,10:13:26 808
+1,252.0,117.0,17.424427,115.967354,10:13:29 530
+1,248.0,180.0,21.0,134.0,10:13:30 030
+1,255.0,149.0,78.0,108.0,10:13:33 008
+1,275.0,149.0,58.0,76.0,10:13:33 978
0,111.0,242.0,111.0,242.0,10:13:34 835
0,103.0,232.0,103.0,232.0,10:13:36 438
卡包,0,0,0,0,10:13:36 544
0,109.0,218.0,109.0,218.0,10:13:37 636
+1,252.0,151.0,56.0,98.0,10:13:38 933
+1,255.0,149.0,60.0,93.0,10:13:39 926
+1,259.0,147.0,69.0,112.0,10:13:41 933
0,57.0,97.0,57.0,97.0,10:13:42 760
-1,82.0,147.0,295.8166,179.89066,10:13:43 383
+2,133.0,137.0,205.10101,288.139,10:13:45 376
＊主菜单＊,0,0,0,0,10:13:45 484
-1,73.0,134.0,278.24536,151.24492,10:13:47 911
-1,71.0,164.0,290.0,145.0,10:13:48 683
0,185.0,112.0,185.0,112.0,10:13:49 518
联系人,0,0,0,0,10:13:49 631
0,224.0,205.0,224.0,205.0,10:13:50 391
+1,179.0,160.0,148.0,282.0,10:13:52 963
+2,164.0,106.0,144.0,275.0,10:13:53 968
＊主菜单＊,0,0,0,0,10:13:54 024
0,217.0,215.0,217.0,215.0,10:13:56 077
支付宝,0,0,0,0,10:13:56 122
任务1, 结束
任务2, 开始
+2,177.0,51.0,152.41472,287.36804,10:14:14 699
＊主菜单＊,0,0,0,0,10:14:14 842
+1,248.0,172.0,63.0,110.0,10:14:17 410
+1,259.0,148.0,60.0,111.0,10:14:18 021
0,205.0,228.0,205.0,228.0,10:14:19 192
笔记,0,0,0,0,10:14:19 291
+1,259.0,149.0,117.0,162.0,10:14:22 023
+1,292.0,119.0,53.0,102.0,10:14:24 426
任务2, 结束
任务3, 开始
+2,153.0,106.0,124.626915,282.5391,10:14:42 447
＊主菜单＊,0,0,0,0,10:14:42 495
-1,62.0,187.0,269.0,136.0,10:14:44 524
-1,78.0,163.0,276.0,167.0,10:14:45 368
-1,95.0,187.0,284.0,153.0,10:14:46 689
-1,90.0,181.0,285.0,159.0,10:14:47 713
0,78.0,129.0,78.0,129.0,10:14:48 852
0,129.0,134.0,129.0,134.0,10:14:51 936
健康运动,0,0,0,0,10:14:51 972
+1,264.0,137.0,59.0,137.0,10:14:57 096
-1,98.0,149.0,296.0,143.0,10:14:57 885
+1,285.0,179.0,27.5,121.0,10:15:01 660
+1,287.0,150.0,75.621,128.89305,10:15:02 935
+1,259.0,132.0,39.74726,131.68681,10:15:04 121
+1,294.0,136.0,58.0,107.0,10:15:06 082
+1,270.0,166.0,53.0,109.0,10:15:06 789
-1,106.0,141.0,303.9389,175.88776,10:15:08 041
任务3, 结束
+2,176.0,90.0,186.0521,294.08298,10:15:19 459
＊主菜单＊,0,0,0,0,10:15:19 501
+2,173.0,105.0,138.0,273.0,10:15:19 697
任务4, 开始
+1,265.0,143.0,83.0,162.0,10:15:23 964
+1,265.0,112.0,75.0,127.0,10:15:24 893
+1,259.0,179.0,100.0,119.0,10:15:26 392
+1,262.0,142.0,85.0,96.0,10:15:27 458
-1,100.0,140.0,294.0,143.0,10:15:29 112
0,104.0,224.0,104.0,224.0,10:15:30 002
视频,0,0,0,0,10:15:30 067
+1,274.0,178.0,91.0,117.0,10:15:32 343
任务4, 结束
任务5, 开始
+2,183.0,116.0,177.14925,306.6905,10:15:45 947
＊主菜单＊,0,0,0,0,10:15:46 035
+1,259.0,152.0,132.0,146.0,10:15:48 477
+1,253.0,144.0,68.0,107.0,10:15:49 237
+1,265.0,145.0,82.0,102.0,10:15:50 132
+1,273.0,149.0,80.0,100.0,10:15:51 286
+1,258.0,156.0,56.0,94.0,10:15:51 865
+1,262.0,141.0,95.0,177.0,10:15:52 747
0,68.0,135.0,68.0,135.0,10:15:53 398
0,108.0,114.0,108.0,114.0,10:15:55 071
系统设置,0,0,0,0,10:15:55 129
任务5, 结束
＊＊＊＊＊＊＊＊＊＊＊＊＊＊＊＊＊＊＊＊＊＊＊＊＊＊＊＊＊＊
