任务1, 开始
+1,273.0,182.0,183.0,183.0,19:59:41 169
+1,286.0,169.0,172.0,174.0,19:59:42 132
+1,276.0,144.0,186.0,158.0,19:59:42 998
+1,273.0,160.0,191.0,171.0,19:59:44 566
-1,163.0,144.0,258.0,136.0,19:59:45 145
0,221.0,221.0,221.0,221.0,19:59:45 787
相册,0,0,0,0,19:59:45 850
+1,291.0,142.0,236.0,146.0,19:59:48 336
-1,110.0,184.0,263.4966,143.2968,19:59:49 321
+1,285.0,159.0,203.0,178.0,19:59:50 392
+1,290.0,149.0,161.88681,173.55974,19:59:51 051
-1,155.0,183.0,293.0,159.0,19:59:51 938
-1,144.0,186.0,275.61783,175.17906,19:59:52 682
+1,275.0,179.0,126.689156,211.24156,19:59:53 048
+1,295.0,173.0,136.0,191.0,19:59:53 358
+1,264.0,190.0,123.0,209.0,19:59:53 701
+1,291.0,173.0,140.9909,186.75479,19:59:54 058
任务1, 结束
任务2, 开始
+2,185.0,42.0,186.2347,241.01093,20:00:04 880
＊主菜单＊,0,0,0,0,20:00:04 924
+1,291.0,152.0,167.0,178.0,20:00:08 206
+1,280.0,153.0,212.0,178.0,20:00:08 973
-1,109.0,179.0,223.0,163.0,20:00:09 857
-1,157.0,181.0,188.0,179.0,20:00:10 530
-1,144.0,157.0,316.67294,136.49182,20:00:11 146
-1,98.0,161.0,288.0,143.0,20:00:12 060
-1,63.0,189.0,285.0212,159.48456,20:00:13 068
-1,96.0,180.0,303.0,174.0,20:00:14 277
-1,98.0,182.0,254.0,144.0,20:00:15 665
-1,105.0,181.0,263.0,157.0,20:00:17 047
+1,287.0,158.0,158.73337,194.82855,20:00:18 598
+1,266.0,152.0,193.0,183.0,20:00:19 809
+1,264.0,168.0,229.0,174.0,20:00:21 252
+1,242.0,143.0,194.0,145.0,20:00:22 802
0,221.0,148.0,221.0,148.0,20:00:23 913
-1,133.0,162.0,288.0,145.0,20:00:24 760
-1,114.0,147.0,263.61325,135.02788,20:00:25 479
-1,127.0,153.0,268.0,138.0,20:00:26 297
-1,102.0,159.0,288.0,140.0,20:00:27 354
+1,270.0,148.0,169.0,174.0,20:00:28 572
+1,260.0,154.0,138.0,198.0,20:00:29 533
+1,288.0,152.0,128.0,179.0,20:00:31 414
+1,266.0,150.0,137.58127,221.4303,20:00:33 522
+1,256.0,153.0,116.96683,191.37016,20:00:34 664
+1,246.0,153.0,130.0,180.0,20:00:36 070
0,103.0,102.0,103.0,102.0,20:00:37 018
系统设置,0,0,0,0,20:00:37 080
-1,135.0,210.0,175.0,221.26286,20:00:40 314
+1,284.0,175.0,87.74829,186.52338,20:00:40 712
-1,97.0,173.0,296.0,157.0,20:00:41 171
+2,180.0,62.0,181.0,241.0,20:00:42 350
＊主菜单＊,0,0,0,0,20:00:42 430
-2,177.0,260.0,195.0,100.0,20:00:43 266
0,222.0,227.0,222.0,227.0,20:00:46 531
下载,0,0,0,0,20:00:46 597
+1,283.0,179.0,139.0,233.0,20:00:49 112
+1,283.0,156.0,186.0,194.0,20:00:49 757
+1,241.0,149.0,209.0,156.0,20:00:50 689
+1,279.0,137.0,89.17049,183.77106,20:00:51 514
任务2, 结束
任务3, 开始
+2,178.0,53.0,172.23398,279.6045,20:01:03 821
＊主菜单＊,0,0,0,0,20:01:03 918
+1,205.0,161.0,93.0,201.0,20:01:06 844
-1,181.0,160.0,261.0,159.0,20:01:07 389
-1,171.0,148.0,299.21783,110.04341,20:01:08 171
-1,135.0,144.0,277.0,123.0,20:01:08 953
-1,143.0,147.0,288.0,137.0,20:01:09 989
-1,143.0,134.0,297.64127,139.68216,20:01:11 049
0,94.0,216.0,94.0,216.0,20:01:12 023
新浪微博,0,0,0,0,20:01:12 067
+1,246.0,156.0,136.0,181.0,20:01:15 715
+1,280.0,133.0,140.67746,152.39088,20:01:16 860
+1,273.0,139.0,170.0,165.0,20:01:20 772
-1,91.0,181.0,296.0,166.0,20:01:27 700
-1,66.0,137.0,263.0,103.0,20:01:28 476
+1,280.0,164.0,98.375755,191.19421,20:01:29 937
+1,263.0,213.0,47.51322,234.32695,20:01:30 376
-1,141.0,198.0,267.03693,190.98453,20:01:31 643
-1,118.0,190.0,260.0,212.0,20:01:31 970
+1,278.0,221.0,59.0,250.5,20:01:33 052
+1,270.0,225.0,87.2939,244.55656,20:01:33 454
任务3, 结束
任务4, 开始
+2,161.0,103.0,145.0,286.0,20:01:42 160
＊主菜单＊,0,0,0,0,20:01:42 284
-1,124.0,183.0,211.0,150.0,20:01:44 445
-1,108.0,180.0,293.16278,173.63698,20:01:45 081
-1,94.0,178.0,280.0,153.0,20:01:45 788
0,217.0,228.0,217.0,228.0,20:01:46 538
国际象棋,0,0,0,0,20:01:46 589
+1,280.0,160.0,173.0,183.0,20:01:50 211
-1,134.0,174.0,291.8041,175.0006,20:01:51 622
0,168.0,274.0,168.0,274.0,20:01:53 599
+1,265.0,181.0,106.07669,189.95059,20:01:57 113
任务4, 结束
任务5, 开始
+2,189.0,31.0,188.29485,222.72986,20:02:03 800
＊主菜单＊,0,0,0,0,20:02:03 851
-1,127.0,180.0,296.0,181.0,20:02:06 562
+1,275.0,172.0,229.82953,179.03409,20:02:06 947
+1,235.0,146.0,165.5346,159.88544,20:02:08 052
+1,278.0,138.0,167.17049,143.45094,20:02:09 562
+1,227.0,155.0,126.02578,191.85495,20:02:11 013
+1,273.0,161.0,158.68307,181.331,20:02:12 276
0,101.0,228.0,101.0,228.0,20:02:14 117
天气,0,0,0,0,20:02:14 170
0,126.0,221.0,126.0,221.0,20:02:15 058
+1,273.0,141.0,166.0,145.0,20:02:17 438
-1,106.0,204.0,271.85834,181.0,20:02:18 395
+1,266.0,170.0,163.02579,196.3731,20:02:19 315
+1,241.0,162.0,173.0,188.0,20:02:20 191
+1,205.0,148.0,168.0,155.0,20:02:21 149
+1,274.0,124.0,171.63742,148.59064,20:02:21 985
+1,212.0,117.0,102.16752,173.2538,20:02:23 421
-1,115.0,182.0,287.18268,166.44528,20:02:23 871
-1,162.0,160.0,252.0,143.0,20:02:25 162
-1,196.0,148.0,306.21927,156.16579,20:02:26 160
+1,286.0,159.0,160.82434,190.87643,20:02:27 608
+1,272.0,176.0,143.0,222.0,20:02:28 081
-1,105.0,204.0,260.6222,181.49963,20:02:29 075
-1,182.0,139.0,293.0,136.0,20:02:29 663
-1,115.0,187.0,246.16615,176.0,20:02:30 291
-1,110.0,185.0,267.2571,155.59286,20:02:31 671
+1,197.0,93.0,40.0,102.0,20:02:34 847
任务5, 结束
＊＊＊＊＊＊＊＊＊＊＊＊＊＊＊＊＊＊＊＊＊＊＊＊＊＊＊＊＊＊
+2,157.0,48.0,177.0,214.0,20:02:40 824
＊主菜单＊,0,0,0,0,20:02:40 952
任务1, 开始
+1,288.0,157.0,123.0,208.0,21:47:52 333
+1,281.0,182.0,159.0,226.0,21:47:53 352
+1,267.0,193.0,142.0,258.0,21:47:55 052
-1,176.0,192.0,302.0,199.0,21:47:55 819
-1,195.0,223.0,270.0,217.0,21:47:56 622
-1,157.0,206.0,297.0,185.0,21:47:58 380
-1,150.0,193.0,298.0,186.0,21:47:59 796
-1,80.0,221.0,270.0,194.0,21:48:00 864
-1,153.0,213.0,263.0,191.0,21:48:02 056
-1,170.0,188.0,295.0,171.0,21:48:03 281
-1,160.0,186.0,313.09116,158.13083,21:48:04 822
+1,265.0,194.0,138.0,234.0,21:48:05 494
0,221.0,227.0,221.0,227.0,21:48:06 211
邮箱,0,0,0,0,21:48:06 326
+1,274.0,204.0,174.74812,239.50075,21:48:08 917
+1,259.0,199.0,142.0,241.0,21:48:10 066
+1,276.0,209.0,140.0,265.0,21:48:11 272
-1,188.0,178.0,290.0,172.0,21:48:12 099
+1,286.0,194.0,117.0,268.0,21:48:13 055
+1,238.0,226.0,126.20178,280.10446,21:48:14 149
+1,273.0,195.0,118.0,245.0,21:48:15 108
+1,282.0,184.0,105.0,244.0,21:48:15 901
+2,221.0,49.0,211.91702,259.15732,21:48:16 938
＊主菜单＊,0,0,0,0,21:48:17 048
0,98.0,234.0,98.0,234.0,21:48:20 258
短信息,0,0,0,0,21:48:20 354
+1,232.0,217.0,111.49515,273.65048,21:48:22 006
+1,251.0,188.0,85.2753,281.4142,21:48:23 200
-1,185.0,196.0,314.223,153.06021,21:48:23 633
+2,211.0,33.0,216.5,244.5,21:48:25 056
＊主菜单＊,0,0,0,0,21:48:25 121
0,238.0,97.0,238.0,97.0,21:48:27 758
微信,0,0,0,0,21:48:27 800
+1,284.0,178.0,192.0,213.0,21:48:30 260
+1,291.0,174.0,214.35977,186.90189,21:48:31 281
+1,277.0,182.0,152.0,223.0,21:48:32 230
+1,275.0,183.0,169.32214,233.3284,21:48:33 038
+1,291.0,173.0,115.0,259.0,21:48:33 784
+2,181.0,24.0,179.7165,224.97661,21:48:34 449
＊主菜单＊,0,0,0,0,21:48:34 509
0,225.0,238.0,225.0,238.0,21:48:37 255
邮箱,0,0,0,0,21:48:37 299
+1,224.0,198.0,183.0,222.0,21:48:40 228
+1,276.0,181.0,192.0,233.0,21:48:40 295
+1,271.0,206.0,210.0,243.0,21:48:41 323
-1,208.0,223.0,246.93079,223.0,21:48:42 058
+1,259.0,215.0,116.27898,278.734,21:48:42 744
+1,279.0,204.0,159.07309,259.1708,21:48:43 422
+2,192.0,27.0,210.38322,221.6921,21:48:44 549
＊主菜单＊,0,0,0,0,21:48:44 649
0,121.0,110.0,121.0,110.0,21:48:46 537
腾讯QQ,0,0,0,0,21:48:46 576
+1,242.0,218.0,134.82607,244.39131,21:48:49 259
+1,277.0,184.0,112.463356,274.722,21:48:50 754
+2,213.0,35.0,214.96735,277.0919,21:48:51 734
＊主菜单＊,0,0,0,0,21:48:51 817
+1,292.0,198.0,181.0,254.0,21:48:53 994
+1,259.0,192.0,228.40367,209.65173,21:48:55 517
+1,290.0,183.0,128.0,265.0,21:48:56 548
+1,291.0,192.0,145.0,237.0,21:49:01 999
0,216.0,225.0,216.0,225.0,21:49:02 737
笔记,0,0,0,0,21:49:02 804
+1,295.0,187.0,172.38373,234.22026,21:49:04 747
+1,295.0,199.0,168.5,279.5,21:49:06 068
+1,273.0,191.0,178.00912,238.12686,21:49:08 757
+2,199.0,25.0,198.193,267.7825,21:49:08 868
＊主菜单＊,0,0,0,0,21:49:08 981
+1,276.0,205.0,176.0,262.0,21:49:10 943
+1,271.0,188.0,121.41173,241.1043,21:49:12 631
+1,270.0,190.0,136.0,254.0,21:49:14 746
-1,122.0,199.0,274.3797,179.03265,21:49:15 923
0,219.0,96.0,219.0,96.0,21:49:18 257
日历,0,0,0,0,21:49:18 410
+1,252.0,190.0,122.17193,242.68988,21:49:20 354
+1,291.0,124.0,72.83266,257.38455,21:49:20 892
+2,170.0,59.0,148.0,218.0,21:49:21 345
＊主菜单＊,0,0,0,0,21:49:21 512
-1,133.0,235.0,297.0,217.0,21:49:23 012
-1,100.0,218.0,269.0,223.0,21:49:25 922
+1,285.0,203.0,131.44356,261.6672,21:49:26 519
0,93.0,109.0,93.0,109.0,21:49:26 858
浏览器,0,0,0,0,21:49:26 906
+1,276.0,185.0,166.65804,246.33862,21:49:28 631
+1,284.0,167.0,55.0,250.0,21:49:29 269
+2,224.0,40.0,256.0,227.0,21:49:30 206
＊主菜单＊,0,0,0,0,21:49:30 338
-1,124.0,225.0,289.0,215.0,21:49:31 731
-1,193.0,226.0,287.0,204.0,21:49:32 477
+1,231.0,238.0,88.0,280.0,21:49:33 222
0,117.0,217.0,117.0,217.0,21:49:36 258
新浪微博,0,0,0,0,21:49:36 297
任务1, 结束
任务2, 开始
+2,206.0,59.0,187.01598,254.76685,21:49:49 848
＊主菜单＊,0,0,0,0,21:49:49 964
-1,132.0,178.0,297.0,179.0,21:49:53 607
-1,187.0,199.0,296.89697,202.55168,21:49:55 081
+1,271.0,219.0,150.83063,278.0557,21:49:55 803
+1,292.0,190.0,147.0,233.0,21:49:56 107
+1,267.0,215.0,159.0,229.0,21:49:56 424
+1,244.0,214.0,153.0,246.0,21:49:57 589
0,214.0,227.0,214.0,227.0,21:49:58 929
笔记,0,0,0,0,21:49:58 968
+1,263.0,197.0,126.17193,227.31049,21:50:00 732
+1,290.0,198.0,152.03966,239.32011,21:50:01 864
+2,212.0,57.0,201.19806,261.24643,21:50:03 804
＊主菜单＊,0,0,0,0,21:50:03 868
任务2, 结束
任务3, 开始
-1,174.0,197.0,295.0,190.0,21:50:12 394
-1,181.0,219.0,293.65027,190.21858,21:50:12 702
-1,179.0,206.0,308.0,180.0,21:50:13 572
-1,213.0,200.0,256.0,200.0,21:50:14 232
0,211.0,107.0,211.0,107.0,21:50:15 447
睡眠,0,0,0,0,21:50:15 498
+1,279.0,202.0,145.0,260.0,21:50:17 778
+1,274.0,219.0,121.0,276.0,21:50:19 334
+1,290.0,218.0,83.0,278.0,21:50:20 605
任务3, 结束
+2,226.0,53.0,189.55325,264.68048,21:50:26 780
＊主菜单＊,0,0,0,0,21:50:26 828
任务4, 开始
+1,282.0,185.0,68.78496,276.99304,21:50:30 237
+1,260.0,201.0,103.97453,237.58546,21:50:30 446
+1,245.0,213.0,137.0,240.0,21:50:30 839
+1,226.0,232.0,132.0,262.0,21:50:31 350
+1,244.0,242.0,137.0,265.0,21:50:31 806
+1,285.0,215.0,175.0,263.0,21:50:32 540
0,220.0,224.0,220.0,224.0,21:50:33 246
下载,0,0,0,0,21:50:33 291
任务4, 结束
任务5, 开始
+2,220.0,41.0,182.09811,286.7968,21:50:41 800
＊主菜单＊,0,0,0,0,21:50:41 841
-1,195.0,222.0,261.0,226.0,21:50:42 825
-1,239.0,198.0,291.5435,192.0336,21:50:43 991
-1,225.0,194.0,266.0,191.0,21:50:45 283
0,215.0,118.0,215.0,118.0,21:50:46 685
音乐,0,0,0,0,21:50:46 726
+1,275.0,185.0,184.7229,208.21858,21:50:48 551
+1,273.0,186.0,73.0,241.0,21:50:51 209
任务5, 结束
＊＊＊＊＊＊＊＊＊＊＊＊＊＊＊＊＊＊＊＊＊＊＊＊＊＊＊＊＊＊
任务1, 开始
+2,178.0,23.0,152.48718,277.41983,21:52:39 344
＊主菜单＊,0,0,0,0,21:52:39 387
-1,88.0,237.0,250.604,228.14793,21:52:41 190
-1,58.0,148.0,200.1128,140.80518,21:52:42 451
任务1, 结束
