任务1, 开始
+2,187.0,26.0,183.0,196.0,20:11:57 374
＊主菜单＊,0,0,0,0,20:11:57 421
+1,266.0,175.0,171.15343,180.71591,20:12:00 257
-1,124.0,182.0,251.4469,192.43034,20:12:00 389
-1,89.0,175.0,297.0,205.0,20:12:01 081
-1,108.0,163.0,233.0,181.0,20:12:01 797
0,121.0,224.0,121.0,224.0,20:12:02 711
视频,0,0,0,0,20:12:02 752
+1,273.0,142.0,157.01927,137.8469,20:12:05 676
任务1, 结束
+2,178.0,29.0,175.1218,287.93265,20:12:15 334
＊主菜单＊,0,0,0,0,20:12:15 438
+1,265.0,191.0,171.0,180.0,20:12:17 583
0,83.0,198.0,83.0,198.0,20:12:18 318
卡包,0,0,0,0,20:12:18 366
+1,261.0,139.0,119.0,153.0,20:12:20 341
+1,292.0,146.0,69.979034,241.3473,20:12:21 124
+1,293.0,159.0,132.0,260.0,20:12:22 253
+1,265.0,178.0,37.73896,216.79861,20:12:23 184
-1,141.0,191.0,295.0276,156.05814,20:12:23 653
-1,139.0,179.0,329.6479,138.03625,20:12:26 679
-1,139.0,193.0,262.0,160.0,20:12:27 199
-1,125.0,177.0,287.53925,150.14781,20:12:29 013
+2,168.0,52.0,196.0,225.0,20:12:29 455
＊主菜单＊,0,0,0,0,20:12:29 625
0,306.0,143.0,306.0,143.0,20:12:30 743
+1,302.0,164.0,80.113174,268.48965,20:12:32 220
-1,122.0,205.0,300.0,183.0,20:12:33 014
+1,289.0,149.0,42.0,178.0,20:12:35 916
+1,263.0,187.0,82.0,235.0,20:12:37 229
-1,145.0,156.0,339.5524,163.06891,20:12:37 713
-1,101.0,202.0,326.60587,150.21648,20:12:39 301
-1,139.0,179.0,291.0,149.0,20:12:40 623
0,231.0,227.0,231.0,227.0,20:12:42 512
相册,0,0,0,0,20:12:42 571
+2,208.0,65.0,190.0,278.0,20:12:43 595
＊主菜单＊,0,0,0,0,20:12:43 673
+2,190.0,78.0,195.24808,292.2941,20:12:44 402
+1,277.0,149.0,130.0,187.0,20:12:45 922
-1,128.0,221.0,259.0,194.0,20:12:46 667
-1,131.0,155.0,311.0,156.0,20:12:47 221
0,213.0,227.0,213.0,227.0,20:12:47 819
支付宝,0,0,0,0,20:12:47 949
任务2, 开始
+2,206.0,29.0,153.13026,265.34158,20:12:57 246
＊主菜单＊,0,0,0,0,20:12:57 387
+1,236.0,141.0,109.5,153.0,20:13:04 461
+1,253.0,180.0,134.0,184.0,20:13:04 900
+1,244.0,144.0,176.0,164.0,20:13:05 342
+1,263.0,175.0,170.0,195.0,20:13:05 816
-1,125.0,179.0,258.0,207.0,20:13:06 209
-1,136.0,184.0,302.0,182.0,20:13:07 199
-1,131.0,125.0,237.0,153.0,20:13:07 756
-1,66.0,250.0,325.29846,217.5905,20:13:08 259
-1,131.0,216.0,259.51752,211.8724,20:13:08 511
+2,203.0,65.0,220.62097,256.89734,20:13:08 871
+1,259.0,218.0,74.0,186.0,20:13:09 546
任务2, 结束
任务3, 开始
+2,222.0,42.0,221.5,208.5,20:13:17 746
+1,267.0,197.0,55.0,227.0,20:13:18 975
+1,272.0,183.0,69.0,193.0,20:13:19 386
+1,282.0,195.0,56.0,200.0,20:13:20 432
0,99.0,111.0,99.0,111.0,20:13:21 113
系统设置,0,0,0,0,20:13:21 202
任务3, 结束
任务4, 开始
+2,182.0,36.0,186.4645,281.89627,20:13:33 678
＊主菜单＊,0,0,0,0,20:13:33 718
-1,100.0,173.0,286.20255,174.19351,20:13:35 170
-1,117.0,196.0,268.0,183.0,20:13:35 712
-1,138.0,178.0,333.01202,174.114,20:13:36 360
-1,93.0,185.0,305.0,178.0,20:13:37 109
-1,143.0,155.0,286.0,156.0,20:13:37 731
-1,135.0,172.0,263.0,152.0,20:13:38 603
0,107.0,112.0,107.0,112.0,20:13:39 308
健康运动,0,0,0,0,20:13:39 340
+1,286.0,177.0,97.406944,182.85466,20:13:41 691
-1,94.0,170.0,301.0,156.0,20:13:41 929
+1,181.0,192.0,14.0,183.0,20:13:44 658
+1,272.0,162.0,14.12035,177.68709,20:13:45 101
+1,265.0,162.0,133.0,197.0,20:13:45 627
+1,254.0,219.0,100.20806,225.58398,20:13:45 971
任务4, 结束
任务5, 开始
+2,142.0,25.0,152.96172,238.04672,20:13:53 182
＊主菜单＊,0,0,0,0,20:13:53 222
+1,256.0,198.0,100.0,260.0,20:13:54 946
0,215.0,106.0,215.0,106.0,20:13:55 705
0,237.0,95.0,237.0,95.0,20:13:57 527
微信,0,0,0,0,20:13:57 568
0,205.0,130.0,205.0,130.0,20:13:58 732
+1,297.0,185.0,109.0,222.0,20:14:00 573
+1,293.0,180.0,57.0,228.0,20:14:01 675
+1,217.0,191.0,47.344475,211.0,20:14:02 458
+2,163.0,76.0,164.85884,306.47687,20:14:06 299
＊主菜单＊,0,0,0,0,20:14:06 413
+2,224.0,59.0,210.0,222.0,20:14:09 703
0,226.0,61.0,226.0,61.0,20:14:10 000
+2,216.0,30.0,203.0,216.0,20:14:10 475
+1,286.0,202.0,133.0,205.0,20:14:11 908
+1,276.0,178.0,78.0,202.0,20:14:12 833
+1,287.0,166.0,105.74456,189.03221,20:14:13 600
0,208.0,233.0,208.0,233.0,20:14:13 858
笔记,0,0,0,0,20:14:13 975
+1,263.0,166.0,163.0,177.0,20:14:15 745
-1,60.0,213.0,123.53075,229.83957,20:14:16 048
+1,306.0,164.0,159.0,173.0,20:14:19 189
+1,273.0,125.0,170.75008,152.23111,20:14:28 487
+1,272.0,144.0,63.5,142.5,20:14:29 062
-1,54.0,157.0,270.0,195.0,20:14:30 020
+1,289.0,185.0,141.0,186.0,20:14:30 994
任务5, 结束
＊＊＊＊＊＊＊＊＊＊＊＊＊＊＊＊＊＊＊＊＊＊＊＊＊＊＊＊＊＊
+2,181.0,29.0,179.0,264.0,20:16:07 234
＊主菜单＊,0,0,0,0,20:16:07 273
+2,183.0,30.0,176.0,275.0,20:16:09 719
任务1, 开始
0,221.0,235.0,221.0,235.0,21:53:21 583
邮箱,0,0,0,0,21:53:21 644
+2,208.0,30.0,221.85463,297.89313,21:53:23 323
＊主菜单＊,0,0,0,0,21:53:23 446
0,108.0,267.0,108.0,267.0,21:53:26 982
0,63.0,230.0,63.0,230.0,21:53:29 778
0,107.0,246.0,107.0,246.0,21:53:30 442
0,60.0,207.0,60.0,207.0,21:53:30 942
短信息,0,0,0,0,21:53:31 675
0,104.0,212.0,104.0,212.0,21:53:32 296
+1,285.0,180.0,78.68492,265.3249,21:53:34 784
+1,294.0,141.0,94.71722,183.76303,21:53:37 778
+1,255.0,142.0,90.03549,188.52342,21:53:38 361
+2,160.0,34.0,142.52075,254.50548,21:53:41 140
＊主菜单＊,0,0,0,0,21:53:41 205
0,224.0,222.0,224.0,222.0,21:53:43 984
邮箱,0,0,0,0,21:53:44 033
+1,219.0,197.0,48.784992,263.88602,21:53:46 294
+1,255.0,185.0,36.806297,247.14725,21:53:46 989
+1,245.0,178.0,43.604332,234.61455,21:53:48 031
+1,227.0,191.0,44.394295,195.1889,21:53:56 285
任务1, 结束
任务2, 开始
+2,200.0,41.0,175.44446,241.00035,21:54:03 732
＊主菜单＊,0,0,0,0,21:54:03 779
+1,250.0,188.0,33.0,285.5,21:54:06 028
+1,259.0,194.0,67.0,275.0,21:54:06 543
+1,291.0,155.0,57.0,242.0,21:54:07 484
0,106.0,253.0,106.0,253.0,21:54:08 204
0,102.0,232.0,102.0,232.0,21:54:09 509
卡包,0,0,0,0,21:54:09 565
+1,291.0,176.0,61.0,266.0,21:54:13 248
+1,294.0,142.0,64.0,233.0,21:54:14 229
+1,236.0,186.0,22.122026,230.80357,21:54:15 875
+1,215.0,192.0,55.0,238.0,21:54:16 795
任务2, 结束
任务3, 开始
+2,172.0,24.0,96.893,214.2762,21:54:27 625
＊主菜单＊,0,0,0,0,21:54:27 770
-1,57.0,161.0,301.0,187.0,21:54:31 914
-1,68.0,163.0,294.0,101.0,21:54:34 947
-1,108.0,199.0,308.06778,144.99812,21:54:35 423
-1,70.0,206.0,276.0,197.0,21:54:36 244
-1,108.0,183.0,263.0,150.0,21:54:37 188
+1,249.0,192.0,41.701084,206.22278,21:54:37 805
-1,65.0,190.0,291.0,137.0,21:54:40 871
-1,88.0,201.0,302.0,161.0,21:54:41 018
0,94.0,117.0,94.0,117.0,21:54:43 789
健康运动,0,0,0,0,21:54:43 826
+1,251.0,191.0,111.0,242.0,21:54:49 766
+1,262.0,156.0,99.0,240.0,21:54:50 718
+1,257.0,185.0,81.0,253.0,21:54:51 709
+1,287.0,152.0,-3.4651718,241.99031,21:54:53 596
任务3, 结束
+2,175.0,37.0,166.51636,257.14267,21:54:59 301
＊主菜单＊,0,0,0,0,21:54:59 355
任务4, 开始
+1,292.0,184.0,84.0,273.0,21:55:03 035
+1,259.0,181.0,68.0,249.0,21:55:03 604
+1,249.0,151.0,51.0,230.0,21:55:04 267
+1,273.0,171.0,52.0,254.0,21:55:05 555
+1,253.0,185.0,60.0,260.0,21:55:06 311
+1,256.0,170.0,52.0,258.0,21:55:07 505
0,218.0,215.0,218.0,215.0,21:55:08 212
下载,0,0,0,0,21:55:08 271
+1,267.0,159.0,11.987974,245.46802,21:55:10 252
+1,188.0,220.0,61.75685,256.8237,21:55:10 963
+1,274.0,127.0,47.03477,228.33568,21:55:11 688
任务4, 结束
任务5, 开始
+2,174.0,42.0,161.01927,257.11374,21:55:18 975
＊主菜单＊,0,0,0,0,21:55:19 072
-1,130.0,176.0,297.0,145.0,21:55:20 975
-1,133.0,170.0,296.0,162.0,21:55:21 589
-1,96.0,203.0,312.0,170.0,21:55:22 314
-1,82.0,164.0,295.0,120.0,21:55:23 073
0,211.0,103.0,211.0,103.0,21:55:24 097
音乐,0,0,0,0,21:55:24 136
+1,284.0,164.0,63.344215,247.17265,21:55:25 782
+1,266.0,173.0,61.088882,232.42519,21:55:26 971
+1,218.0,194.0,25.0,230.0,21:55:27 877
任务5, 结束
＊＊＊＊＊＊＊＊＊＊＊＊＊＊＊＊＊＊＊＊＊＊＊＊＊＊＊＊＊＊
