+2,175.0,32.0,176.44301,244.10101,16:23:20 264
＊主菜单＊,0,0,0,0,16:23:20 375
任务1, 开始
+1,293.0,176.0,94.0,221.0,16:23:28 860
+1,270.0,154.0,83.0,223.0,16:23:30 472
0,278.0,188.0,278.0,188.0,16:23:31 394
0,206.0,225.0,206.0,225.0,16:23:31 814
笔记,0,0,0,0,16:23:31 885
+1,293.0,173.0,104.46638,234.17787,16:23:34 687
+1,293.0,180.0,143.20033,223.63208,16:23:35 658
+1,255.0,164.0,218.92108,241.0,16:23:37 684
任务1, 结束
+2,180.0,48.0,158.03445,278.89664,16:23:53 691
＊主菜单＊,0,0,0,0,16:23:53 730
0,176.0,38.0,176.0,38.0,16:23:54 123
任务2, 开始
+1,273.0,180.0,161.0,191.0,16:23:57 402
-1,73.0,185.0,224.0,173.0,16:23:59 150
-1,94.0,169.0,265.0,174.0,16:23:59 541
-1,85.0,169.0,254.0,150.0,16:23:59 977
0,210.0,225.0,210.0,225.0,16:24:00 699
支付宝,0,0,0,0,16:24:00 740
+1,283.0,176.0,111.76795,206.8724,16:24:03 189
+1,172.0,156.0,23.0,215.50539,16:24:09 178
+2,133.0,48.0,133.0,269.0,16:24:13 343
＊主菜单＊,0,0,0,0,16:24:13 409
0,99.0,201.0,99.0,201.0,16:24:16 954
新浪微博,0,0,0,0,16:24:17 010
+1,230.0,189.0,126.76357,237.86015,16:24:19 760
+1,243.0,181.0,153.0,213.0,16:24:19 947
+2,181.0,55.0,179.89392,275.37128,16:24:20 891
＊主菜单＊,0,0,0,0,16:24:21 039
+1,291.0,180.0,144.0,223.0,16:24:23 153
+1,266.0,191.0,103.0,232.0,16:24:24 030
0,113.0,202.0,113.0,202.0,16:24:24 879
卡包,0,0,0,0,16:24:24 916
+1,246.0,163.0,129.03323,214.1651,16:24:27 176
+1,270.0,181.0,126.0,235.0,16:24:27 954
+1,284.0,165.0,128.0,231.0,16:24:28 702
+1,273.0,168.0,147.0,226.0,16:24:29 482
+2,178.0,110.0,175.43176,286.94043,16:24:30 033
＊主菜单＊,0,0,0,0,16:24:30 097
+1,294.0,180.0,126.0,231.0,16:24:33 039
+1,293.0,165.0,152.0,203.0,16:24:34 834
0,162.0,181.0,162.0,181.0,16:24:40 431
0,117.0,108.0,117.0,108.0,16:24:40 468
系统设置,0,0,0,0,16:24:40 575
任务2, 结束
+2,143.0,74.0,122.52778,289.625,16:24:50 043
＊主菜单＊,0,0,0,0,16:24:50 136
任务3, 开始
-1,97.0,183.0,260.0,192.0,16:24:53 350
-1,62.0,157.0,258.0,187.0,16:24:53 761
0,105.0,222.0,105.0,222.0,16:24:54 176
卡包,0,0,0,0,16:24:54 347
+1,250.0,179.0,123.0,198.0,16:24:56 092
+1,262.0,159.0,101.0,218.0,16:24:56 766
+1,229.0,148.0,87.0,211.0,16:24:57 513
+1,231.0,154.0,128.20018,206.0479,16:24:59 123
-1,100.0,179.0,260.0,168.0,16:24:59 629
-1,97.0,183.0,273.0,171.0,16:25:00 118
-1,95.0,185.0,187.0,187.0,16:25:00 502
+2,173.0,97.0,181.0,273.0,16:25:00 902
＊主菜单＊,0,0,0,0,16:25:01 085
+1,294.0,151.0,142.0,190.0,16:25:03 903
0,185.0,171.0,185.0,171.0,16:25:05 372
+1,256.0,171.0,137.0,189.0,16:25:06 060
-1,91.0,206.0,256.0,182.0,16:25:07 629
-1,116.0,189.0,245.0,200.0,16:25:08 428
-1,100.0,164.0,254.0,139.0,16:25:09 260
-1,64.0,164.0,267.0,164.0,16:25:10 855
+1,277.0,131.0,60.0,189.0,16:25:14 088
0,214.0,217.0,214.0,217.0,16:25:14 505
相册,0,0,0,0,16:25:14 556
+1,233.0,162.0,99.0,227.0,16:25:17 170
+1,262.0,164.0,105.79618,224.70752,16:25:17 945
-1,75.0,178.0,249.0,183.0,16:25:18 806
+2,184.0,108.0,215.0,263.0,16:25:19 433
＊主菜单＊,0,0,0,0,16:25:19 497
-1,105.0,186.0,296.8358,218.28171,16:25:22 276
0,219.0,235.0,219.0,235.0,16:25:22 769
支付宝,0,0,0,0,16:25:22 860
任务3, 结束
任务4, 开始
+2,150.0,97.0,133.98598,277.4078,16:25:41 700
＊主菜单＊,0,0,0,0,16:25:41 745
-1,98.0,157.0,192.0,160.0,16:25:43 474
-1,90.0,180.0,246.0,187.0,16:25:43 860
0,103.0,114.0,103.0,114.0,16:25:44 532
健康运动,0,0,0,0,16:25:44 618
+1,283.0,172.0,83.0,230.0,16:25:48 457
+1,269.0,171.0,68.0,219.0,16:25:51 173
+1,271.0,149.0,106.695404,213.26653,16:25:52 795
+1,265.0,174.0,102.0,231.0,16:25:54 179
任务4, 结束
任务5, 开始
+2,176.0,79.0,147.14775,263.26984,16:26:05 569
＊主菜单＊,0,0,0,0,16:26:05 707
+1,283.0,148.0,133.35283,200.4088,16:26:07 631
+1,248.0,177.0,90.0,234.0,16:26:08 219
+1,257.0,184.0,92.0,255.0,16:26:08 750
0,104.0,180.0,104.0,180.0,16:26:09 697
视频,0,0,0,0,16:26:09 752
+1,237.0,157.0,155.2796,191.15552,16:26:11 619
任务5, 结束
＊＊＊＊＊＊＊＊＊＊＊＊＊＊＊＊＊＊＊＊＊＊＊＊＊＊＊＊＊＊
+2,207.0,96.0,195.0,283.0,16:26:15 467
＊主菜单＊,0,0,0,0,16:26:15 574
