0,163.0,188.0,163.0,188.0,16:05:42 946
+1,244.0,192.0,46.0,220.0,16:05:45 106
-1,97.0,190.0,214.89389,180.85023,16:05:46 194
任务1, 开始
+1,262.0,165.0,33.35436,221.69461,16:06:07 758
+1,278.0,164.0,123.0,202.0,16:06:09 067
0,104.0,235.0,104.0,235.0,16:06:11 907
天气,0,0,0,0,16:06:11 944
+1,265.0,155.0,116.0,184.0,16:06:16 457
+1,270.0,183.0,92.0014,220.74965,16:06:18 244
+1,268.0,183.0,88.19216,220.26274,16:06:19 294
+1,277.0,172.0,96.0,191.0,16:06:20 556
-1,61.0,221.0,274.0,218.0,16:06:21 620
-1,85.0,200.0,267.0,197.0,16:06:22 291
-1,82.0,196.0,314.21542,206.14769,16:06:23 356
+1,272.0,144.0,147.0,162.0,16:06:24 419
+1,296.0,155.0,137.0,171.0,16:06:24 991
+1,240.0,151.0,130.0,186.0,16:06:25 769
-1,75.0,197.0,265.0,182.0,16:06:26 622
-1,74.0,187.0,253.0,181.0,16:06:27 216
-1,78.0,185.0,272.0,183.0,16:06:27 753
-1,86.0,166.0,287.0,177.0,16:06:29 388
+1,303.0,167.0,120.0,217.0,16:06:30 702
+1,285.0,167.0,105.0,197.0,16:06:31 500
+1,298.0,164.0,137.0,198.0,16:06:32 032
任务1, 结束
任务2, 开始
+2,156.0,57.0,127.0,280.0,16:06:43 718
＊主菜单＊,0,0,0,0,16:06:43 839
-1,71.0,179.0,266.0,191.0,16:06:47 998
-1,72.0,191.0,308.44772,217.94186,16:06:49 088
-1,66.0,183.0,297.0,178.0,16:06:50 105
-1,77.0,182.0,279.0,204.0,16:06:51 067
0,99.0,236.0,99.0,236.0,16:06:52 338
新浪微博,0,0,0,0,16:06:52 433
+1,286.0,161.0,88.55502,219.73882,16:06:56 915
+1,265.0,158.0,97.0935,205.49796,16:06:58 056
任务2, 结束
任务3, 开始
+2,140.0,69.0,153.4923,280.41162,16:07:22 765
＊主菜单＊,0,0,0,0,16:07:22 857
-1,66.0,183.0,295.0,181.0,16:07:25 724
-1,86.0,184.0,259.0,182.0,16:07:26 815
+1,294.0,171.0,93.087,222.9738,16:07:27 847
+1,267.0,150.0,84.0,204.0,16:07:28 445
+1,263.0,156.0,133.0,180.0,16:07:29 324
0,220.0,223.0,220.0,223.0,16:07:30 598
相册,0,0,0,0,16:07:30 688
+1,260.0,152.0,59.0,198.0,16:07:34 077
+1,262.0,178.0,58.0,222.0,16:07:34 808
+1,275.0,158.0,41.709835,212.1658,16:07:36 541
-1,31.0,175.0,289.43375,183.13655,16:07:37 371
+1,209.0,153.0,61.0,206.0,16:07:39 748
+1,288.0,174.0,69.0,229.0,16:07:40 397
任务3, 结束
任务4, 开始
+2,129.0,57.0,143.0,263.0,16:07:58 113
＊主菜单＊,0,0,0,0,16:07:58 183
-1,67.0,154.0,302.0,169.0,16:08:01 885
-1,60.0,152.0,218.0,182.0,16:08:03 037
-1,60.0,161.0,269.13666,176.31107,16:08:03 934
+1,271.0,145.0,50.52237,194.41838,16:08:06 012
+1,264.0,177.0,105.0,187.0,16:08:07 371
+1,288.0,160.0,71.0,186.0,16:08:08 710
+1,256.0,170.0,110.0,184.0,16:08:09 900
+1,262.0,177.0,67.0,198.0,16:08:11 624
+1,267.0,162.0,115.0,187.0,16:08:12 959
0,103.0,115.0,103.0,115.0,16:08:17 117
系统设置,0,0,0,0,16:08:17 234
-2,65.0,234.0,94.65646,47.343536,16:08:20 973
-1,29.0,180.0,275.0,180.0,16:08:21 996
+2,167.0,55.0,165.0,275.0,16:08:24 675
＊主菜单＊,0,0,0,0,16:08:24 840
0,106.0,226.0,106.0,226.0,16:08:30 953
系统时钟,0,0,0,0,16:08:31 005
+2,141.0,61.0,141.566,300.7002,16:08:33 691
＊主菜单＊,0,0,0,0,16:08:33 857
-1,93.0,189.0,279.26498,212.25987,16:08:36 101
-1,97.0,176.0,296.0,177.0,16:08:39 708
0,103.0,226.0,103.0,226.0,16:08:41 416
卡包,0,0,0,0,16:08:41 455
+1,287.0,169.0,92.790405,186.95995,16:08:44 454
+1,234.0,150.0,102.0,178.0,16:08:45 387
+1,276.0,150.0,140.0,179.0,16:08:46 401
-1,90.0,171.0,298.0,175.0,16:08:49 116
-1,104.0,149.0,296.28278,156.66263,16:08:53 167
+1,266.0,139.0,101.0,171.0,16:08:53 813
+2,140.0,100.0,139.0398,283.64453,16:09:02 670
＊主菜单＊,0,0,0,0,16:09:02 757
-1,82.0,163.0,262.0,180.0,16:09:06 375
0,194.0,125.0,194.0,125.0,16:09:09 602
音乐,0,0,0,0,16:09:09 642
+1,268.0,195.0,42.263557,263.73038,16:09:12 595
+1,290.0,195.0,148.0,218.0,16:09:12 873
+2,148.0,67.0,159.32901,284.215,16:09:15 082
＊主菜单＊,0,0,0,0,16:09:15 125
-1,97.0,181.0,281.0,186.0,16:09:18 162
-1,123.0,182.0,295.0,180.0,16:09:21 198
-1,90.0,203.0,281.02274,188.56422,16:09:23 591
任务4, 结束
任务5, 开始
0,216.0,219.0,216.0,219.0,16:09:40 614
国际象棋,0,0,0,0,16:09:40 657
+1,274.0,174.0,103.0,210.0,16:09:47 859
任务5, 结束
＊＊＊＊＊＊＊＊＊＊＊＊＊＊＊＊＊＊＊＊＊＊＊＊＊＊＊＊＊＊
