0,147.0,182.0,147.0,182.0,16:14:42 183
+2,170.0,32.0,177.0,264.0,16:14:43 818
＊主菜单＊,0,0,0,0,16:14:43 929
任务1, 开始
+1,294.0,140.0,94.0,225.0,16:14:52 271
+1,280.0,180.0,143.0,232.0,16:14:53 902
+1,303.0,173.0,125.0,220.0,16:14:55 131
+1,302.0,164.0,117.0,199.0,16:14:56 424
+1,307.0,162.0,145.0,212.0,16:14:58 103
+1,282.0,147.0,140.0,165.0,16:15:00 101
-1,133.0,162.0,289.6045,157.27727,16:15:02 181
+1,292.0,157.0,72.19386,192.90552,16:15:03 565
-1,111.0,143.0,254.0,145.0,16:15:04 730
+1,216.0,197.0,104.0,232.0,16:15:05 547
+1,242.0,212.0,103.0,268.0,16:15:06 158
+1,284.0,176.0,46.975433,228.17238,16:15:06 467
0,203.0,116.0,203.0,116.0,16:15:08 619
自带导航,0,0,0,0,16:15:08 660
+2,212.0,50.0,175.94087,283.29663,16:15:12 228
＊主菜单＊,0,0,0,0,16:15:12 329
+2,195.0,115.0,171.0,298.5,16:15:23 090
-1,93.0,191.0,264.18695,169.66318,16:15:23 671
-1,125.0,186.0,301.40045,156.50394,16:15:27 314
-1,84.0,171.0,127.06783,152.54236,16:15:30 236
-1,78.0,167.0,246.0,164.0,16:15:31 221
-1,88.0,174.0,237.0,176.0,16:15:34 851
-1,65.0,167.0,308.0,183.0,16:15:39 938
-1,52.0,178.0,306.0,179.0,16:15:42 241
+1,222.0,152.0,106.0,205.0,16:15:43 009
0,196.0,102.0,196.0,102.0,16:15:43 799
微信,0,0,0,0,16:15:43 844
+1,276.0,189.0,59.0,235.0,16:15:47 038
+1,255.0,171.0,29.797735,269.56488,16:15:48 427
+1,291.0,145.0,50.0,224.0,16:15:49 874
+1,288.0,154.0,75.0,240.0,16:15:50 735
-1,138.0,126.0,176.0,250.0,16:15:53 622
+2,161.0,65.0,142.84616,272.3845,16:15:54 202
＊主菜单＊,0,0,0,0,16:15:54 242
0,109.0,228.0,109.0,228.0,16:15:58 112
短信息,0,0,0,0,16:15:58 176
+1,288.0,152.0,143.0,225.0,16:16:02 435
+1,271.0,180.0,150.0,195.0,16:16:03 793
+2,207.0,53.0,175.55457,291.60715,16:16:04 995
＊主菜单＊,0,0,0,0,16:16:05 063
0,203.0,244.0,203.0,244.0,16:16:08 336
0,217.0,216.0,217.0,216.0,16:16:11 148
邮箱,0,0,0,0,16:16:11 193
+1,273.0,143.0,101.591805,178.07422,16:16:15 187
+2,146.0,71.0,142.0,233.0,16:16:15 939
＊主菜单＊,0,0,0,0,16:16:16 013
-1,61.0,174.0,263.0,198.0,16:16:18 202
+1,227.0,182.0,40.0,230.0,16:16:22 325
+1,270.0,155.0,93.0,164.0,16:16:22 928
-1,90.0,181.0,298.0,194.0,16:16:24 002
0,61.0,107.0,61.0,107.0,16:16:24 476
0,98.0,109.0,98.0,109.0,16:16:25 338
腾讯QQ,0,0,0,0,16:16:25 392
+1,291.0,188.0,111.0,238.0,16:16:28 981
+1,216.0,195.0,61.01766,243.84166,16:16:30 051
+2,162.0,59.0,150.0,275.0,16:16:31 097
＊主菜单＊,0,0,0,0,16:16:31 185
+1,215.0,176.0,90.0,213.0,16:16:33 729
0,113.0,239.0,113.0,239.0,16:16:36 158
新浪微博,0,0,0,0,16:16:36 204
+1,219.0,149.0,10.186237,208.67245,16:16:39 661
+1,237.0,205.0,49.0,187.0,16:16:40 863
+1,225.0,210.0,46.33444,232.24918,16:16:41 813
+1,250.0,163.0,-21.749561,197.74481,16:16:42 683
+2,185.0,112.0,149.0,277.0,16:16:45 658
＊主菜单＊,0,0,0,0,16:16:45 697
+1,258.0,138.0,43.70542,183.694,16:16:46 867
+1,260.0,195.0,100.0,206.0,16:16:48 842
+1,302.0,150.0,96.0,198.0,16:16:51 775
-1,84.0,180.0,270.5088,173.0,16:16:52 858
0,125.0,102.0,125.0,102.0,16:16:53 499
浏览器,0,0,0,0,16:16:53 572
+1,275.0,156.0,95.0,209.0,16:16:56 627
+1,172.0,100.0,139.0,250.0,16:17:02 383
+1,185.0,119.0,126.0,260.0,16:17:03 957
+2,141.0,72.0,143.0,275.0,16:17:04 883
＊主菜单＊,0,0,0,0,16:17:05 004
+1,204.0,141.0,170.0,258.0,16:17:05 533
0,105.0,194.0,105.0,194.0,16:17:07 061
卡包,0,0,0,0,16:17:07 110
+1,226.0,154.0,37.39939,197.59184,16:17:09 621
+1,267.0,150.0,34.0,217.0,16:17:10 074
+1,219.0,174.0,74.0,187.0,16:17:10 931
+1,221.0,176.0,190.0,239.0916,16:17:13 658
任务1, 结束
任务2, 开始
+2,135.0,113.0,141.92757,296.90088,16:17:34 679
＊主菜单＊,0,0,0,0,16:17:34 737
+1,291.0,181.0,114.0,197.0,16:17:36 286
+1,290.0,156.0,74.0,223.0,16:17:37 251
-1,61.0,189.0,266.0,202.0,16:17:38 445
-1,51.0,181.0,191.0,182.0,16:17:39 045
-1,67.0,212.0,306.92618,202.17001,16:17:40 329
0,122.0,195.0,122.0,195.0,16:17:41 907
视频,0,0,0,0,16:17:41 962
+1,233.0,151.0,105.0,191.0,16:17:44 843
-1,128.0,174.0,246.93507,192.65834,16:17:46 289
任务2, 结束
+2,145.0,119.0,124.0,274.0,16:17:54 222
＊主菜单＊,0,0,0,0,16:17:54 671
任务3, 开始
+1,250.0,188.0,54.636887,198.07397,16:17:57 275
+1,263.0,153.0,14.0,183.0,16:18:00 470
+1,251.0,171.0,24.390268,203.77173,16:18:01 454
0,93.0,143.0,93.0,143.0,16:18:02 321
0,87.0,126.0,87.0,126.0,16:18:04 742
系统设置,0,0,0,0,16:18:04 779
0,97.0,61.0,97.0,61.0,16:18:05 802
+1,265.0,158.0,176.53708,156.35704,16:18:11 675
+2,172.0,141.0,163.0,294.3773,16:18:16 208
＊主菜单＊,0,0,0,0,16:18:16 319
+2,112.0,90.0,128.51515,255.67963,16:18:17 131
0,222.0,243.0,222.0,243.0,16:18:18 464
0,198.0,230.0,198.0,230.0,16:18:22 708
下载,0,0,0,0,16:18:22 804
+1,260.0,176.0,120.0,195.0,16:18:25 661
+1,264.0,180.0,149.8477,189.2728,16:18:26 578
+1,240.0,183.0,113.24421,196.04651,16:18:28 484
任务3, 结束
任务4, 开始
+2,149.0,56.0,140.6364,217.54521,16:18:42 168
＊主菜单＊,0,0,0,0,16:18:42 206
-1,46.0,144.0,272.0,191.0,16:18:43 759
-1,108.0,188.0,255.0,152.0,16:18:44 138
-1,137.0,132.0,292.0,138.0,16:18:44 308
-1,93.0,144.0,216.0,141.0,16:18:44 590
-1,43.0,184.0,214.0,186.0,16:18:44 904
-1,53.0,157.0,302.0,156.0,16:18:45 820
-1,52.0,186.0,281.40607,184.44049,16:18:46 727
0,128.0,117.0,128.0,117.0,16:18:48 009
健康运动,0,0,0,0,16:18:48 107
+1,188.0,140.0,18.058077,147.46718,16:18:51 175
+1,256.0,154.0,42.0,197.0,16:18:53 034
+1,293.0,155.0,36.256813,184.45366,16:18:55 130
+1,295.0,170.0,62.218315,222.06866,16:18:56 363
+1,274.0,145.0,54.0,175.0,16:18:57 476
任务4, 结束
任务5, 开始
+2,109.0,107.0,108.0,281.0,16:19:13 396
＊主菜单＊,0,0,0,0,16:19:13 464
+2,148.0,115.0,167.19385,278.56662,16:19:14 031
+1,275.0,183.0,50.0,216.0,16:19:15 750
+1,287.0,178.0,69.0,210.0,16:19:16 869
0,202.0,104.0,202.0,104.0,16:19:17 617
联系人,0,0,0,0,16:19:17 705
+1,227.0,185.0,86.44894,207.40411,16:19:20 666
+1,253.0,144.0,98.10853,154.53078,16:19:20 705
+1,266.0,170.0,53.0,211.0,16:19:21 326
+1,260.0,157.0,52.0,186.0,16:19:22 079
+1,284.0,161.0,51.0,233.0,16:19:23 829
-1,79.0,205.0,297.1042,182.51544,16:19:25 596
-1,86.0,214.0,263.0,200.0,16:19:27 276
-1,90.0,188.0,273.8346,153.62518,16:19:28 154
-1,97.0,194.0,285.0,163.0,16:19:29 055
+2,128.0,103.0,151.67776,288.61118,16:19:32 557
＊主菜单＊,0,0,0,0,16:19:32 632
+1,186.0,154.0,140.0,279.0,16:19:33 370
0,102.0,114.0,102.0,114.0,16:19:36 174
电话,0,0,0,0,16:19:36 238
0,245.0,140.0,245.0,140.0,16:19:39 224
0,249.0,128.0,249.0,128.0,16:19:40 629
+1,289.0,182.0,56.0,241.0,16:19:41 359
任务5, 结束
＊＊＊＊＊＊＊＊＊＊＊＊＊＊＊＊＊＊＊＊＊＊＊＊＊＊＊＊＊＊
