任务1, 开始
+2,219.0,50.0,161.66292,301.68546,20:26:14 771
＊主菜单＊,0,0,0,0,20:26:14 817
-1,144.0,167.0,246.0,153.0,20:26:16 524
-1,179.0,166.0,300.0,151.0,20:26:17 398
-1,167.0,171.0,276.0,151.0,20:26:18 164
+1,261.0,150.0,65.0,173.0,20:26:19 089
+1,214.0,149.0,53.0,167.0,20:26:19 562
+1,221.0,147.0,50.0,154.0,20:26:20 333
+1,257.0,124.0,101.0,145.0,20:26:21 039
0,107.0,205.0,107.0,205.0,20:26:21 735
卡包,0,0,0,0,20:26:21 804
+1,270.0,165.0,110.89652,205.97025,20:26:24 485
+1,261.0,181.0,81.68603,228.75926,20:26:25 336
+1,283.0,183.0,135.2202,214.54922,20:26:28 762
+1,223.0,143.0,73.65413,182.12387,20:26:29 641
任务1, 结束
+2,154.0,93.0,145.0,275.0,20:26:32 377
＊主菜单＊,0,0,0,0,20:26:32 410
+2,181.0,25.0,176.114,188.16402,20:26:33 508
+1,253.0,146.0,93.0,154.0,20:26:37 350
+1,244.0,144.0,90.52042,143.0,20:26:37 469
0,222.0,206.0,222.0,206.0,20:26:37 870
下载,0,0,0,0,20:26:37 909
+1,186.0,71.0,44.405014,154.84186,20:26:39 635
+1,217.0,115.0,55.964077,185.28516,20:26:40 073
+1,185.0,98.0,36.038696,185.05925,20:26:40 648
任务2, 开始
-1,71.0,191.0,320.44147,185.57639,20:26:50 151
+2,168.0,23.0,122.5223,306.26364,20:26:50 919
＊主菜单＊,0,0,0,0,20:26:51 029
-1,176.0,120.0,303.2134,102.40711,20:26:52 468
任务2, 结束
任务3, 开始
-1,86.0,107.0,272.0,108.0,20:27:00 083
-1,97.0,100.0,270.0,96.0,20:27:00 250
-1,118.0,121.0,225.0,109.0,20:27:00 537
-1,86.0,148.0,226.57034,117.191666,20:27:00 701
-1,101.0,167.0,225.0,122.0,20:27:00 994
-1,79.0,163.0,282.0,105.0,20:27:01 267
-1,111.0,163.0,233.10397,147.70314,20:27:01 771
0,99.0,106.0,99.0,106.0,20:27:02 286
健康运动,0,0,0,0,20:27:02 374
+1,298.0,131.0,176.81656,118.45478,20:27:05 876
-1,158.0,137.0,317.89493,132.54906,20:27:06 840
+1,292.0,108.0,103.982956,115.978935,20:27:07 290
+1,249.0,111.0,71.68895,115.44561,20:27:08 230
+1,254.0,130.0,78.18535,118.4565,20:27:08 871
任务3, 结束
+2,208.0,40.0,189.49623,191.82867,20:27:12 093
＊主菜单＊,0,0,0,0,20:27:12 176
任务4, 开始
+1,260.0,118.0,148.0,111.0,20:27:17 383
0,106.0,224.0,106.0,224.0,20:27:18 731
短信息,0,0,0,0,20:27:18 773
+1,227.0,138.0,133.0,143.0,20:27:21 912
+1,252.0,141.0,139.79797,143.481,20:27:23 311
-1,176.0,156.0,313.70404,137.081,20:27:24 510
+2,180.0,32.0,175.54369,201.13593,20:27:25 985
＊主菜单＊,0,0,0,0,20:27:26 115
+1,260.0,127.0,95.0,143.0,20:27:27 911
+1,256.0,130.0,104.0,152.0,20:27:28 531
+1,242.0,134.0,94.24927,157.85358,20:27:29 264
+1,260.0,135.0,97.40777,135.85437,20:27:30 493
-1,136.0,153.0,255.0,131.0,20:27:31 266
0,221.0,223.0,221.0,223.0,20:27:31 718
笔记,0,0,0,0,20:27:31 761
+1,210.0,178.0,47.346725,231.78664,20:27:33 655
+1,257.0,115.0,113.55228,143.3692,20:27:40 218
+1,270.0,100.0,115.5,122.0,20:27:43 733
+2,179.0,50.0,191.93459,289.73834,20:27:48 772
＊主菜单＊,0,0,0,0,20:27:48 832
-1,176.0,128.0,262.0,74.0,20:27:50 559
-1,169.0,169.0,263.0,149.0,20:27:51 032
-1,181.0,137.0,260.0,122.0,20:27:51 620
-1,177.0,193.0,300.40503,153.4973,20:27:52 409
-1,191.0,202.0,293.0,152.0,20:27:53 216
0,228.0,226.0,228.0,226.0,20:27:53 973
邮箱,0,0,0,0,20:27:54 009
+1,266.0,103.0,159.30264,158.56766,20:27:57 276
+1,263.0,130.0,91.0,184.0,20:27:58 142
+1,269.0,104.0,149.71844,155.82524,20:27:59 924
+1,266.0,108.0,130.39235,146.93779,20:28:02 781
+1,261.0,104.0,128.43246,127.721985,20:28:03 741
+1,261.0,108.0,132.5,174.0,20:28:04 731
-1,186.0,138.0,264.79324,61.758434,20:28:05 876
-1,186.0,155.0,307.4188,127.08303,20:28:06 560
-1,176.0,131.0,265.5,58.0,20:28:07 625
-1,208.0,141.0,275.4899,116.2746,20:28:08 367
+2,190.0,48.0,188.56502,275.0852,20:28:09 248
＊主菜单＊,0,0,0,0,20:28:09 283
0,220.0,105.0,220.0,105.0,20:28:11 744
微信,0,0,0,0,20:28:11 783
+1,269.0,134.0,157.41798,147.73401,20:28:16 034
+1,248.0,107.0,70.5,189.0,20:28:16 871
+1,275.0,106.0,122.0,178.5,20:28:18 035
+1,258.0,101.0,89.2278,186.21776,20:28:18 949
+1,264.0,128.0,157.13647,149.89081,20:28:19 694
+2,184.0,54.0,217.0,288.0,20:28:20 174
＊主菜单＊,0,0,0,0,20:28:20 228
0,252.0,219.0,252.0,219.0,20:28:22 765
0,231.0,217.0,231.0,217.0,20:28:24 246
邮箱,0,0,0,0,20:28:24 308
+1,261.0,97.0,176.99094,100.32726,20:28:27 515
+1,261.0,109.0,128.2265,153.18864,20:28:29 132
+1,268.0,123.0,121.0,160.5,20:28:36 779
+1,267.0,104.0,185.0,131.0,20:28:37 334
+1,264.0,109.0,197.22253,149.19156,20:28:38 222
+1,269.0,104.0,200.0,122.0,20:28:38 989
+1,274.0,99.0,172.0,132.0,20:28:39 983
+2,207.0,34.0,213.0,259.0,20:28:41 010
＊主菜单＊,0,0,0,0,20:28:41 119
+1,260.0,136.0,133.0,145.0,20:28:43 162
+1,249.0,169.0,164.69943,156.96375,20:28:43 929
+1,262.0,190.0,148.0,201.0,20:28:44 733
0,221.0,225.0,221.0,225.0,20:28:45 398
笔记,0,0,0,0,20:28:45 460
+1,261.0,70.0,130.89066,107.27508,20:28:47 269
+1,253.0,89.0,192.73167,86.93822,20:28:48 215
+1,263.0,73.0,219.10942,83.4234,20:28:49 537
+2,191.0,36.0,216.0,245.5,20:28:50 692
＊主菜单＊,0,0,0,0,20:28:50 751
+1,244.0,97.0,183.0,103.0,20:28:53 379
+1,236.0,103.0,152.37999,112.367004,20:28:54 377
+1,252.0,104.0,173.12454,98.39622,20:28:55 865
-1,180.0,111.0,277.40112,64.1243,20:28:56 267
-1,199.0,128.0,276.7447,132.72916,20:28:56 890
-1,187.0,112.0,268.0,72.0,20:28:57 670
-1,208.0,138.0,272.21893,101.78107,20:28:59 319
-1,167.0,178.0,288.0,107.0,20:29:00 141
-1,191.0,154.0,278.0,98.0,20:29:01 775
-1,205.0,156.0,309.5,100.0,20:29:03 582
0,98.0,121.0,98.0,121.0,20:29:05 418
腾讯QQ,0,0,0,0,20:29:05 457
任务4, 结束
任务5, 开始
+2,146.0,26.0,159.31616,284.63232,20:29:13 387
＊主菜单＊,0,0,0,0,20:29:13 464
-1,206.0,93.0,247.27603,72.06892,20:29:15 444
+1,261.0,106.0,126.0,145.0,20:29:16 163
+1,252.0,111.0,142.43674,135.83623,20:29:16 994
0,226.0,108.0,226.0,108.0,20:29:17 696
音乐,0,0,0,0,20:29:17 734
+1,233.0,103.0,134.97946,122.82776,20:29:19 545
+1,262.0,107.0,135.59642,130.12108,20:29:20 776
任务5, 结束
＊＊＊＊＊＊＊＊＊＊＊＊＊＊＊＊＊＊＊＊＊＊＊＊＊＊＊＊＊＊
