任务1, 开始
+2,178.0,60.0,138.15222,287.1004,20:30:45 301
＊主菜单＊,0,0,0,0,20:30:45 341
-1,139.0,135.0,257.0,104.0,20:30:47 243
-1,138.0,103.0,303.0,124.0,20:30:48 043
-1,145.0,141.0,284.0,138.0,20:30:48 971
+1,292.0,125.0,78.0,141.0,20:30:50 159
+1,244.0,129.0,47.0,135.0,20:30:50 772
+1,238.0,101.0,61.0,101.0,20:30:51 511
+1,252.0,134.0,113.319756,104.52417,20:30:52 313
+1,271.0,139.0,82.0,141.0,20:30:53 342
0,100.0,105.0,100.0,105.0,20:30:54 255
股票,0,0,0,0,20:30:54 322
+1,255.0,106.0,45.390156,127.20328,20:30:57 027
+1,264.0,116.0,43.997623,94.05104,20:30:58 021
+1,263.0,106.0,36.835617,93.21727,20:30:58 691
任务1, 结束
+2,249.0,61.0,127.326485,286.2225,20:31:10 805
＊主菜单＊,0,0,0,0,20:31:10 847
+1,238.0,147.0,74.0,189.0,20:31:13 924
+1,201.0,136.0,39.0,118.0,20:31:14 900
0,100.0,97.0,100.0,97.0,20:31:15 777
系统设置,0,0,0,0,20:31:15 904
任务2, 开始
任务2, 结束
任务3, 开始
+2,203.0,56.0,136.07957,256.56497,20:31:25 965
＊主菜单＊,0,0,0,0,20:31:26 098
-1,106.0,133.0,256.0,115.0,20:31:27 996
-1,116.0,142.0,255.0,116.0,20:31:28 342
-1,98.0,169.0,268.0,143.0,20:31:28 531
-1,101.0,165.0,255.0,146.0,20:31:29 033
-1,138.0,112.0,259.0,117.0,20:31:29 737
-1,132.0,150.0,276.17108,131.71495,20:31:30 411
0,221.0,94.0,221.0,94.0,20:31:31 355
睡眠,0,0,0,0,20:31:31 408
任务3, 结束
任务4, 开始
+2,185.0,59.0,136.02368,241.94362,20:31:40 294
＊主菜单＊,0,0,0,0,20:31:40 336
+1,217.0,128.0,110.17229,137.03445,20:31:41 881
+1,246.0,99.0,56.0,105.0,20:31:42 654
+1,222.0,141.0,57.0,147.0,20:31:43 573
+1,206.0,143.0,49.0,185.0,20:31:44 350
0,219.0,105.0,219.0,105.0,20:31:45 275
联系人,0,0,0,0,20:31:45 343
+1,234.0,78.0,59.0,136.0,20:31:48 283
+1,205.0,102.0,45.374146,154.39607,20:31:48 638
+1,217.0,85.0,54.79246,131.41508,20:31:49 852
+1,175.0,77.0,33.0,143.0,20:31:50 538
-1,74.0,117.0,307.0,135.0,20:31:56 746
-1,131.0,142.0,293.20795,106.96101,20:31:57 550
-1,195.0,129.0,295.0,108.0,20:31:58 199
-1,200.0,151.0,274.5,133.40973,20:31:58 861
+1,244.0,144.0,53.34735,178.4122,20:31:59 897
+1,214.0,164.0,14.896265,193.34494,20:32:00 525
+1,257.0,194.0,43.00695,197.0,20:32:01 199
任务4, 结束
任务5, 开始
+2,139.0,33.0,133.62964,283.31473,20:32:07 411
＊主菜单＊,0,0,0,0,20:32:07 460
+1,226.0,113.0,62.070393,162.53366,20:32:10 843
0,225.0,97.0,225.0,97.0,20:32:11 538
音乐,0,0,0,0,20:32:11 591
+1,288.0,144.0,40.77266,119.57718,20:32:13 293
+1,221.0,100.0,56.0,111.0,20:32:13 709
任务5, 结束
＊＊＊＊＊＊＊＊＊＊＊＊＊＊＊＊＊＊＊＊＊＊＊＊＊＊＊＊＊＊
