任务1, 开始
-1,100.0,142.0,271.0,112.0,20:23:28 337
0,215.0,99.0,215.0,99.0,20:23:29 243
睡眠,0,0,0,0,20:23:29 275
0,219.0,121.0,219.0,121.0,20:23:30 828
+1,204.0,120.0,66.0,147.0,20:23:32 384
+1,256.0,126.0,75.74431,120.08969,20:23:33 615
任务1, 结束
任务2, 开始
+2,174.0,57.0,181.10208,283.79822,20:23:40 313
＊主菜单＊,0,0,0,0,20:23:40 404
+1,228.0,108.0,48.0,108.0,20:23:43 405
+1,238.0,133.0,106.0,119.0,20:23:44 190
+1,247.0,116.0,51.0,144.0,20:23:44 815
+1,218.0,101.0,51.0,143.0,20:23:45 430
+1,232.0,136.0,42.0,153.0,20:23:46 181
+1,230.0,113.0,32.0,176.0,20:23:46 958
0,222.0,228.0,222.0,228.0,20:23:47 776
下载,0,0,0,0,20:23:47 818
任务2, 结束
任务3, 开始
+2,197.0,30.0,101.30026,272.78162,20:23:56 744
＊主菜单＊,0,0,0,0,20:23:56 830
-1,171.0,115.0,296.0,133.0,20:23:58 804
-1,92.0,129.0,288.0,142.0,20:23:59 399
-1,132.0,157.0,326.96115,152.23302,20:24:00 011
-1,105.0,165.0,249.0,144.0,20:24:00 654
-1,157.0,138.0,301.0,112.0,20:24:02 158
0,248.0,119.0,248.0,119.0,20:24:02 916
0,211.0,100.0,211.0,100.0,20:24:04 169
微信,0,0,0,0,20:24:04 293
0,225.0,105.0,225.0,105.0,20:24:05 451
+1,245.0,94.0,42.0,157.0,20:24:06 470
+1,215.0,118.0,46.344578,158.41385,20:24:07 195
+1,188.0,130.0,43.346188,179.47862,20:24:07 841
+1,224.0,113.0,39.812256,162.32751,20:24:08 646
-1,83.0,187.0,266.58685,121.31012,20:24:09 676
-1,128.0,168.0,293.0,134.0,20:24:10 020
+2,184.0,46.0,186.96912,297.3822,20:24:10 538
＊主菜单＊,0,0,0,0,20:24:10 652
+1,249.0,140.0,42.0,172.0,20:24:13 426
0,95.0,210.0,95.0,210.0,20:24:13 825
新浪微博,0,0,0,0,20:24:13 893
任务3, 结束
任务4, 开始
+2,169.0,24.0,155.9944,291.4402,20:24:26 276
＊主菜单＊,0,0,0,0,20:24:26 315
+1,232.0,99.0,60.0,160.0,20:24:28 144
+1,255.0,118.0,96.0,155.0,20:24:28 729
0,224.0,219.0,224.0,219.0,20:24:29 631
笔记,0,0,0,0,20:24:29 718
+1,263.0,115.0,90.23859,155.28882,20:24:31 681
+1,181.0,128.0,25.0,174.0,20:24:32 981
任务4, 结束
任务5, 开始
+2,146.0,68.0,106.23045,294.6769,20:24:38 270
＊主菜单＊,0,0,0,0,20:24:38 313
-1,156.0,145.0,260.0,101.0,20:24:40 414
0,220.0,102.0,220.0,102.0,20:24:41 266
音乐,0,0,0,0,20:24:41 323
+1,196.0,88.0,57.449986,142.72858,20:24:43 769
任务5, 结束
＊＊＊＊＊＊＊＊＊＊＊＊＊＊＊＊＊＊＊＊＊＊＊＊＊＊＊＊＊＊
