任务1, 开始
+2,172.0,35.0,147.82623,295.21524,09:13:03 763
＊主菜单＊,0,0,0,0,09:13:03 791
-1,201.0,222.0,293.0,213.0,09:13:06 435
+1,228.0,194.0,101.52018,271.8456,09:13:06 870
+1,225.0,173.0,78.2892,266.81772,09:13:07 598
+1,230.0,192.0,124.70899,269.582,09:13:08 811
0,218.0,105.0,218.0,105.0,09:13:10 587
联系人,0,0,0,0,09:13:10 722
+1,199.0,148.0,124.0,187.0,09:13:14 006
+1,228.0,141.0,96.49425,193.361,09:13:14 949
+1,233.0,144.0,140.18224,184.40887,09:13:15 928
+1,247.0,135.0,215.18939,146.0,09:13:18 911
-1,151.0,154.0,269.7654,144.54897,09:13:22 444
-1,192.0,162.0,233.15483,154.82234,09:13:23 210
-1,175.0,151.0,225.0,148.0,09:13:24 041
0,235.0,147.0,235.0,147.0,09:13:24 632
-1,230.0,147.0,277.0,141.5,09:13:24 808
+1,221.0,154.0,127.0,192.0,09:13:25 638
+1,205.0,155.0,112.0,196.0,09:13:26 165
+1,230.0,153.0,138.0,194.0,09:13:27 053
+1,254.0,144.0,98.72164,195.99828,09:13:31 299
0,195.0,162.0,195.0,162.0,09:13:31 952
任务1, 结束
+2,148.0,55.0,149.62296,237.20494,09:13:35 843
＊主菜单＊,0,0,0,0,09:13:35 883
+1,224.0,161.0,97.0,228.0,09:13:39 241
0,207.0,102.0,207.0,102.0,09:13:40 297
音乐,0,0,0,0,09:13:40 333
任务2, 开始
+1,215.0,165.0,110.0,227.0,09:13:43 351
+1,228.0,181.0,168.0,220.0,09:13:43 612
+1,234.0,177.0,125.034096,239.72433,09:13:44 193
任务2, 结束
+2,140.0,31.0,136.79388,198.0688,09:13:49 859
＊主菜单＊,0,0,0,0,09:13:49 901
任务3, 开始
-1,160.0,180.0,306.94333,168.36192,09:13:54 087
-1,193.0,195.0,269.57556,187.54897,09:13:55 133
-1,198.0,201.0,294.0,197.0,09:13:56 428
+1,250.0,194.0,170.0,225.0,09:13:57 381
0,210.0,192.0,210.0,192.0,09:13:57 572
+1,201.0,189.0,134.0,234.0,09:13:58 173
+1,211.0,182.0,93.0,250.0,09:13:58 626
+1,224.0,199.0,126.141464,251.67244,09:13:59 884
+1,215.0,183.0,67.0,259.0,09:14:00 652
+1,217.0,190.0,79.0,268.0,09:14:01 869
+1,176.0,154.0,66.0,238.5,09:14:02 617
+1,208.0,182.0,62.0,261.0,09:14:03 581
+1,239.0,186.0,89.12356,262.87643,09:14:05 498
+1,215.0,176.0,75.93597,243.57791,09:14:06 233
0,101.0,131.0,101.0,131.0,09:14:07 480
股票,0,0,0,0,09:14:07 516
+1,226.0,192.0,103.717804,234.83647,09:14:10 506
+1,244.0,193.0,133.44334,232.77834,09:14:11 789
+1,248.0,183.0,139.31334,223.2402,09:14:12 782
任务3, 结束
+2,172.0,28.0,158.7338,264.45377,09:14:21 854
＊主菜单＊,0,0,0,0,09:14:21 897
+1,155.0,187.0,70.0,231.0,09:14:23 622
0,103.0,122.0,103.0,122.0,09:14:24 843
系统设置,0,0,0,0,09:14:24 881
任务4, 开始
任务4, 结束
任务5, 开始
+2,135.0,30.0,130.8703,282.69736,09:14:38 527
＊主菜单＊,0,0,0,0,09:14:38 570
-1,133.0,191.0,230.39346,215.39346,09:14:40 538
-1,162.0,206.0,246.0,210.0,09:14:40 992
-1,148.0,215.0,293.0,190.0,09:14:42 052
-1,154.0,224.0,259.0,218.0,09:14:42 811
-1,187.0,207.0,293.0,195.0,09:14:43 917
-1,149.0,181.0,234.0,174.0,09:14:44 947
0,196.0,137.0,196.0,137.0,09:14:45 890
睡眠,0,0,0,0,09:14:46 020
任务5, 结束
＊＊＊＊＊＊＊＊＊＊＊＊＊＊＊＊＊＊＊＊＊＊＊＊＊＊＊＊＊＊
