任务1, 开始
+2,136.0,56.0,146.0,285.5,20:29:54 721
＊主菜单＊,0,0,0,0,20:29:54 803
+1,269.0,181.0,60.0,207.0,20:29:58 164
+1,296.0,178.0,96.632996,180.44301,20:30:01 287
+1,282.0,183.0,95.0,188.0,20:30:02 652
-1,86.0,177.0,298.0,218.0,20:30:05 326
-1,86.0,204.0,269.0,221.0,20:30:05 718
-1,58.0,184.0,292.0,193.0,20:30:06 317
-1,73.0,187.0,296.0,190.0,20:30:07 431
-1,70.0,160.0,261.0,184.0,20:30:08 748
-1,71.0,151.0,269.0,183.0,20:30:09 780
-1,63.0,194.0,278.75903,226.848,20:30:11 521
+1,246.0,173.0,83.746994,187.81,20:30:12 175
-1,62.0,173.0,297.0,176.0,20:30:12 955
+1,246.0,176.0,64.0,181.0,20:30:13 809
+1,231.0,151.0,61.0,165.0,20:30:14 618
+1,274.0,127.0,38.01431,179.6416,20:30:15 264
+1,222.0,156.0,37.0,184.0,20:30:15 935
+1,268.0,186.0,58.0,194.0,20:30:16 831
+1,246.0,164.0,26.0,162.0,20:30:17 902
0,210.0,231.0,210.0,231.0,20:30:18 510
下载,0,0,0,0,20:30:18 589
+1,269.0,171.0,83.32025,175.55992,20:30:21 369
+1,296.0,155.0,64.0,185.0,20:30:23 081
+1,291.0,176.0,71.0,209.0,20:30:23 974
任务1, 结束
任务2, 开始
+2,144.0,80.0,155.0,301.0,20:30:35 121
＊主菜单＊,0,0,0,0,20:30:35 260
-1,55.0,194.0,290.5,185.0,20:30:37 254
-1,83.0,160.0,296.40622,189.15572,20:30:38 256
-1,77.0,177.0,306.0,173.0,20:30:39 189
0,219.0,100.0,219.0,100.0,20:30:39 930
音乐,0,0,0,0,20:30:39 970
+1,243.0,181.0,46.186264,193.60295,20:30:43 625
+1,288.0,188.0,55.37425,171.51056,20:30:46 611
-1,57.0,190.0,292.66647,188.0,20:30:46 880
0,269.0,118.0,269.0,118.0,20:30:48 209
任务2, 结束
任务3, 开始
+2,149.0,67.0,163.19179,278.34732,20:30:55 886
＊主菜单＊,0,0,0,0,20:30:55 966
+1,264.0,220.0,73.0,238.0,20:30:58 760
0,135.0,240.0,135.0,240.0,20:30:59 378
0,122.0,225.0,122.0,225.0,20:31:01 980
卡包,0,0,0,0,20:31:02 017
+1,275.0,144.0,45.132923,202.39604,20:31:05 318
+1,276.0,151.0,33.0,215.0,20:31:05 979
+1,280.0,150.0,38.24646,217.52386,20:31:06 812
-1,59.0,180.0,295.2163,186.77837,20:31:08 002
-1,98.0,201.0,295.0,184.0,20:31:08 500
-1,65.0,163.0,276.0,173.0,20:31:09 229
+1,295.0,179.0,51.0,233.0,20:31:14 075
+1,293.0,156.0,35.0,232.0,20:31:15 654
+1,277.0,151.0,121.0,204.0,20:31:18 918
任务3, 结束
+2,152.0,57.0,115.0,276.0,20:31:25 567
＊主菜单＊,0,0,0,0,20:31:25 663
任务4, 开始
-1,79.0,181.0,297.0,182.0,20:31:30 112
-1,105.0,191.0,298.0,177.0,20:31:30 800
-1,55.0,209.0,289.0,182.0,20:31:31 785
0,103.0,233.0,103.0,233.0,20:31:32 386
短信息,0,0,0,0,20:31:32 496
+1,264.0,179.0,64.0,227.0,20:31:35 870
+1,231.0,202.0,56.0,206.0,20:31:37 264
+2,160.0,113.0,134.05058,283.55774,20:31:38 474
＊主菜单＊,0,0,0,0,20:31:38 537
0,132.0,109.0,132.0,109.0,20:31:41 135
腾讯QQ,0,0,0,0,20:31:41 178
任务4, 结束
任务5, 开始
+2,185.0,36.0,166.324,281.73828,20:31:55 634
＊主菜单＊,0,0,0,0,20:31:55 679
-1,129.0,207.0,282.0,195.0,20:31:58 220
0,106.0,96.0,106.0,96.0,20:31:59 819
健康运动,0,0,0,0,20:31:59 860
+1,282.0,185.0,105.0,218.0,20:32:02 425
+1,265.0,179.0,56.0,218.0,20:32:03 621
+1,292.0,189.0,37.0,212.5,20:32:04 374
任务5, 结束
＊＊＊＊＊＊＊＊＊＊＊＊＊＊＊＊＊＊＊＊＊＊＊＊＊＊＊＊＊＊
