任务1, 开始
+1,267.0,155.0,54.0,231.0,20:24:16 373
+1,256.0,228.0,55.0,209.0,20:24:17 187
+1,284.0,180.0,87.627914,191.6539,20:24:18 212
+1,267.0,178.0,38.956795,227.63695,20:24:19 225
+1,278.0,192.0,56.0,253.0,20:24:20 264
+1,288.0,204.0,45.38421,236.93375,20:24:21 524
0,223.0,228.0,223.0,228.0,20:24:22 110
下载,0,0,0,0,20:24:22 421
任务1, 结束
任务2, 开始
-1,25.0,141.0,190.0,153.0,20:24:32 596
+2,162.0,58.0,155.41823,309.0188,20:24:32 636
＊主菜单＊,0,0,0,0,20:24:32 693
-1,133.0,222.0,249.0,190.0,20:24:35 431
-1,65.0,198.0,254.0,173.0,20:24:36 208
-1,94.0,229.0,268.0,185.0,20:24:36 672
-1,79.0,196.0,290.27975,196.48909,20:24:37 832
-1,49.0,194.0,283.0,214.0,20:24:39 352
-1,57.0,171.0,267.0,194.0,20:24:40 323
0,200.0,79.0,200.0,79.0,20:24:42 273
睡眠,0,0,0,0,20:24:42 309
+1,227.0,199.0,44.0,230.0,20:24:45 735
+1,274.0,147.0,36.068546,197.87944,20:24:47 250
任务2, 结束
任务3, 开始
+2,130.0,93.0,150.36893,306.5534,20:25:02 102
＊主菜单＊,0,0,0,0,20:25:02 148
+1,238.0,147.0,41.0,209.0,20:25:04 113
0,187.0,99.0,187.0,99.0,20:25:04 578
微信,0,0,0,0,20:25:04 621
0,229.0,110.0,229.0,110.0,20:25:06 229
+1,261.0,207.0,61.0,218.0,20:25:08 581
+1,291.0,190.0,43.494144,184.26161,20:25:09 716
+1,274.0,181.0,73.0,168.0,20:25:11 160
+1,273.0,175.0,18.895903,201.34494,20:25:12 513
+2,192.0,32.0,220.3141,287.2399,20:25:13 760
＊主菜单＊,0,0,0,0,20:25:13 905
+1,294.0,175.0,70.0,169.0,20:25:17 121
+1,280.0,144.0,83.48756,192.5854,20:25:18 841
+1,296.0,180.0,68.0,192.0,20:25:20 240
+1,265.0,154.0,34.0,186.0,20:25:23 914
+1,250.0,203.0,57.0,201.0,20:25:25 424
-1,100.0,173.0,251.0,145.0,20:25:27 127
-1,136.0,148.0,286.0,181.0,20:25:28 421
-1,95.0,151.0,310.0,181.0,20:25:30 464
-1,91.0,186.0,288.0,147.0,20:25:32 482
-1,67.0,177.0,295.0,180.0,20:25:33 670
-1,41.0,178.0,314.0,187.5,20:25:36 210
-1,69.0,176.0,294.0,157.0,20:25:37 224
-1,55.0,146.0,337.7953,140.42278,20:25:38 802
+1,284.0,152.0,14.0,155.0,20:25:39 229
+1,262.0,149.0,45.0,229.0,20:25:39 729
+1,292.0,176.0,56.737774,186.95973,20:25:40 655
+1,231.0,142.0,25.0,185.0,20:25:41 988
+1,263.0,177.0,56.0,180.0,20:25:43 419
+1,282.0,159.0,44.0,150.0,20:25:44 911
-1,89.0,260.0,298.0,193.0,20:25:47 713
-1,67.0,189.0,302.0,162.0,20:25:48 598
-1,57.0,178.0,297.0,203.0,20:25:50 245
-1,64.0,157.0,150.0,153.0,20:25:51 473
0,122.0,211.0,122.0,211.0,20:25:52 488
新浪微博,0,0,0,0,20:25:52 803
任务3, 结束
任务4, 开始
+2,95.0,39.0,143.08458,256.82117,20:26:16 123
＊主菜单＊,0,0,0,0,20:26:16 173
-1,119.0,187.0,227.0,208.0,20:26:22 138
-1,102.0,144.0,324.5553,186.9128,20:26:24 700
+1,253.0,164.0,43.5,177.0,20:26:25 805
0,71.0,116.0,71.0,116.0,20:26:27 316
0,111.0,97.0,111.0,97.0,20:26:30 770
腾讯QQ,0,0,0,0,20:26:30 819
+1,267.0,155.0,50.73936,153.42654,20:26:34 196
+1,268.0,139.0,45.0,168.0,20:26:35 620
+1,285.0,153.0,30.606411,145.7856,20:26:36 666
+2,153.0,95.0,180.0,279.0,20:26:37 177
＊主菜单＊,0,0,0,0,20:26:37 260
0,207.0,103.0,207.0,103.0,20:26:40 091
微信,0,0,0,0,20:26:40 136
+1,261.0,154.0,45.871758,154.59389,20:26:42 914
+1,231.0,179.0,45.0,174.0,20:26:43 789
+1,263.0,167.0,14.653956,184.0467,20:26:44 659
-1,58.0,187.0,292.0,183.0,20:26:45 582
+1,274.0,144.0,42.344578,188.44832,20:26:46 480
+2,127.0,99.0,147.1088,280.8712,20:26:47 187
＊主菜单＊,0,0,0,0,20:26:47 292
+1,301.0,157.0,74.0,166.0,20:26:48 027
+1,289.0,143.0,80.0,181.0,20:26:49 413
+1,256.0,189.0,67.0,198.0,20:26:50 990
+1,282.0,157.0,48.5,157.0,20:26:52 002
+1,271.0,171.0,134.0,152.0,20:26:53 420
-1,70.0,163.0,337.4795,161.37329,20:26:54 745
-1,62.0,165.0,226.0,184.0,20:26:55 241
-1,69.0,178.0,306.0,181.0,20:26:56 007
-1,60.0,187.0,269.0,223.0,20:26:56 998
0,90.0,229.0,90.0,229.0,20:26:57 690
新浪微博,0,0,0,0,20:26:57 864
+1,251.0,187.0,61.0,188.0,20:27:00 779
+1,274.0,152.0,64.0,174.0,20:27:01 820
-1,72.0,182.0,271.0,200.0,20:27:04 568
-1,58.0,200.0,257.4255,172.92915,20:27:04 816
+2,154.0,95.0,184.19553,280.19553,20:27:05 463
＊主菜单＊,0,0,0,0,20:27:05 527
-1,103.0,164.0,308.0,179.0,20:27:07 734
-1,108.0,148.0,292.0,171.0,20:27:10 363
+1,274.0,171.0,96.0,163.0,20:27:12 364
+1,257.0,147.0,83.0,172.0,20:27:13 350
任务4, 结束
任务5, 开始
+1,247.0,191.0,85.13747,166.58615,20:27:23 890
0,260.0,98.0,260.0,98.0,20:27:25 366
0,208.0,100.0,208.0,100.0,20:27:28 114
音乐,0,0,0,0,20:27:28 154
+1,279.0,180.0,84.0,151.0,20:27:30 612
+1,254.0,175.0,55.5,133.5,20:27:33 901
-1,48.0,182.0,284.23944,195.6522,20:27:35 363
0,54.0,180.0,54.0,180.0,20:27:37 579
任务5, 结束
＊＊＊＊＊＊＊＊＊＊＊＊＊＊＊＊＊＊＊＊＊＊＊＊＊＊＊＊＊＊
