+2,134.0,62.0,133.0,278.0,08:26:10 384
＊主菜单＊,0,0,0,0,08:26:10 393
任务1, 开始
+1,271.0,134.0,75.0,177.0,08:26:22 714
+1,266.0,154.0,142.47511,184.07498,08:26:23 629
+1,294.0,163.0,132.0,190.0,08:26:24 581
0,101.0,100.0,101.0,100.0,08:26:26 249
系统设置,0,0,0,0,08:26:26 292
+1,265.0,156.0,67.24335,189.89122,08:26:31 035
-2,185.0,239.0,207.0,29.0,08:26:31 643
+2,177.0,80.0,181.66586,240.55045,08:26:32 811
＊主菜单＊,0,0,0,0,08:26:33 012
+1,177.0,164.0,38.84259,201.19469,08:26:33 511
+1,169.0,220.0,41.98756,226.45564,08:26:36 593
-1,146.0,227.0,213.0,227.0,08:26:37 051
-1,111.0,202.0,248.0,209.0,08:26:39 633
-1,90.0,190.0,260.0,185.0,08:26:41 576
-1,173.0,198.0,290.63483,214.80411,08:26:43 534
-1,140.0,234.0,250.0,226.0,08:26:45 412
-1,134.0,210.0,284.65488,219.92734,08:26:46 887
-1,154.0,175.0,286.0,144.0,08:26:48 432
+1,270.0,182.0,193.0,201.0,08:26:49 454
+1,258.0,198.0,183.0,255.0,08:26:51 154
+1,278.0,161.0,177.79015,184.04663,08:26:53 085
+1,248.0,191.0,179.0,219.0,08:26:55 658
+1,276.0,175.0,159.0,196.0,08:26:56 828
+1,279.0,171.0,177.0,188.0,08:26:57 897
+1,267.0,181.0,156.0,233.0,08:26:59 591
0,100.0,118.0,100.0,118.0,08:27:01 348
系统设置,0,0,0,0,08:27:01 436
-2,251.0,225.0,255.0,55.51813,08:27:04 089
+2,246.0,77.0,203.6206,294.2764,08:27:04 444
＊主菜单＊,0,0,0,0,08:27:04 615
+2,176.0,25.0,170.0,277.0,08:27:05 479
+1,233.0,190.0,116.0,224.0,08:27:06 956
-1,164.0,206.0,267.0032,196.00008,08:27:07 602
-1,180.0,195.0,281.95477,185.37204,08:27:09 786
任务1, 结束
任务2, 开始
-1,149.0,193.0,277.0,198.0,08:27:24 985
-1,151.0,202.0,260.0,218.0,08:27:26 610
-1,162.0,150.0,249.45464,182.16722,08:27:27 612
0,216.0,181.0,216.0,181.0,08:27:28 766
-1,154.0,179.0,262.0,180.0,08:27:29 474
-1,176.0,183.0,216.82315,183.0,08:27:30 657
+1,268.0,148.0,177.99963,188.79326,08:27:31 727
+1,284.0,172.0,186.0,204.0,08:27:33 076
+1,285.0,175.0,147.0,212.0,08:27:35 030
+1,286.0,189.0,121.0,252.0,08:27:36 966
+1,286.0,179.0,138.46132,198.9938,08:27:38 941
0,111.0,219.0,111.0,219.0,08:27:42 561
天气,0,0,0,0,08:27:42 600
+1,281.0,159.0,157.0,183.0,08:27:48 925
+1,277.0,163.0,197.42259,187.77498,08:27:51 575
-1,180.0,207.0,274.66803,212.49727,08:27:51 713
+1,294.0,189.0,179.0,232.0,08:27:54 398
+1,256.0,207.0,128.0,232.0,08:27:55 495
+1,289.0,194.0,158.03409,225.17265,08:27:56 309
+1,273.0,221.0,90.0,241.0,08:27:57 820
-1,94.0,193.0,277.8486,186.33932,08:27:58 433
-1,129.0,220.0,245.0,218.0,08:27:59 353
-1,141.0,200.0,269.76035,206.29372,08:28:00 155
任务2, 结束
任务3, 开始
+2,175.0,37.0,178.0,249.0,08:28:10 598
＊主菜单＊,0,0,0,0,08:28:11 081
+2,172.0,40.0,136.0,263.0,08:28:11 268
-1,178.0,175.0,301.0,175.0,08:28:11 820
-1,120.0,216.0,250.0,221.0,08:28:12 157
-1,138.0,214.0,216.0,225.0,08:28:12 596
-1,102.0,219.0,256.0,207.0,08:28:13 003
-1,70.0,227.0,225.0,215.0,08:28:13 903
0,226.0,243.0,226.0,243.0,08:28:15 197
0,216.0,232.0,216.0,232.0,08:28:18 580
国际象棋,0,0,0,0,08:28:18 616
0,210.0,273.0,210.0,273.0,08:28:22 922
+1,289.0,151.0,126.26861,187.2547,08:28:23 528
0,219.0,260.0,219.0,260.0,08:28:26 085
+1,291.0,139.0,142.92361,166.53668,08:28:26 498
任务3, 结束
任务4, 开始
+2,205.0,30.0,182.0,264.0,08:28:34 215
＊主菜单＊,0,0,0,0,08:28:34 303
+1,286.0,161.0,111.201935,190.83676,08:28:36 653
+1,279.0,189.0,97.0,194.0,08:28:37 371
0,101.0,229.0,101.0,229.0,08:28:38 054
新浪微博,0,0,0,0,08:28:38 095
0,100.0,221.0,100.0,221.0,08:28:38 861
+1,274.0,189.0,173.84793,202.0223,08:28:42 954
+1,230.0,192.0,195.0,211.0,08:28:44 225
+1,277.0,159.0,62.737812,212.1215,08:28:48 417
+1,260.0,182.0,166.0,227.0,08:28:49 003
-1,130.0,223.0,246.5,267.0,08:28:50 118
+1,268.0,180.0,67.4906,231.73834,08:28:51 075
+1,292.0,173.0,141.4906,226.15659,08:28:52 015
-1,93.0,186.0,227.54588,198.73363,08:28:59 803
-1,99.0,177.0,266.0,186.0,08:29:00 571
-1,192.0,209.0,281.02576,218.90189,08:29:03 622
+1,294.0,172.0,128.0,195.0,08:29:04 226
+1,267.0,193.0,184.0,204.0,08:29:04 637
+1,282.0,189.0,178.0,218.0,08:29:05 106
+1,286.0,185.0,178.0,223.0,08:29:05 925
+1,287.0,161.0,175.16219,200.43242,08:29:07 286
任务4, 结束
任务5, 开始
+2,168.0,33.0,139.4819,255.87772,08:29:18 853
＊主菜单＊,0,0,0,0,08:29:18 894
+1,230.0,166.0,143.0,179.0,08:29:21 009
0,245.0,202.0,245.0,202.0,08:29:24 718
0,238.0,223.0,238.0,223.0,08:29:26 128
相册,0,0,0,0,08:29:26 157
-1,189.0,175.0,271.06992,163.2338,08:29:29 082
-1,199.0,184.0,295.25262,197.99356,08:29:29 179
+1,275.0,177.0,122.77152,228.67418,08:29:29 948
0,244.0,176.0,244.0,176.0,08:29:32 117
+1,272.0,183.0,178.73576,224.4947,08:29:35 565
+1,279.0,179.0,97.69266,271.4805,08:29:36 847
-1,113.0,215.0,267.6912,210.19067,08:29:37 573
-1,204.0,195.0,282.68182,222.29222,08:29:40 997
-1,106.0,190.0,256.0,192.0,08:29:42 019
任务5, 结束
＊＊＊＊＊＊＊＊＊＊＊＊＊＊＊＊＊＊＊＊＊＊＊＊＊＊＊＊＊＊
任务1, 开始
