+2,101.0,51.0,117.67943,278.8878,08:31:50 122
＊主菜单＊,0,0,0,0,08:31:50 171
任务1, 开始
+1,258.0,164.0,28.0,184.0,08:32:05 544
+1,275.0,149.0,62.0,191.0,08:32:06 340
+1,291.0,147.0,55.0,236.0,08:32:07 505
0,92.0,87.0,92.0,87.0,08:32:08 927
系统设置,0,0,0,0,08:32:09 107
+1,260.0,129.0,22.0,109.0,08:32:14 117
+1,255.0,181.0,15.759981,174.633,08:32:14 814
+2,120.0,56.0,123.5,285.0,08:32:15 921
＊主菜单＊,0,0,0,0,08:32:16 021
-1,64.0,190.0,242.63327,180.93459,08:32:16 714
+1,243.0,155.0,121.0,189.0,08:32:17 646
0,99.0,140.0,99.0,140.0,08:32:18 107
0,96.0,98.0,96.0,98.0,08:32:19 141
系统设置,0,0,0,0,08:32:19 183
+1,290.0,147.0,57.874695,134.60934,08:32:21 189
+1,161.0,264.0,130.5638,164.9466,08:32:21 571
+2,144.0,62.0,150.85959,284.37003,08:32:22 062
＊主菜单＊,0,0,0,0,08:32:22 101
任务1, 结束
0,61.0,254.0,61.0,254.0,08:32:25 720
+1,265.0,189.0,73.0,182.0,08:32:29 859
0,218.0,99.0,218.0,99.0,08:32:31 185
自带导航,0,0,0,0,08:32:31 226
任务2, 开始
+1,259.0,182.0,69.807724,287.75784,08:32:34 797
+1,230.0,150.0,60.0,264.0,08:32:35 289
-2,188.0,257.0,170.66403,14.048414,08:32:35 641
+2,155.0,57.0,150.45094,309.3062,08:32:35 964
＊主菜单＊,0,0,0,0,08:32:36 095
+1,249.0,154.0,37.0,201.0,08:32:38 727
+1,291.0,169.0,140.0,196.0,08:32:40 670
0,223.0,103.0,223.0,103.0,08:32:40 766
自带导航,0,0,0,0,08:32:40 803
-2,235.0,213.0,202.50468,13.455896,08:32:43 247
+2,177.0,33.0,135.59003,279.02225,08:32:46 101
＊主菜单＊,0,0,0,0,08:32:46 140
+1,252.0,171.0,56.0,187.0,08:32:47 849
+1,295.0,128.0,68.0,188.0,08:32:48 232
-1,112.0,187.0,281.74603,180.038,08:32:48 910
-1,72.0,168.0,304.53708,164.02682,08:32:52 282
-1,127.0,172.0,314.0,156.0,08:32:54 078
-1,100.0,121.0,298.5,123.0,08:32:55 667
-1,133.0,144.0,298.0,128.0,08:32:56 555
-1,115.0,167.0,302.0,159.0,08:32:57 541
-1,89.0,178.0,290.0,172.0,08:32:58 221
-1,169.0,168.0,287.0,168.0,08:32:59 700
+1,268.0,164.0,57.0,232.0,08:33:00 927
+1,271.0,186.0,116.0,203.0,08:33:04 338
+1,294.0,146.0,151.0,181.0,08:33:06 416
+1,293.0,181.0,116.0,199.0,08:33:08 120
+1,281.0,140.0,96.0,188.0,08:33:11 918
+1,279.0,152.0,94.0,213.0,08:33:13 821
+1,302.0,156.0,177.0,198.0,08:33:17 072
0,227.0,90.0,227.0,90.0,08:33:18 410
自带导航,0,0,0,0,08:33:18 463
任务2, 结束
任务3, 开始
+2,141.0,29.0,139.38835,294.4563,08:33:31 925
＊主菜单＊,0,0,0,0,08:33:32 069
-1,100.0,184.0,320.3616,176.11949,08:33:34 687
-1,139.0,167.0,290.0,177.0,08:33:36 190
-1,154.0,146.0,304.5,136.5,08:33:37 503
-1,103.0,166.0,289.0,173.0,08:33:38 523
0,217.0,84.0,217.0,84.0,08:33:40 224
联系人,0,0,0,0,08:33:40 263
+1,265.0,150.0,28.395248,210.12201,08:33:42 975
+1,259.0,178.0,62.65897,191.405,08:33:43 919
+1,274.0,179.0,64.0,219.0,08:33:44 778
+1,244.0,150.0,31.826988,232.96591,08:33:45 857
+1,290.0,150.0,122.26346,194.0426,08:33:49 094
+1,269.0,153.0,96.0,226.0,08:33:50 548
-1,90.0,210.0,223.0,191.0,08:33:50 985
-1,141.0,161.0,267.0,141.0,08:33:53 575
-1,148.0,150.0,320.05847,170.32011,08:33:57 146
-1,137.0,153.0,293.35132,127.21623,08:33:59 833
-1,92.0,209.0,239.0,179.0,08:34:00 570
+2,173.0,61.0,135.9101,276.23618,08:34:01 543
＊主菜单＊,0,0,0,0,08:34:01 636
0,79.0,102.0,79.0,102.0,08:34:04 393
0,109.0,112.0,109.0,112.0,08:34:05 806
电话,0,0,0,0,08:34:05 873
+1,278.0,116.0,35.79798,198.50601,08:34:09 498
任务3, 结束
任务4, 开始
+2,129.0,36.0,171.0,236.0,08:34:26 749
＊主菜单＊,0,0,0,0,08:34:26 829
+1,285.0,145.0,35.342796,191.315,08:34:28 871
+1,264.0,184.0,60.0,193.0,08:34:30 455
+1,258.0,165.0,57.0,194.0,08:34:31 461
-1,91.0,148.0,191.0,143.0,08:34:32 520
-1,64.0,191.0,264.0,176.0,08:34:32 900
0,104.0,232.0,104.0,232.0,08:34:35 362
视频,0,0,0,0,08:34:35 399
+1,297.0,161.0,13.469166,162.77147,08:34:39 550
-1,119.0,174.0,290.0,164.0,08:34:40 272
-1,168.0,146.0,296.0,148.0,08:34:40 919
任务4, 结束
任务5, 开始
+2,136.0,27.0,118.06892,278.34567,08:34:49 613
＊主菜单＊,0,0,0,0,08:34:49 652
-1,118.0,170.0,286.0,189.0,08:34:51 800
-1,90.0,186.0,251.0,205.0,08:34:53 534
-1,108.0,189.0,248.0,188.0,08:34:54 859
0,110.0,79.0,110.0,79.0,08:34:58 847
健康运动,0,0,0,0,08:34:58 942
+1,256.0,126.0,82.0,164.0,08:35:01 674
+1,288.0,155.0,55.0,200.0,08:35:02 517
+1,288.0,101.0,95.0,186.0,08:35:03 167
+1,275.0,174.0,44.076576,254.09468,08:35:04 449
+1,245.0,145.0,56.0,177.0,08:35:05 710
0,256.0,231.0,256.0,231.0,08:35:10 939
+1,285.0,101.0,30.522514,147.10611,08:35:12 188
任务5, 结束
＊＊＊＊＊＊＊＊＊＊＊＊＊＊＊＊＊＊＊＊＊＊＊＊＊＊＊＊＊＊
+2,146.0,24.0,139.9673,294.02576,08:35:36 272
＊主菜单＊,0,0,0,0,08:35:36 368
