任务1, 开始
+1,285.0,174.0,132.0,220.0,17:40:17 419
+1,289.0,183.0,94.908104,207.38573,17:40:18 296
0,98.0,225.0,98.0,225.0,17:40:19 254
视频,0,0,0,0,17:40:19 314
0,105.0,216.0,105.0,216.0,17:40:24 385
+1,286.0,148.0,114.290085,200.89122,17:40:25 388
+1,282.0,137.0,76.2412,235.79326,17:40:26 207
任务1, 结束
任务2, 开始
+2,178.0,66.0,138.33482,271.9961,17:40:33 739
＊主菜单＊,0,0,0,0,17:40:33 813
-1,97.0,181.0,293.0,159.0,17:40:36 630
-1,116.0,178.0,286.78375,150.51544,17:40:37 120
-1,135.0,184.0,279.0,173.0,17:40:38 198
+1,232.0,147.0,103.0,191.0,17:40:39 323
+1,286.0,167.0,97.0,228.9276,17:40:39 790
+1,268.0,175.0,62.0,224.0,17:40:40 294
+1,296.0,171.0,96.77751,225.28778,17:40:41 099
+1,286.0,173.0,67.0,249.0,17:40:42 068
+1,184.0,201.0,99.0,256.0,17:40:42 812
+1,289.0,176.0,80.893555,278.28516,17:40:43 817
0,102.0,105.0,102.0,105.0,17:40:44 444
系统设置,0,0,0,0,17:40:44 480
任务2, 结束
任务3, 开始
+2,158.0,65.0,137.17218,270.86536,17:40:55 788
＊主菜单＊,0,0,0,0,17:40:55 859
-1,120.0,153.0,254.0,143.0,17:40:58 585
-1,137.0,157.0,256.38455,150.5543,17:40:58 940
-1,137.0,184.0,280.0,179.0,17:41:00 107
-1,131.0,177.0,310.18396,180.38335,17:41:00 796
-1,123.0,196.0,259.0,181.0,17:41:01 433
-1,131.0,180.0,269.0,174.0,17:41:01 648
0,98.0,116.0,98.0,116.0,17:41:01 997
健康运动,0,0,0,0,17:41:02 030
+1,286.0,166.0,99.0,220.0,17:41:08 534
+1,289.0,169.0,81.275665,238.86217,17:41:09 188
+1,278.0,176.0,119.82321,221.11786,17:41:10 168
+1,286.0,180.0,87.57295,233.47568,17:41:12 945
任务3, 结束
任务4, 开始
+2,183.0,46.0,177.61646,266.6987,17:41:20 976
＊主菜单＊,0,0,0,0,17:41:21 071
+1,285.0,179.0,136.5,225.0,17:41:24 251
+1,287.0,181.0,154.47139,234.63739,17:41:25 384
+1,289.0,184.0,140.72089,238.66722,17:41:27 785
+1,294.0,165.0,188.0,203.0,17:41:29 397
+1,280.0,180.0,143.39249,252.222,17:41:30 531
-1,119.0,223.0,286.56882,160.87126,17:41:30 996
-1,134.0,186.0,294.0,164.0,17:41:31 847
0,115.0,216.0,115.0,216.0,17:41:32 354
卡包,0,0,0,0,17:41:32 405
+1,293.0,175.0,163.29628,215.96298,17:41:35 074
+1,250.0,192.0,124.99964,271.58652,17:41:36 101
+1,278.0,183.0,138.87605,235.43867,17:41:37 541
+2,204.0,62.0,178.29002,266.5012,17:41:41 200
＊主菜单＊,0,0,0,0,17:41:41 280
+1,295.0,170.0,190.0,198.0,17:41:44 120
0,224.0,200.0,224.0,200.0,17:41:45 209
指南针,0,0,0,0,17:41:45 316
-1,175.0,208.0,285.78806,179.87558,17:41:45 870
+2,186.0,78.0,172.61163,284.60226,17:41:47 534
＊主菜单＊,0,0,0,0,17:41:47 664
+1,276.0,151.0,86.0,247.0,17:41:50 085
-1,139.0,217.0,292.0,180.0,17:41:51 837
-1,151.0,192.0,265.0,180.0,17:41:52 494
-1,167.0,194.0,286.0,182.0,17:41:54 330
-1,139.0,221.0,287.0,181.0,17:41:55 256
-1,173.0,175.0,273.0937,146.63544,17:41:57 434
0,217.0,228.0,217.0,228.0,17:41:58 832
支付宝,0,0,0,0,17:41:58 937
+1,272.0,151.0,50.6206,234.86217,17:42:02 478
任务4, 结束
任务5, 开始
+2,156.0,52.0,134.54945,233.85718,17:42:15 509
＊主菜单＊,0,0,0,0,17:42:15 550
-1,134.0,219.0,287.0,158.0,17:42:18 650
-1,156.0,195.0,291.0,152.0,17:42:18 813
+1,291.0,150.0,102.0,253.0,17:42:20 059
+1,248.0,183.0,94.689514,272.24158,17:42:20 319
+1,279.0,172.0,102.0,260.0,17:42:21 000
+1,279.0,171.0,131.0,238.0,17:42:21 679
+1,267.0,188.0,92.0,277.0,17:42:22 684
-1,169.0,224.0,304.0,176.5,17:42:23 652
+1,296.0,170.0,124.0,226.0,17:42:24 418
+1,294.0,181.0,136.54424,266.16473,17:42:25 177
+1,269.0,176.0,71.02391,268.75653,17:42:26 182
-1,140.0,203.0,294.0,177.0,17:42:27 214
-1,116.0,194.0,292.0,159.0,17:42:27 783
-1,139.0,188.0,292.0,143.0,17:42:28 385
-1,154.0,193.0,274.0,150.0,17:42:29 094
-1,166.0,178.0,278.0,151.0,17:42:29 968
0,210.0,117.0,210.0,117.0,17:42:30 775
微信,0,0,0,0,17:42:30 810
+2,174.0,97.0,173.0,270.0966,17:42:35 077
＊主菜单＊,0,0,0,0,17:42:35 125
-1,121.0,172.0,294.0,144.0,17:42:37 149
+1,291.0,136.0,130.0,195.0,17:42:38 071
+1,279.0,159.0,102.0,201.0,17:42:38 522
+1,243.0,147.0,111.0,200.0,17:42:39 117
+1,296.0,175.0,125.7861,238.66042,17:42:40 182
0,214.0,218.0,214.0,218.0,17:42:40 893
笔记,0,0,0,0,17:42:40 929
+1,286.0,139.0,57.704414,264.73758,17:42:43 141
+1,304.0,170.0,137.93982,238.8832,17:42:44 895
任务5, 结束
＊＊＊＊＊＊＊＊＊＊＊＊＊＊＊＊＊＊＊＊＊＊＊＊＊＊＊＊＊＊
+2,164.0,68.0,141.20674,283.69025,17:42:53 414
＊主菜单＊,0,0,0,0,17:42:53 477
