任务1, 开始
+1,255.0,189.0,53.0,244.0,17:30:07 381
-1,107.0,217.0,265.0,189.0,17:30:08 223
0,214.0,217.0,214.0,217.0,17:30:08 681
国际象棋,0,0,0,0,17:30:08 758
+1,263.0,183.0,82.43016,231.51526,17:30:11 360
任务1, 结束
任务2, 开始
+2,181.0,67.0,154.0,281.0,17:30:22 192
＊主菜单＊,0,0,0,0,17:30:22 389
+1,259.0,191.0,63.0,261.0,17:30:24 704
+1,263.0,190.0,57.0,253.0,17:30:25 556
+1,261.0,191.0,62.067413,270.02808,17:30:26 582
+1,275.0,184.0,56.0,231.0,17:30:29 878
+1,282.0,180.0,89.87603,238.64227,17:30:30 901
-1,137.0,193.0,297.0,181.0,17:30:31 597
-1,132.0,189.0,274.0,189.0,17:30:32 326
-1,166.0,190.0,316.5453,168.87788,17:30:33 238
-1,135.0,204.0,304.0,176.0,17:30:34 434
-1,98.0,181.0,306.0,179.0,17:30:35 371
+1,270.0,188.0,52.104973,261.16852,17:30:36 462
+1,298.0,173.0,40.71221,233.96735,17:30:36 666
+1,249.0,187.0,47.0,229.0,17:30:37 233
0,117.0,102.0,117.0,102.0,17:30:37 772
相机,0,0,0,0,17:30:37 840
+1,256.0,170.0,54.579338,220.81181,17:30:40 709
-2,192.0,245.0,227.0,40.0,17:30:41 983
+1,284.0,116.0,29.0,213.0,17:30:43 031
+1,294.0,145.0,65.0,227.0,17:30:44 435
+1,271.0,149.0,82.0,228.0,17:30:45 700
+2,272.0,135.0,79.89379,288.8067,17:30:47 150
＊主菜单＊,0,0,0,0,17:30:48 088
+2,194.0,71.0,169.0,267.0,17:30:48 126
＊主菜单＊,0,0,0,0,17:30:48 196
+2,138.0,57.0,141.0,271.0,17:30:48 329
+2,198.0,65.0,170.0,256.0,17:30:50 110
0,221.0,212.0,221.0,212.0,17:30:53 619
相册,0,0,0,0,17:30:53 737
0,215.0,238.0,215.0,238.0,17:30:59 946
0,230.0,201.0,230.0,201.0,17:31:00 305
0,227.0,234.0,227.0,234.0,17:31:00 350
0,208.0,213.0,208.0,213.0,17:31:00 397
+1,291.0,183.0,47.0,241.0,17:31:02 192
+1,271.0,179.0,101.0,190.0,17:31:03 736
+1,272.0,190.0,24.805824,220.97087,17:31:04 534
-1,61.0,193.0,277.135,189.4865,17:31:05 777
任务2, 结束
任务3, 开始
+2,203.0,90.0,186.0,263.0,17:31:15 037
＊主菜单＊,0,0,0,0,17:31:15 159
+1,287.0,172.0,31.0,229.0,17:31:17 951
+1,274.0,187.0,52.073563,235.98529,17:31:19 039
0,96.0,222.0,96.0,222.0,17:31:19 654
天气,0,0,0,0,17:31:19 802
+1,267.0,189.0,102.0,243.0,17:31:24 487
+1,281.0,192.0,65.4488,228.08269,17:31:26 324
+1,230.0,192.0,97.96875,223.46307,17:31:27 349
-1,104.0,199.0,299.9602,184.28477,17:31:28 436
+1,258.0,199.0,35.0,233.0,17:31:29 443
-1,95.0,201.0,274.69983,189.72504,17:31:30 465
-1,114.0,218.0,271.0,191.0,17:31:32 136
-1,141.0,195.0,311.0,155.0,17:31:33 079
+1,276.0,185.0,27.0,224.0,17:31:36 006
+1,283.0,192.0,38.5,257.5,17:31:36 077
-1,122.0,203.0,302.0,179.0,17:31:38 434
-1,112.0,203.0,262.81955,185.73401,17:31:38 854
任务3, 结束
任务4, 开始
+2,172.0,47.0,138.0,242.0,17:31:46 054
＊主菜单＊,0,0,0,0,17:31:46 125
+2,179.0,66.0,165.0,265.0,17:31:51 330
+2,184.0,64.0,140.0,263.0,17:31:51 541
+2,162.0,95.0,175.0,278.0,17:31:51 754
+2,177.0,58.0,170.0,235.0,17:31:52 055
-1,98.0,181.0,295.0,147.0,17:31:54 546
-1,134.0,188.0,294.0,161.0,17:31:55 316
-1,120.0,142.0,283.0,139.0,17:31:56 902
-1,113.0,160.0,284.6293,144.06178,17:31:57 384
-1,140.0,179.0,295.0,148.0,17:31:58 670
+1,296.0,179.0,48.0,235.0,17:31:59 751
+1,271.0,184.0,75.767944,239.55801,17:32:00 083
+1,294.0,186.0,103.0,225.0,17:32:00 560
+1,272.0,181.0,67.30891,227.90733,17:32:01 446
+1,266.0,188.0,55.0,245.0,17:32:02 215
+1,278.0,186.0,69.0,270.0,17:32:03 219
0,106.0,142.0,106.0,142.0,17:32:04 031
0,99.0,112.0,99.0,112.0,17:32:06 953
系统设置,0,0,0,0,17:32:06 988
+1,277.0,180.0,40.7035,230.39381,17:32:10 184
-2,180.0,224.0,222.89017,47.90172,17:32:11 175
+1,252.0,146.0,27.168327,201.41583,17:32:12 113
任务4, 结束
任务5, 开始
+2,137.0,54.0,137.22096,276.58087,17:32:20 552
＊主菜单＊,0,0,0,0,17:32:20 655
+1,263.0,187.0,55.0,228.0,17:32:23 094
-1,105.0,189.0,258.0,177.0,17:32:23 647
-1,104.0,189.0,303.0,172.0,17:32:24 360
-1,107.0,202.0,299.93878,182.98367,17:32:25 042
-1,128.0,200.0,306.0,171.0,17:32:25 901
0,115.0,231.0,115.0,231.0,17:32:26 482
新浪微博,0,0,0,0,17:32:26 574
+1,267.0,181.0,57.0,263.0,17:32:30 998
+1,276.0,186.0,52.124107,208.34575,17:32:32 393
-1,105.0,207.0,297.24542,181.41402,17:32:36 182
-1,105.0,207.0,299.15057,183.70354,17:32:36 760
+1,268.0,188.0,51.068554,225.75879,17:32:38 612
+1,264.0,175.0,45.261185,237.38573,17:32:39 038
任务5, 结束
＊＊＊＊＊＊＊＊＊＊＊＊＊＊＊＊＊＊＊＊＊＊＊＊＊＊＊＊＊＊
