任务1, 开始
+2,164.0,70.0,135.0,239.5,17:35:25 031
＊主菜单＊,0,0,0,0,17:35:25 063
+1,249.0,157.0,46.0,189.0,17:35:28 227
+1,305.0,160.0,73.0,225.0,17:35:28 752
+1,280.0,163.0,71.0,203.0,17:35:29 820
+1,303.0,154.0,68.0,225.0,17:35:30 759
0,131.0,128.0,131.0,128.0,17:35:31 852
系统设置,0,0,0,0,17:35:31 948
任务1, 结束
+2,113.0,97.0,107.46343,283.12817,17:35:42 622
＊主菜单＊,0,0,0,0,17:35:42 676
-1,95.0,187.0,313.5,188.5,17:35:45 736
-1,106.0,221.0,292.0,190.0,17:35:46 659
-1,132.0,192.0,273.0,176.0,17:35:47 678
0,112.0,199.0,112.0,199.0,17:35:48 601
视频,0,0,0,0,17:35:48 672
0,112.0,223.0,112.0,223.0,17:35:49 819
任务2, 开始
+1,297.0,143.0,94.26599,210.73401,17:35:56 112
+1,299.0,174.0,42.054718,229.72845,17:35:57 041
-1,89.0,215.0,269.92426,182.54343,17:35:57 646
任务2, 结束
任务3, 开始
+2,174.0,47.0,99.5,286.0,17:36:08 973
＊主菜单＊,0,0,0,0,17:36:09 166
-1,154.0,188.0,268.0,151.0,17:36:11 372
-1,124.0,181.0,301.6921,150.71812,17:36:11 961
-1,142.0,194.0,300.0,181.0,17:36:12 464
0,110.0,103.0,110.0,103.0,17:36:13 447
健康运动,0,0,0,0,17:36:13 505
+1,262.0,175.0,42.0,216.0,17:36:17 040
0,293.0,167.0,293.0,167.0,17:36:18 238
+1,93.0,199.0,58.62691,212.33682,17:36:18 296
+1,301.0,154.0,30.837267,198.82013,17:36:18 595
+1,288.0,168.0,33.91365,214.64594,17:36:19 332
+1,295.0,173.0,66.03787,228.42169,17:36:20 491
+1,300.0,174.0,39.105072,221.28741,17:36:21 537
任务3, 结束
任务4, 开始
+2,144.0,71.0,137.741,274.95047,17:36:33 541
＊主菜单＊,0,0,0,0,17:36:33 586
+1,298.0,159.0,100.0,203.0,17:36:36 716
+1,290.0,151.0,64.0,207.0,17:36:37 943
+1,295.0,155.0,68.0,199.0,17:36:39 437
+1,296.0,158.0,127.18741,216.9167,17:36:40 898
+1,295.0,179.0,60.0,224.0,17:36:43 112
+1,286.0,158.0,35.15937,201.6707,17:36:45 109
-1,114.0,215.0,286.0,191.0,17:36:49 658
-1,100.0,200.0,294.0,163.0,17:36:50 133
0,121.0,103.0,121.0,103.0,17:36:51 182
浏览器,0,0,0,0,17:36:51 323
+1,299.0,164.0,54.819836,231.03003,17:36:53 977
+1,281.0,178.0,80.2308,189.7912,17:36:54 554
+2,218.0,74.0,181.48187,294.27478,17:36:57 801
＊主菜单＊,0,0,0,0,17:36:57 872
+1,275.0,191.0,55.0,228.0,17:37:01 266
+1,297.0,171.0,65.0,232.0,17:37:03 127
0,225.0,103.0,225.0,103.0,17:37:04 988
自带导航,0,0,0,0,17:37:05 058
+1,293.0,160.0,47.663174,230.89122,17:37:07 515
+2,190.0,101.0,155.0,295.5,17:37:08 065
＊主菜单＊,0,0,0,0,17:37:08 152
+1,249.0,180.0,59.0,225.0,17:37:11 220
-1,139.0,196.0,299.0,163.0,17:37:11 869
-1,136.0,151.0,301.0,154.0,17:37:14 895
-1,112.0,186.0,298.0,165.0,17:37:16 768
-1,118.0,172.0,314.0,152.0,17:37:19 015
-1,142.0,183.0,293.0,177.0,17:37:21 138
-1,114.0,177.0,302.0,154.0,17:37:22 600
0,130.0,209.0,130.0,209.0,17:37:29 486
运动秒表,0,0,0,0,17:37:29 524
+2,170.0,104.0,173.0,300.0,17:37:32 551
＊主菜单＊,0,0,0,0,17:37:32 639
任务4, 结束
+1,280.0,135.0,37.062935,199.22377,17:37:44 079
任务5, 开始
任务5, 结束
＊＊＊＊＊＊＊＊＊＊＊＊＊＊＊＊＊＊＊＊＊＊＊＊＊＊＊＊＊＊
