任务1, 开始
-1,59.0,152.0,299.0,177.0,16:26:32 737
+1,226.0,173.0,47.0,181.0,16:26:33 672
+1,240.0,162.0,63.0,181.0,16:26:34 743
+1,242.0,177.0,76.0,190.0,16:26:35 597
0,216.0,98.0,216.0,98.0,16:26:37 160
音乐,0,0,0,0,16:26:37 206
0,223.0,128.0,223.0,128.0,16:26:38 510
+1,243.0,145.0,90.4962,178.16794,16:26:41 323
+1,271.0,147.0,92.92954,171.85486,16:26:42 304
任务1, 结束
+2,136.0,47.0,115.51184,287.5265,16:26:47 331
＊主菜单＊,0,0,0,0,16:26:47 371
任务2, 开始
-1,64.0,187.0,266.0,118.0,16:27:02 065
+1,205.0,166.0,46.0,227.0,16:27:02 825
+1,255.0,172.0,48.0,199.0,16:27:03 306
+1,281.0,172.0,46.072197,190.4285,16:27:03 755
+1,298.0,197.0,39.0,203.0,16:27:04 517
0,217.0,235.0,217.0,235.0,16:27:05 092
笔记,0,0,0,0,16:27:05 140
+1,267.0,156.0,40.617805,229.23743,16:27:07 811
+1,255.0,184.0,94.0,192.0,16:27:08 369
任务2, 结束
任务3, 开始
+2,153.0,49.0,219.9473,262.9844,16:27:18 833
＊主菜单＊,0,0,0,0,16:27:18 863
+1,243.0,166.0,48.0,196.0,16:27:19 709
+1,264.0,179.0,93.0,177.0,16:27:20 219
+1,242.0,162.0,96.0,166.0,16:27:20 806
0,225.0,222.0,225.0,222.0,16:27:21 172
下载,0,0,0,0,16:27:21 230
任务3, 结束
任务4, 开始
+2,141.0,55.0,182.2543,259.8042,16:27:33 815
＊主菜单＊,0,0,0,0,16:27:33 907
-1,121.0,182.0,269.0,180.0,16:27:35 942
-1,97.0,183.0,260.0,183.0,16:27:36 711
-1,96.0,181.0,270.0,174.0,16:27:37 518
-1,101.0,174.0,313.7936,186.89662,16:27:38 251
0,137.0,221.0,137.0,221.0,16:27:38 946
新浪微博,0,0,0,0,16:27:38 979
+2,178.0,92.0,180.96555,291.93146,16:27:45 760
＊主菜单＊,0,0,0,0,16:27:45 806
任务4, 结束
任务5, 开始
-1,47.0,162.0,275.8847,204.21594,16:27:54 260
-1,75.0,168.0,309.0,165.0,16:27:55 114
0,104.0,101.0,104.0,101.0,16:27:56 660
健康运动,0,0,0,0,16:27:56 708
+1,288.0,192.0,61.0,156.0,16:27:59 994
+1,258.0,175.0,17.426876,155.52228,16:28:00 611
+1,137.0,181.0,36.0,177.0,16:28:01 208
+1,272.0,180.0,81.75001,176.24286,16:28:01 906
+1,254.0,153.0,55.0,155.0,16:28:02 597
+2,176.0,42.0,181.8409,288.44138,16:28:03 760
＊主菜单＊,0,0,0,0,16:28:03 851
0,218.0,97.0,218.0,97.0,16:28:06 767
睡眠,0,0,0,0,16:28:06 806
+1,233.0,181.0,50.556015,188.0,16:28:10 971
+1,287.0,181.0,117.0,158.0,16:28:12 164
任务5, 结束
＊＊＊＊＊＊＊＊＊＊＊＊＊＊＊＊＊＊＊＊＊＊＊＊＊＊＊＊＊＊
+2,169.0,34.0,185.93109,291.58685,16:28:17 855
＊主菜单＊,0,0,0,0,16:28:17 900
