任务1, 开始
+2,174.0,59.0,146.603,282.71893,16:38:36 731
＊主菜单＊,0,0,0,0,16:38:36 814
-1,97.0,178.0,304.0,174.0,16:38:39 535
-1,87.0,181.0,307.0,165.0,16:38:40 019
-1,91.0,189.0,264.0,154.0,16:38:40 758
0,218.0,132.0,218.0,132.0,16:38:41 315
音乐,0,0,0,0,16:38:41 351
+1,252.0,190.0,39.0,184.0,16:38:43 863
+1,254.0,178.0,18.0,166.0,16:38:44 815
+1,147.0,184.0,28.0,166.0,16:38:45 728
任务1, 结束
+2,174.0,37.0,173.47577,282.61224,16:38:53 460
＊主菜单＊,0,0,0,0,16:38:53 545
+1,251.0,159.0,62.0,184.0,16:38:56 219
+1,262.0,151.0,13.0,171.0,16:38:56 846
+1,232.0,190.0,24.0,180.0,16:38:57 307
0,112.0,108.0,112.0,108.0,16:38:57 943
系统设置,0,0,0,0,16:38:58 013
任务2, 开始
+2,162.0,45.0,178.02144,264.00565,16:39:05 384
＊主菜单＊,0,0,0,0,16:39:05 465
-1,90.0,169.0,272.0,182.0,16:39:09 149
0,109.0,131.0,109.0,131.0,16:39:12 534
股票,0,0,0,0,16:39:12 573
+1,276.0,183.0,43.5,143.0,16:39:13 169
+1,269.0,172.0,29.0,173.0,16:39:14 463
+1,246.0,179.0,17.688766,176.6722,16:39:15 206
+1,267.0,158.0,57.0,162.0,16:39:16 871
-1,69.0,161.0,283.027,147.08708,16:39:17 721
任务2, 结束
任务3, 开始
+2,214.0,47.0,177.9276,246.34836,16:39:30 878
＊主菜单＊,0,0,0,0,16:39:30 930
-1,100.0,156.0,265.0,145.0,16:39:32 799
-1,100.0,179.0,269.23737,153.27968,16:39:33 419
-1,97.0,174.0,305.72824,159.83548,16:39:34 162
-1,117.0,154.0,299.0,133.0,16:39:34 987
0,230.0,121.0,230.0,121.0,16:39:35 635
联系人,0,0,0,0,16:39:35 698
+1,271.0,160.0,59.0,174.0,16:39:37 761
+1,262.0,179.0,22.770641,194.42201,16:39:38 512
+1,266.0,178.0,11.843708,187.0,16:39:39 153
-1,93.0,203.0,314.37857,158.16353,16:39:40 525
+1,271.0,181.0,13.723976,190.13783,16:39:41 710
任务3, 结束
+2,168.0,55.0,177.95622,279.05136,16:39:55 878
＊主菜单＊,0,0,0,0,16:39:55 963
-1,104.0,197.0,266.0,179.0,16:39:58 996
-1,65.0,168.0,303.89813,160.79141,16:39:59 191
0,210.0,106.0,210.0,106.0,16:40:00 238
睡眠,0,0,0,0,16:40:00 313
任务4, 开始
任务4, 结束
任务5, 开始
任务5, 结束
＊＊＊＊＊＊＊＊＊＊＊＊＊＊＊＊＊＊＊＊＊＊＊＊＊＊＊＊＊＊
