任务1, 开始
0,117.0,102.0,117.0,102.0,16:33:11 685
健康运动,0,0,0,0,16:33:11 735
+1,250.0,173.0,36.0,196.0,16:33:14 850
+1,284.0,159.0,41.447952,159.6206,16:33:16 222
+1,273.0,145.0,31.0,186.0,16:33:17 311
任务1, 结束
任务2, 开始
+2,174.0,27.0,187.28265,264.5802,16:33:27 824
＊主菜单＊,0,0,0,0,16:33:27 880
+1,280.0,192.0,41.0,177.0,16:33:31 014
0,132.0,222.0,132.0,222.0,16:33:32 234
短信息,0,0,0,0,16:33:32 276
+1,251.0,100.0,17.928087,157.50339,16:33:36 909
+1,213.0,182.0,3.78518,185.18773,16:33:37 712
+1,294.0,173.0,14.774525,207.92484,16:33:39 059
-1,65.0,171.0,278.1923,149.56227,16:33:39 885
+2,145.0,30.0,146.64003,292.85077,16:33:46 016
＊主菜单＊,0,0,0,0,16:33:46 108
0,221.0,220.0,221.0,220.0,16:33:50 529
邮箱,0,0,0,0,16:33:50 565
0,240.0,81.0,240.0,81.0,16:33:53 866
+1,267.0,180.0,12.876126,211.51636,16:33:54 460
+1,292.0,181.0,37.344215,182.55168,16:33:55 413
+1,253.0,174.0,33.649902,189.0,16:33:57 327
+1,235.0,169.0,38.654133,184.0327,16:33:58 462
+1,302.0,161.0,35.1131,184.57951,16:33:59 461
-1,76.0,172.0,314.8586,159.24532,16:34:00 516
+1,277.0,189.0,9.556013,212.9673,16:34:00 862
+1,228.0,169.0,11.017074,176.72531,16:34:01 459
-1,98.0,164.0,317.35922,150.48544,16:34:02 310
-1,135.0,152.0,301.0,155.0,16:34:03 765
-1,96.0,159.0,292.35733,191.27971,16:34:04 493
-1,104.0,183.0,308.41833,197.8552,16:34:10 357
-1,122.0,181.0,316.698,192.97453,16:34:11 558
-1,90.0,192.0,235.90752,199.31465,16:34:12 426
+1,267.0,213.0,49.362026,211.5905,16:34:13 261
-1,96.0,147.0,303.50424,179.77147,16:34:14 724
+2,159.0,69.0,181.53845,287.80768,16:34:16 323
＊主菜单＊,0,0,0,0,16:34:16 392
0,130.0,105.0,130.0,105.0,16:34:19 838
腾讯QQ,0,0,0,0,16:34:19 879
任务2, 结束
任务3, 开始
+2,173.0,24.0,180.9673,296.8622,16:34:30 615
＊主菜单＊,0,0,0,0,16:34:30 697
+2,143.0,36.0,191.72198,288.91882,16:34:33 478
+1,224.0,180.0,26.0,183.0,16:34:33 909
+1,265.0,158.0,45.0,191.0,16:34:34 742
+1,291.0,174.0,18.0,200.0,16:34:35 390
0,97.0,193.0,97.0,193.0,16:34:35 819
卡包,0,0,0,0,16:34:35 934
+1,252.0,178.0,42.833996,152.07253,16:34:38 293
+1,269.0,184.0,18.987791,188.66783,16:34:39 112
+1,273.0,174.0,48.290173,180.90155,16:34:40 538
0,142.0,145.0,142.0,145.0,16:34:40 810
+2,199.0,42.0,215.2172,284.69955,16:34:41 775
＊主菜单＊,0,0,0,0,16:34:41 854
任务3, 结束
任务4, 开始
-1,73.0,177.0,253.0,161.0,16:34:49 838
0,231.0,106.0,231.0,106.0,16:34:50 516
音乐,0,0,0,0,16:34:50 555
+1,268.0,176.0,23.0,188.0,16:34:52 241
+1,279.0,176.0,122.0,186.0,16:34:53 411
-1,31.0,171.0,241.9783,140.87447,16:34:54 335
+2,219.0,38.0,153.3794,288.17264,16:34:54 916
＊主菜单＊,0,0,0,0,16:34:55 019
任务4, 结束
任务5, 开始
+1,263.0,180.0,22.0,188.0,16:35:07 041
+1,205.0,186.0,53.0,185.0,16:35:07 346
+1,278.0,178.0,21.652647,188.17368,16:35:07 878
0,211.0,223.0,211.0,223.0,16:35:08 575
下载,0,0,0,0,16:35:08 617
+1,214.0,189.0,43.261604,176.5436,16:35:11 360
+1,289.0,169.0,43.49965,182.0,16:35:11 441
+1,276.0,176.0,76.588715,144.84341,16:35:12 309
任务5, 结束
＊＊＊＊＊＊＊＊＊＊＊＊＊＊＊＊＊＊＊＊＊＊＊＊＊＊＊＊＊＊
