+2,102.0,34.0,144.0,251.0,11:19:41 772
＊主菜单＊,0,0,0,0,11:19:41 877
+2,133.0,80.0,136.37071,262.38013,11:19:42 502
任务1, 开始
0,110.0,219.0,110.0,219.0,11:19:46 898
视频,0,0,0,0,11:19:46 948
+1,291.0,164.0,18.776218,200.72255,11:19:49 279
+1,260.0,191.0,12.441782,238.50041,11:19:52 080
+1,303.0,157.0,-9.0,219.0,11:19:52 550
+1,299.0,151.0,29.0,180.0,11:19:53 142
+2,222.0,49.0,194.0,280.0,11:19:54 181
＊主菜单＊,0,0,0,0,11:19:54 242
-2,195.0,281.0,242.0,77.0,11:19:54 704
-1,72.0,208.0,264.96066,210.84717,11:19:57 151
-1,106.0,182.0,259.0,173.0,11:19:58 302
-1,73.0,209.0,289.0,195.0,11:19:58 962
-1,149.0,215.0,282.06927,168.13783,11:20:00 569
+1,291.0,177.0,59.0,235.0,11:20:00 949
+1,240.0,186.0,52.132088,259.5132,11:20:02 328
+1,278.0,177.0,67.0,192.0,11:20:03 990
+1,278.0,184.0,88.0,250.0,11:20:05 434
+1,282.0,204.0,86.0,263.0,11:20:06 634
+1,291.0,184.0,75.00137,256.60803,11:20:07 806
+1,293.0,194.0,67.776215,272.61188,11:20:09 006
-1,64.0,197.0,305.0,180.0,11:20:09 775
-1,92.0,224.0,293.0,215.0,11:20:10 177
-1,69.0,216.0,279.0,185.0,11:20:10 883
0,218.0,222.0,218.0,222.0,11:20:13 583
相册,0,0,0,0,11:20:13 657
+2,168.0,26.0,179.9796,290.82153,11:20:17 573
＊主菜单＊,0,0,0,0,11:20:17 609
任务1, 结束
-1,55.0,166.0,291.0,179.0,11:20:28 804
任务2, 开始
-1,110.0,119.0,296.0,139.0,11:20:31 695
-1,85.0,150.0,258.0,187.0,11:20:32 277
-1,71.0,165.0,318.5,182.5,11:20:34 036
+1,227.0,206.0,40.552277,223.42734,11:20:34 496
+1,235.0,206.0,54.0,228.0,11:20:35 391
+1,295.0,188.0,43.908104,262.77145,11:20:36 436
+1,296.0,197.0,39.13778,238.83647,11:20:38 453
+1,281.0,188.0,29.858467,259.16907,11:20:39 537
+1,255.0,197.0,17.432465,231.90733,11:20:40 561
+1,288.0,188.0,62.0,215.0,11:20:42 211
0,224.0,220.0,224.0,220.0,11:20:43 037
下载,0,0,0,0,11:20:43 085
+1,292.0,164.0,40.40249,235.88162,11:20:49 072
+1,278.0,183.0,53.0,251.0,11:20:50 544
+1,294.0,183.0,48.699272,240.98943,11:20:51 965
+1,297.0,172.0,38.614914,238.34926,11:20:53 383
-1,36.0,179.0,290.5,176.5,11:20:53 824
-1,67.0,197.0,281.25647,206.0,11:20:54 338
-1,61.0,215.0,298.77405,218.84589,11:20:57 572
-2,240.0,261.0,247.99113,102.00886,11:20:59 121
-1,110.0,186.0,315.37857,173.93459,11:20:59 423
任务2, 结束
任务3, 开始
+2,181.0,29.0,149.09763,226.18947,11:21:11 106
＊主菜单＊,0,0,0,0,11:21:11 157
-1,82.0,163.0,283.0,152.0,11:21:15 584
-1,90.0,198.0,247.0,193.0,11:21:16 949
-1,99.0,181.0,294.0,182.0,11:21:18 073
-1,53.0,194.0,269.26132,194.20633,11:21:19 162
-1,96.0,218.0,267.0,238.0,11:21:20 487
-1,109.0,181.0,258.0,183.0,11:21:22 141
+1,265.0,187.0,44.0,233.0,11:21:22 544
0,219.0,214.0,219.0,214.0,11:21:23 015
邮箱,0,0,0,0,11:21:23 072
+1,295.0,175.0,52.0,229.0,11:21:29 474
+1,276.0,221.0,23.312775,243.29012,11:21:30 866
+1,267.0,217.0,41.566467,233.1302,11:21:31 855
+1,264.0,190.0,25.0,231.0,11:21:32 472
-1,103.0,193.0,303.41705,196.64523,11:21:33 627
-1,96.0,198.0,301.03598,189.86748,11:21:35 525
-1,99.0,217.0,302.13586,208.0,11:21:35 884
-1,98.0,220.0,313.33118,209.42616,11:21:36 688
+1,277.0,174.0,29.987974,198.291,11:21:44 006
+1,281.0,189.0,5.655115,234.32257,11:21:44 673
+1,270.0,196.0,59.0,243.0,11:21:45 540
+1,282.0,187.0,40.867935,231.48517,11:21:46 447
+1,272.0,198.0,34.56012,258.25812,11:21:47 265
+1,267.0,196.0,52.82145,237.30867,11:21:48 533
-1,63.0,204.0,288.61685,185.36526,11:21:49 402
+1,272.0,197.0,43.895546,239.89792,11:21:50 179
+1,299.0,165.0,12.83404,237.75288,11:21:51 733
-1,74.0,183.0,320.35043,188.0,11:21:52 394
任务3, 结束
任务4, 开始
+2,177.0,29.0,141.42055,301.80594,11:22:06 560
＊主菜单＊,0,0,0,0,11:22:06 601
-1,80.0,180.0,301.0,157.0,11:22:08 664
-1,107.0,180.0,255.0,180.0,11:22:09 215
0,97.0,130.0,97.0,130.0,11:22:09 503
健康运动,0,0,0,0,11:22:09 563
+1,229.0,186.0,24.0,230.0,11:22:15 774
+1,276.0,176.0,49.856346,201.18785,11:22:18 571
+1,282.0,192.0,56.0,233.0,11:22:19 358
+1,266.0,183.0,68.6004,202.18584,11:22:20 210
+1,275.0,188.0,58.0,230.0,11:22:21 316
任务4, 结束
任务5, 开始
+2,191.0,62.0,144.0,274.0,11:22:32 210
＊主菜单＊,0,0,0,0,11:22:32 252
+1,292.0,177.0,39.0,232.0,11:22:34 025
+1,209.0,219.0,46.304905,261.65323,11:22:34 311
+1,221.0,205.0,84.10473,240.64441,11:22:34 538
+1,270.0,151.0,77.0,195.0,11:22:35 671
+1,281.0,194.0,35.0,235.0,11:22:36 602
+1,294.0,193.0,91.0,225.0,11:22:37 369
0,218.0,226.0,218.0,226.0,11:22:37 980
下载,0,0,0,0,11:22:38 030
任务5, 结束
＊＊＊＊＊＊＊＊＊＊＊＊＊＊＊＊＊＊＊＊＊＊＊＊＊＊＊＊＊＊
