+2,132.0,57.0,127.1941,253.15604,11:24:35 887
＊主菜单＊,0,0,0,0,11:24:36 019
任务1, 开始
-1,66.0,152.0,307.0,139.0,11:24:48 157
-1,91.0,180.0,277.0,139.0,11:24:48 260
-1,64.0,208.0,213.0,154.0,11:24:48 354
-1,151.0,198.0,302.38486,172.21465,11:24:48 781
-1,65.0,183.0,261.0,146.0,11:24:49 623
-1,77.0,175.0,304.0,133.0,11:24:50 195
0,109.0,108.0,109.0,108.0,11:24:50 933
健康运动,0,0,0,0,11:24:50 979
+2,142.0,28.0,175.5,285.5,11:24:52 667
＊主菜单＊,0,0,0,0,11:24:52 720
0,223.0,96.0,223.0,96.0,11:24:54 520
睡眠,0,0,0,0,11:24:54 559
+1,249.0,154.0,33.0,228.0,11:24:57 400
+1,302.0,156.0,54.62097,239.58202,11:24:58 886
-1,45.0,188.0,247.0,164.0,11:24:59 567
任务1, 结束
+2,184.0,24.0,172.0,291.5,11:25:11 818
＊主菜单＊,0,0,0,0,11:25:11 894
+1,302.0,174.0,48.818665,164.0,11:25:17 212
+1,278.0,189.0,42.0,221.0,11:25:18 588
+1,291.0,190.0,67.0,228.0,11:25:19 926
任务2, 开始
+1,279.0,184.0,36.0,183.0,11:25:23 271
0,213.0,228.0,213.0,228.0,11:25:24 876
笔记,0,0,0,0,11:25:24 907
+1,260.0,169.0,55.23266,228.02312,11:25:27 675
+1,292.0,167.0,36.37583,224.93625,11:25:35 287
+1,231.0,185.0,37.846127,206.00296,11:25:40 623
-1,58.0,196.0,284.44107,230.38734,11:25:51 253
任务2, 结束
任务3, 开始
+2,201.0,48.0,176.24644,273.08548,11:26:03 730
＊主菜单＊,0,0,0,0,11:26:03 799
+1,278.0,154.0,52.01004,205.7408,11:26:08 033
-1,50.0,223.0,282.9003,244.97449,11:26:09 087
-1,62.0,210.0,259.0,234.0,11:26:09 672
0,221.0,93.0,221.0,93.0,11:26:10 480
音乐,0,0,0,0,11:26:10 519
+1,293.0,180.0,42.834274,219.88373,11:26:13 238
+1,273.0,184.0,39.5,244.5,11:26:14 463
任务3, 结束
任务4, 开始
0,209.0,26.0,209.0,26.0,11:26:30 740
+2,194.0,63.0,184.96912,250.22774,11:26:30 906
＊主菜单＊,0,0,0,0,11:26:31 006
-1,65.0,220.0,224.0,242.0,11:26:33 720
+1,263.0,160.0,99.0,181.0,11:26:36 447
-1,90.0,199.0,294.3591,238.49402,11:26:37 532
-1,106.0,190.0,267.0,213.0,11:26:38 182
0,109.0,231.0,109.0,231.0,11:26:40 617
短信息,0,0,0,0,11:26:40 663
0,218.0,74.0,218.0,74.0,11:26:43 075
0,133.0,85.0,133.0,85.0,11:26:44 023
0,220.0,96.0,220.0,96.0,11:26:45 319
+1,216.0,138.0,9.164984,195.06302,11:26:45 819
+1,275.0,181.0,40.0,239.0,11:26:47 015
+2,186.0,35.0,169.03621,251.61304,11:26:49 976
＊主菜单＊,0,0,0,0,11:26:50 056
+1,271.0,152.0,32.272964,234.26797,11:26:52 240
0,223.0,108.0,223.0,108.0,11:26:52 916
联系人,0,0,0,0,11:26:52 966
+1,306.0,159.0,50.0,188.0,11:26:54 907
+1,262.0,181.0,36.719543,234.60751,11:26:55 538
+1,288.0,211.0,35.13325,270.14478,11:26:56 076
+1,284.0,169.0,111.079346,150.92981,11:26:57 421
+1,278.0,141.0,54.201935,175.18985,11:26:58 434
-1,94.0,187.0,335.03378,188.96379,11:26:59 024
-1,101.0,146.0,304.4272,190.44069,11:26:59 690
-1,98.0,140.0,320.06113,184.21222,11:27:00 428
-1,103.0,189.0,293.46826,180.56474,11:27:01 172
任务4, 结束
任务5, 开始
+2,179.0,46.0,202.73206,249.23152,11:27:08 631
＊主菜单＊,0,0,0,0,11:27:08 676
+1,211.0,161.0,54.0,195.0,11:27:09 856
+1,270.0,182.0,35.47352,206.32243,11:27:10 675
+1,286.0,205.0,65.0,213.0,11:27:11 929
+1,292.0,183.0,103.0795,216.73114,11:27:13 185
0,216.0,208.0,216.0,208.0,11:27:13 890
下载,0,0,0,0,11:27:13 930
任务5, 结束
＊＊＊＊＊＊＊＊＊＊＊＊＊＊＊＊＊＊＊＊＊＊＊＊＊＊＊＊＊＊
