任务1, 开始
0,86.0,115.0,86.0,115.0,11:13:35 647
健康运动,0,0,0,0,11:13:35 687
+1,195.0,194.0,15.067829,256.51758,11:13:41 091
+1,266.0,199.0,30.0,186.5,11:13:42 534
+1,232.0,217.0,86.0,238.0,11:13:43 796
任务1, 结束
+1,261.0,85.0,47.423233,158.88898,11:13:55 095
+2,224.0,34.0,185.5,295.5,11:13:55 137
＊主菜单＊,0,0,0,0,11:13:55 181
任务2, 开始
+2,182.0,38.0,130.67905,312.2095,11:13:57 916
+1,236.0,136.0,-26.409412,172.30591,11:13:59 554
0,237.0,101.0,237.0,101.0,11:14:06 096
微信,0,0,0,0,11:14:06 133
+1,171.0,145.0,-27.0,149.0,11:14:11 594
-1,173.0,184.0,256.62265,164.70247,11:14:14 166
0,175.0,97.0,175.0,97.0,11:14:16 108
+1,245.0,151.0,26.037643,173.88614,11:14:18 110
0,120.0,143.0,120.0,143.0,11:14:19 443
+1,231.0,116.0,27.762985,197.3843,11:14:23 342
+1,294.0,189.0,19.553577,156.0947,11:14:24 634
+1,247.0,171.0,25.0,182.0,11:14:25 860
+1,269.0,152.0,28.0,146.0,11:14:28 593
-1,84.0,184.0,345.51874,249.79807,11:14:28 638
-1,52.0,148.0,271.3012,164.17458,11:14:29 146
-1,143.0,161.0,345.02884,151.21904,11:14:29 845
-1,100.0,119.0,276.8283,147.46863,11:14:30 440
+1,280.0,180.0,-18.334679,179.30089,11:14:31 532
+1,185.0,139.0,13.239029,168.08145,11:14:31 992
-2,217.0,179.0,189.58931,23.329374,11:14:34 354
-1,116.0,133.0,185.75743,9.377583,11:14:34 871
+1,98.0,145.0,44.773567,267.2559,11:14:35 063
+2,205.0,100.0,173.80109,294.58047,11:14:35 596
＊主菜单＊,0,0,0,0,11:14:35 640
0,243.0,105.0,243.0,105.0,11:14:38 051
0,274.0,102.0,274.0,102.0,11:14:41 144
0,255.0,99.0,255.0,99.0,11:14:41 348
0,244.0,99.0,244.0,99.0,11:14:42 014
0,181.0,96.0,181.0,96.0,11:14:42 959
微信,0,0,0,0,11:14:43 035
+1,178.0,125.0,20.0,145.0,11:14:45 599
+1,260.0,165.0,30.0,190.0,11:14:47 451
0,103.0,186.0,103.0,186.0,11:14:49 772
-1,82.0,145.0,300.81235,181.72998,11:14:50 505
-1,100.0,161.0,307.75012,147.51453,11:14:51 096
+1,291.0,180.0,31.0,176.5,11:14:52 812
-1,133.0,182.0,289.53653,142.31708,11:14:53 502
+1,291.0,139.0,59.0,143.0,11:14:56 599
-1,31.0,159.0,188.31879,94.09225,11:14:56 833
0,263.0,161.0,263.0,161.0,11:14:57 998
+1,291.0,186.0,-1.8917274,156.964,11:14:58 654
+1,146.0,133.0,13.126984,184.58202,11:15:01 630
-1,66.0,149.0,363.0,191.0,11:15:02 222
任务2, 结束
任务3, 开始
任务3, 结束
任务4, 开始
-1,31.0,133.0,234.39317,110.90662,11:15:29 635
-1,60.0,196.0,203.0,197.5,11:15:29 892
+2,209.0,139.0,150.87189,302.32092,11:15:30 305
＊主菜单＊,0,0,0,0,11:15:30 447
+2,170.0,35.0,135.0,228.0,11:15:30 995
+2,166.0,27.0,213.17645,280.9002,11:15:31 448
+1,262.0,179.0,45.0,141.0,11:15:32 926
+1,273.0,155.0,29.0,221.0,11:15:34 489
+1,295.0,155.0,40.0,136.0,11:15:36 211
+1,306.0,175.0,20.0,197.0,11:15:38 243
+1,232.0,114.0,23.0,201.0,11:15:39 378
0,110.0,128.0,110.0,128.0,11:15:40 149
系统设置,0,0,0,0,11:15:40 196
+1,251.0,140.0,-0.16285133,211.32687,11:15:45 971
-2,170.0,264.0,180.0,101.0,11:15:48 596
+1,291.0,181.0,60.0,189.0,11:15:48 840
0,196.0,210.0,196.0,210.0,11:15:49 142
+2,159.0,116.0,87.2906,282.35837,11:15:49 500
＊主菜单＊,0,0,0,0,11:15:49 592
0,97.0,103.0,97.0,103.0,11:15:52 107
系统设置,0,0,0,0,11:15:52 149
+2,144.0,92.0,109.09031,277.45154,11:15:57 621
＊主菜单＊,0,0,0,0,11:15:57 663
-2,76.0,238.0,142.0,24.0,11:15:57 919
0,99.0,75.0,99.0,75.0,11:15:59 341
系统设置,0,0,0,0,11:15:59 381
+1,259.0,97.0,25.733086,195.03041,11:16:02 426
任务4, 结束
任务5, 开始
+2,176.0,79.0,174.0,287.5,11:16:11 748
＊主菜单＊,0,0,0,0,11:16:11 824
-1,46.0,147.0,231.29407,137.24768,11:16:14 663
-1,101.0,174.0,257.0,233.0,11:16:17 252
-1,76.0,166.0,280.37643,191.67058,11:16:19 150
0,92.0,231.0,92.0,231.0,11:16:21 607
视频,0,0,0,0,11:16:21 649
+1,219.0,156.0,3.4593449,157.89792,11:16:24 309
任务5, 结束
＊＊＊＊＊＊＊＊＊＊＊＊＊＊＊＊＊＊＊＊＊＊＊＊＊＊＊＊＊＊
