+2,80.0,82.0,99.0,274.0,21:41:56 728
＊主菜单＊,0,0,0,0,21:41:56 800
任务1, 开始
+1,232.0,157.0,37.0,201.0,21:42:05 342
+1,217.0,142.0,57.0,177.0,21:42:06 069
+1,275.0,137.0,88.99557,186.23647,21:42:06 664
+1,273.0,148.0,126.0,179.0,21:42:07 482
-1,103.0,180.0,304.0,159.0,21:42:07 881
-1,111.0,158.0,260.0,141.0,21:42:08 129
-1,135.0,176.0,295.0,154.0,21:42:08 571
-1,180.0,177.0,298.0,173.0,21:42:09 136
-1,110.0,180.0,257.0,152.0,21:42:10 460
0,219.0,126.0,219.0,126.0,21:42:11 530
微信,0,0,0,0,21:42:11 580
+1,292.0,156.0,83.07409,198.75858,21:42:15 259
+1,233.0,139.0,98.51186,172.66139,21:42:16 353
+1,234.0,136.0,99.0,151.0,21:42:17 373
+1,226.0,111.0,138.50233,143.24884,21:42:18 482
+1,270.0,134.0,95.037285,183.65631,21:42:19 684
-1,123.0,161.0,254.28154,149.42896,21:42:20 224
-1,140.0,145.0,284.13385,117.12467,21:42:21 953
-1,134.0,158.0,318.4835,132.6206,21:42:23 126
-1,134.0,146.0,280.57602,138.23734,21:42:24 340
-1,51.0,220.0,251.0,179.0,21:42:25 195
-1,103.0,146.0,282.43954,101.86564,21:42:27 206
+2,177.0,59.0,103.0,282.0,21:42:29 200
＊主菜单＊,0,0,0,0,21:42:29 273
+1,205.0,163.0,24.0,200.0,21:42:31 441
+1,295.0,159.0,90.0,199.0,21:42:32 215
-1,140.0,149.0,273.0,137.0,21:42:33 507
-1,152.0,159.0,271.0,149.0,21:42:33 950
-1,150.0,179.0,302.0,149.0,21:42:34 399
-1,177.0,181.0,282.0,153.0,21:42:35 502
-1,177.0,152.0,303.0,134.0,21:42:36 377
+1,296.0,175.0,53.0,221.0,21:42:36 881
+1,237.0,142.0,102.0,177.0,21:42:37 442
+1,277.0,155.0,137.0,157.0,21:42:38 203
+1,252.0,172.0,97.0,220.0,21:42:38 917
0,211.0,220.0,211.0,220.0,21:42:39 537
笔记,0,0,0,0,21:42:39 663
+1,210.0,137.0,78.94154,169.77106,21:42:42 217
+1,252.0,124.0,109.0,185.0,21:42:44 153
任务1, 结束
+2,135.0,40.0,108.71332,245.61386,21:42:51 353
＊主菜单＊,0,0,0,0,21:42:51 478
任务2, 开始
-1,73.0,168.0,306.0,146.0,21:42:55 702
-1,97.0,157.0,270.0,147.0,21:42:56 837
-1,108.0,182.0,311.0,156.0,21:42:57 663
-1,87.0,183.0,292.57056,148.8718,21:42:58 635
0,93.0,101.0,93.0,101.0,21:42:59 765
健康运动,0,0,0,0,21:42:59 818
任务2, 结束
+2,174.0,69.0,144.58669,284.64377,21:43:07 175
＊主菜单＊,0,0,0,0,21:43:07 213
任务3, 开始
+1,232.0,109.0,51.0,153.0,21:43:13 125
+1,288.0,159.0,39.0,229.0,21:43:13 679
+1,274.0,177.0,60.0,233.0,21:43:14 332
+1,277.0,196.0,82.0,242.0,21:43:15 308
+1,273.0,174.0,61.0,222.0,21:43:16 403
+1,281.0,170.0,47.0,234.0,21:43:17 818
0,73.0,99.0,73.0,99.0,21:43:18 423
0,109.0,101.0,109.0,101.0,21:43:20 075
系统设置,0,0,0,0,21:43:20 132
任务3, 结束
+2,192.0,40.0,143.3499,255.82297,21:43:26 445
＊主菜单＊,0,0,0,0,21:43:26 541
任务4, 开始
-1,172.0,160.0,313.0,152.0,21:43:30 735
+1,285.0,172.0,76.0,214.0,21:43:30 882
+1,277.0,152.0,49.0,190.0,21:43:31 508
+1,283.0,152.0,124.0,179.0,21:43:32 079
-1,113.0,181.0,295.0,151.0,21:43:32 411
-1,127.0,146.0,308.0,150.0,21:43:33 008
-1,136.0,157.0,276.0,147.0,21:43:34 075
0,87.0,228.0,87.0,228.0,21:43:37 165
视频,0,0,0,0,21:43:37 202
+1,273.0,152.0,93.820496,203.6944,21:43:38 665
任务4, 结束
任务5, 开始
+2,155.0,53.0,99.78781,278.98862,21:43:45 165
＊主菜单＊,0,0,0,0,21:43:45 204
+1,211.0,211.0,87.0,230.0,21:43:47 812
0,107.0,196.0,107.0,196.0,21:43:50 141
卡包,0,0,0,0,21:43:50 181
+1,233.0,144.0,27.850372,191.83647,21:43:51 818
+1,274.0,138.0,77.0,182.0,21:43:52 667
+1,177.0,227.0,16.860403,233.90503,21:43:55 655
-1,60.0,221.0,296.0188,134.42519,21:43:56 017
-1,181.0,157.0,269.77783,146.88606,21:43:56 406
-1,150.0,176.0,269.4757,145.51328,21:43:56 955
+1,284.0,134.0,52.0,176.0,21:44:04 418
+1,170.0,146.0,87.0,170.0,21:44:05 473
+2,182.0,58.0,105.0,275.0,21:44:06 397
＊主菜单＊,0,0,0,0,21:44:06 536
+1,165.0,197.0,44.034756,232.53598,21:44:09 470
+1,271.0,182.0,53.81711,223.03947,21:44:10 565
+1,278.0,176.0,59.0,229.0,21:44:12 237
-1,185.0,200.0,307.0,156.0,21:44:12 589
-1,153.0,192.0,302.0,181.0,21:44:12 917
-1,135.0,221.0,295.0,184.0,21:44:13 020
-1,110.0,204.0,294.0,183.0,21:44:14 650
0,214.0,229.0,214.0,229.0,21:44:16 122
支付宝,0,0,0,0,21:44:16 158
任务5, 结束
＊＊＊＊＊＊＊＊＊＊＊＊＊＊＊＊＊＊＊＊＊＊＊＊＊＊＊＊＊＊
