任务1, 开始
+2,145.0,29.0,68.0,266.0,21:35:23 425
＊主菜单＊,0,0,0,0,21:35:23 471
-1,110.0,160.0,275.0,152.0,21:35:26 234
-1,112.0,202.0,306.0,183.0,21:35:26 342
-1,134.0,180.0,309.62503,162.69736,21:35:26 928
0,255.0,149.0,255.0,149.0,21:35:27 713
-1,64.0,184.0,294.0,182.0,21:35:28 555
-1,47.0,184.0,302.0,180.0,21:35:29 371
-1,93.0,200.0,329.9816,183.02547,21:35:30 496
0,109.0,138.0,109.0,138.0,21:35:31 188
0,101.0,99.0,101.0,99.0,21:35:33 115
健康运动,0,0,0,0,21:35:33 192
+1,263.0,180.0,55.0,202.0,21:35:36 084
+1,213.0,194.0,23.617405,190.24036,21:35:36 404
+1,264.0,155.0,19.999277,197.34494,21:35:37 329
+1,284.0,155.0,66.0,199.0,21:35:38 157
+1,271.0,162.0,54.0,227.0,21:35:38 936
任务1, 结束
任务2, 开始
+2,135.0,100.0,136.0,278.0,21:35:46 567
＊主菜单＊,0,0,0,0,21:35:46 711
+1,253.0,184.0,69.0,187.0,21:35:49 915
+1,279.0,148.0,32.0,190.0,21:35:50 965
+1,295.0,156.0,107.0,186.0,21:35:52 168
+1,269.0,180.0,39.18201,223.36354,21:35:53 138
+1,204.0,183.0,43.0,228.0,21:35:54 262
+1,267.0,180.0,59.0,226.0,21:35:56 233
0,240.0,114.0,240.0,114.0,21:35:57 127
0,216.0,130.0,216.0,130.0,21:35:59 630
自带导航,0,0,0,0,21:35:59 673
+1,264.0,152.0,32.0,192.0,21:36:01 745
+1,171.0,184.0,51.0,214.0,21:36:02 259
+2,193.0,94.0,149.5,285.0,21:36:02 909
＊主菜单＊,0,0,0,0,21:36:03 013
+2,208.0,97.0,171.0,276.0,21:36:03 790
+1,278.0,173.0,68.0,218.0,21:36:06 264
-1,100.0,197.0,316.44763,128.61508,21:36:10 277
-1,107.0,186.0,303.0,158.0,21:36:11 308
0,106.0,199.0,106.0,199.0,21:36:14 137
卡包,0,0,0,0,21:36:14 180
+1,263.0,158.0,54.0,182.0,21:36:15 619
+1,257.0,175.0,36.838703,226.4144,21:36:16 374
+1,244.0,166.0,73.0,188.0,21:36:17 200
任务2, 结束
+2,147.0,50.0,132.0,281.0,21:36:23 683
＊主菜单＊,0,0,0,0,21:36:23 795
任务3, 开始
-1,29.0,190.0,306.0,166.0,21:36:32 969
+1,294.0,175.0,28.0,222.0,21:36:33 639
+1,268.0,174.0,66.0,182.0,21:36:34 312
+1,294.0,201.0,74.0,232.0,21:36:35 200
0,222.0,191.0,222.0,191.0,21:36:35 797
下载,0,0,0,0,21:36:35 836
+1,283.0,176.0,41.562965,237.02576,21:36:38 684
+1,259.0,228.0,69.0,257.0,21:36:39 558
-1,105.0,180.0,308.0,161.0,21:36:40 831
-1,80.0,183.0,305.0,179.0,21:36:41 567
+2,184.0,58.0,153.66464,286.5091,21:36:42 578
＊主菜单＊,0,0,0,0,21:36:42 666
+1,284.0,157.0,96.0,221.0,21:36:48 753
0,95.0,105.0,95.0,105.0,21:36:51 622
系统设置,0,0,0,0,21:36:51 659
+1,250.0,179.0,30.513313,228.11502,21:36:54 690
+2,178.0,69.0,137.0,278.0,21:36:55 255
＊主菜单＊,0,0,0,0,21:36:55 398
-1,107.0,203.0,298.06424,186.24974,21:36:58 614
-1,98.0,180.0,307.0,163.0,21:37:01 366
0,139.0,91.0,139.0,91.0,21:37:02 654
浏览器,0,0,0,0,21:37:02 704
+1,255.0,145.0,76.10976,176.97467,21:37:05 622
+2,155.0,72.0,150.0,262.13855,21:37:06 129
＊主菜单＊,0,0,0,0,21:37:06 211
-1,99.0,223.0,311.8184,183.24727,21:37:09 211
0,121.0,193.0,121.0,193.0,21:37:11 095
视频,0,0,0,0,21:37:11 170
+1,252.0,156.0,56.0,221.0,21:37:13 007
+1,290.0,196.0,58.67801,231.87599,21:37:13 918
+2,177.0,34.0,150.17978,192.57327,21:37:16 501
＊主菜单＊,0,0,0,0,21:37:16 626
-1,91.0,152.0,306.0,147.0,21:37:19 708
-1,105.0,181.0,305.0,150.0,21:37:20 596
-1,181.0,136.0,302.0,138.0,21:37:22 653
-1,127.0,186.0,325.75916,177.06891,21:37:23 650
-1,70.0,194.0,281.0,146.0,21:37:24 377
+1,290.0,161.0,38.17193,220.24156,21:37:25 880
+1,300.0,168.0,67.0,217.0,21:37:30 146
+1,277.0,193.0,25.0,232.0,21:37:32 770
0,185.0,111.0,185.0,111.0,21:37:36 314
音乐,0,0,0,0,21:37:36 381
+1,275.0,155.0,0.27530098,192.86217,21:37:38 296
+1,272.0,143.0,1.6562977,189.73138,21:37:39 033
+1,261.0,172.0,89.0,198.0,21:37:43 516
+2,134.0,99.0,106.0947,273.8726,21:37:44 252
＊主菜单＊,0,0,0,0,21:37:44 364
+1,287.0,175.0,32.0,226.0,21:37:47 250
+1,254.0,195.0,58.0,230.0,21:37:48 364
+1,231.0,186.0,54.0,237.0,21:37:50 150
0,253.0,215.0,253.0,215.0,21:37:51 931
0,219.0,219.0,219.0,219.0,21:37:53 469
下载,0,0,0,0,21:37:53 521
+1,285.0,157.0,6.2956247,180.23479,21:37:57 159
+1,299.0,166.0,32.20298,229.02501,21:37:58 706
任务3, 结束
+2,147.0,53.0,166.0,281.0,21:38:07 639
＊主菜单＊,0,0,0,0,21:38:07 677
任务4, 开始
-1,113.0,176.0,315.54294,176.35309,21:38:15 311
+1,267.0,176.0,31.0,195.0,21:38:18 245
+1,265.0,190.0,50.0,178.0,21:38:18 636
-1,61.0,216.0,296.0,182.0,21:38:18 912
-1,72.0,173.0,289.0,160.0,21:38:19 811
0,71.0,222.0,71.0,222.0,21:38:20 551
0,222.0,239.0,222.0,239.0,21:38:23 130
笔记,0,0,0,0,21:38:23 169
+1,261.0,158.0,55.0,138.0,21:38:25 111
+1,257.0,151.0,59.0,218.0,21:38:26 608
+2,182.0,55.0,138.0,299.0,21:38:28 244
＊主菜单＊,0,0,0,0,21:38:28 362
0,113.0,215.0,113.0,215.0,21:38:31 132
卡包,0,0,0,0,21:38:31 188
0,100.0,210.0,100.0,210.0,21:38:31 218
+1,122.0,181.0,9.864929,181.0,21:38:32 640
+1,204.0,149.0,10.071342,201.80411,21:38:33 454
+1,265.0,159.0,49.248524,195.6075,21:38:34 651
+2,187.0,37.0,148.0,282.0,21:38:35 822
＊主菜单＊,0,0,0,0,21:38:35 936
-1,100.0,178.0,300.0,179.0,21:38:45 311
-1,99.0,182.0,289.0,143.0,21:38:46 249
0,260.0,134.0,260.0,134.0,21:38:46 958
0,200.0,84.0,200.0,84.0,21:38:48 647
联系人,0,0,0,0,21:38:48 731
+1,238.0,108.0,49.006187,140.17206,21:38:50 691
+1,269.0,104.0,81.190506,158.88141,21:38:51 494
+1,280.0,111.0,73.0,152.0,21:38:52 360
-1,109.0,145.0,306.75916,114.275665,21:38:53 958
+1,258.0,121.0,92.6487,177.6602,21:38:55 812
-1,125.0,174.0,274.0,154.0,21:38:57 120
-1,99.0,177.0,313.5087,135.52481,21:39:00 182
-1,129.0,178.0,308.14975,145.62755,21:39:00 831
-1,101.0,152.0,311.17374,168.0,21:39:01 680
+2,186.0,61.0,169.9329,253.12967,21:39:02 264
＊主菜单＊,0,0,0,0,21:39:02 348
-1,129.0,192.0,300.0,191.0,21:39:05 719
0,253.0,122.0,253.0,122.0,21:39:07 229
0,202.0,106.0,202.0,106.0,21:39:09 168
微信,0,0,0,0,21:39:09 206
+1,261.0,141.0,147.0,179.0,21:39:12 133
+1,233.0,136.0,86.08899,169.291,21:39:12 413
-1,132.0,143.0,299.0605,142.68561,21:39:13 158
+2,169.0,51.0,144.0,273.0,21:39:13 862
＊主菜单＊,0,0,0,0,21:39:13 915
0,123.0,223.0,123.0,223.0,21:39:16 648
短信息,0,0,0,0,21:39:16 684
0,127.0,207.0,127.0,207.0,21:39:17 108
+1,234.0,165.0,91.76983,175.9673,21:39:18 834
+1,283.0,136.0,22.5,199.0,21:39:23 639
+2,191.0,72.0,178.03806,237.04858,21:39:26 676
＊主菜单＊,0,0,0,0,21:39:26 727
-1,109.0,151.0,306.0,165.0,21:39:30 251
+1,269.0,135.0,54.0,145.0,21:39:32 189
0,98.0,106.0,98.0,106.0,21:39:33 481
腾讯QQ,0,0,0,0,21:39:33 577
+1,277.0,142.0,36.72502,186.30681,21:39:36 137
+1,265.0,136.0,26.0,185.0,21:39:37 079
+2,168.0,32.0,134.03088,283.81467,21:39:37 855
＊主菜单＊,0,0,0,0,21:39:37 990
+1,285.0,135.0,101.0,158.0,21:39:40 782
0,199.0,136.0,199.0,136.0,21:39:41 387
联系人,0,0,0,0,21:39:41 423
+1,270.0,144.0,82.20513,175.16615,21:39:43 281
+1,254.0,102.0,90.52237,141.70616,21:39:44 001
+1,272.0,94.0,74.03883,141.85437,21:39:44 779
+2,224.0,51.0,180.0,289.5,21:39:45 944
＊主菜单＊,0,0,0,0,21:39:46 056
0,115.0,104.0,115.0,104.0,21:39:48 417
电话,0,0,0,0,21:39:48 466
+1,222.0,138.0,56.115818,144.04079,21:39:51 364
任务4, 结束
+2,131.0,64.0,139.1549,271.1117,21:39:57 883
＊主菜单＊,0,0,0,0,21:39:57 987
+1,222.0,109.0,105.0,125.0,21:40:04 224
0,64.0,216.0,64.0,216.0,21:40:04 959
任务5, 开始
0,76.0,226.0,76.0,226.0,21:40:08 048
0,114.0,223.0,114.0,223.0,21:40:09 974
视频,0,0,0,0,21:40:10 124
任务5, 结束
＊＊＊＊＊＊＊＊＊＊＊＊＊＊＊＊＊＊＊＊＊＊＊＊＊＊＊＊＊＊
