+2,159.0,38.0,127.49893,292.9707,21:29:17 058
＊主菜单＊,0,0,0,0,21:29:17 111
0,245.0,229.0,245.0,229.0,21:29:29 883
0,217.0,223.0,217.0,223.0,21:29:31 731
国际象棋,0,0,0,0,21:29:31 770
+1,271.0,175.0,79.562965,198.35281,21:29:35 533
任务1, 开始
任务1, 结束
+2,186.0,53.0,127.0,256.0,21:29:44 590
＊主菜单＊,0,0,0,0,21:29:44 630
+1,253.0,181.0,-5.2763863,187.3794,21:29:46 887
+1,234.0,172.0,98.0,180.0,21:29:47 557
+1,295.0,177.0,182.0,178.0,21:29:48 365
任务2, 开始
0,212.0,263.0,212.0,263.0,21:29:51 440
0,226.0,228.0,226.0,228.0,21:29:52 991
相册,0,0,0,0,21:29:53 039
+1,251.0,140.0,18.0,183.0,21:29:56 861
+1,288.0,141.0,18.0,174.0,21:29:57 720
+1,232.0,143.0,14.0,189.0,21:29:59 530
0,170.0,127.0,170.0,127.0,21:30:00 435
0,252.0,245.0,252.0,245.0,21:30:02 829
-1,134.0,229.0,279.7927,195.04947,21:30:02 975
-1,56.0,215.0,262.0,203.0,21:30:04 529
-1,141.0,179.0,304.0,155.0,21:30:05 785
+1,175.0,157.0,34.0,182.0,21:30:06 496
任务2, 结束
任务3, 开始
+2,174.0,29.0,171.93991,284.81973,21:30:12 573
＊主菜单＊,0,0,0,0,21:30:12 620
+1,268.0,179.0,63.0,193.0,21:30:13 972
+1,208.0,148.0,61.828514,177.22174,21:30:14 800
+1,221.0,190.0,53.0,199.0,21:30:15 669
+1,262.0,182.0,39.62359,226.76807,21:30:16 511
-1,141.0,192.0,283.0,202.0,21:30:17 041
-1,20.0,181.0,229.36966,140.92976,21:30:17 204
-1,94.0,139.0,226.0,139.0,21:30:17 628
-1,53.0,192.0,279.50623,166.58643,21:30:18 179
0,76.0,251.0,76.0,251.0,21:30:19 295
0,136.0,224.0,136.0,224.0,21:30:21 104
新浪微博,0,0,0,0,21:30:21 143
0,101.0,196.0,101.0,196.0,21:30:22 305
+1,294.0,114.0,12.0,173.0,21:30:27 581
+1,297.0,141.0,32.03035,184.87135,21:30:27 896
任务3, 结束
-1,81.0,219.0,327.37857,155.22894,21:30:50 247
-1,129.0,177.0,310.74744,176.2587,21:30:51 046
任务4, 开始
+2,160.0,100.0,133.0,271.0,21:31:00 088
＊主菜单＊,0,0,0,0,21:31:00 127
-1,138.0,165.0,310.0,166.0,21:31:02 240
-1,110.0,184.0,303.0,158.0,21:31:03 288
-1,98.0,168.0,298.0,178.0,21:31:04 230
+1,165.0,228.0,59.0,222.0,21:31:04 801
+1,276.0,196.0,71.0,226.0,21:31:05 287
+1,178.0,164.0,53.0,189.0,21:31:06 027
+1,255.0,227.0,25.0,222.0,21:31:07 326
+1,297.0,188.0,125.0,231.0,21:31:08 732
0,76.0,220.0,76.0,220.0,21:31:09 510
0,139.0,257.0,139.0,257.0,21:31:10 644
0,103.0,217.0,103.0,217.0,21:31:11 481
天气,0,0,0,0,21:31:11 545
+1,254.0,159.0,26.491337,227.78163,21:31:16 409
+1,253.0,166.0,28.455988,198.848,21:31:19 091
+1,228.0,163.0,68.0,192.0,21:31:22 029
+1,265.0,170.0,41.0,223.0,21:31:24 588
-1,82.0,216.0,312.98367,132.25238,21:31:25 271
-1,91.0,186.0,299.81543,127.363014,21:31:28 098
-1,166.0,183.0,301.0,113.0,21:31:28 931
+1,213.0,183.0,30.0,221.0,21:31:29 866
+1,241.0,165.0,35.0,220.0,21:31:30 294
-1,87.0,225.0,305.0,189.0,21:31:33 095
-1,123.0,199.0,327.16595,143.15445,21:31:33 132
-1,107.0,201.0,329.5,145.5,21:31:36 066
任务4, 结束
+2,129.0,45.0,107.0,275.0,21:31:46 823
＊主菜单＊,0,0,0,0,21:31:46 862
任务5, 开始
+1,196.0,188.0,38.0,204.0,21:31:52 138
0,95.0,100.0,95.0,100.0,21:31:53 115
系统设置,0,0,0,0,21:31:53 219
+1,103.0,229.0,59.677105,218.462,21:32:00 263
+1,251.0,146.0,5.948492,218.57481,21:32:01 213
+2,140.0,90.0,136.55724,305.01758,21:32:01 957
＊主菜单＊,0,0,0,0,21:32:02 053
-1,137.0,179.0,325.1943,187.0,21:32:08 189
-1,104.0,183.0,307.0,169.0,21:32:09 358
0,125.0,227.0,125.0,227.0,21:32:11 260
卡包,0,0,0,0,21:32:11 336
+1,252.0,93.0,71.24779,170.4837,21:32:15 012
+1,189.0,186.0,23.034096,147.0,21:32:16 371
+1,218.0,142.0,42.0,138.0,21:32:17 641
+2,261.0,100.0,183.63187,281.27542,21:32:19 039
＊主菜单＊,0,0,0,0,21:32:19 095
-1,142.0,190.0,284.0,200.0,21:32:22 228
-1,156.0,156.0,297.0,185.0,21:32:25 158
-1,102.0,171.0,267.0,203.0,21:32:26 627
-1,141.0,130.0,301.0,147.0,21:32:28 390
-1,130.0,216.0,299.0,182.0,21:32:30 155
+1,278.0,185.0,1.4859238,182.8257,21:32:30 888
+1,272.0,193.0,50.689537,189.92302,21:32:31 655
+1,295.0,133.0,49.0,185.0,21:32:32 556
0,120.0,244.0,120.0,244.0,21:32:35 591
+1,268.0,144.0,95.0,199.0,21:32:37 797
+1,292.0,114.0,67.0,219.0,21:32:40 366
+1,283.0,192.0,99.0,177.0,21:32:44 118
0,121.0,107.0,121.0,107.0,21:32:45 205
系统设置,0,0,0,0,21:32:45 255
+1,266.0,193.0,55.103374,201.41385,21:32:49 321
+2,182.0,31.0,107.153404,282.83356,21:32:51 029
＊主菜单＊,0,0,0,0,21:32:51 145
+1,301.0,176.0,204.0,166.0,21:32:54 101
-1,135.0,218.0,309.09494,156.32582,21:32:54 580
-1,75.0,198.0,297.0,180.0,21:32:55 710
-1,113.0,154.0,298.0,164.0,21:32:57 861
0,111.0,105.0,111.0,105.0,21:33:02 135
浏览器,0,0,0,0,21:33:02 195
+1,271.0,104.0,57.0,151.0,21:33:04 454
+1,290.0,137.0,13.689018,196.64273,21:33:05 996
+2,212.0,25.0,163.56993,321.92444,21:33:06 758
＊主菜单＊,0,0,0,0,21:33:06 827
任务5, 结束
＊＊＊＊＊＊＊＊＊＊＊＊＊＊＊＊＊＊＊＊＊＊＊＊＊＊＊＊＊＊
-1,92.0,157.0,301.0,182.0,21:33:14 710
-1,104.0,154.0,294.7641,139.06541,21:33:15 702
+1,224.0,154.0,21.0,182.0,21:33:19 912
+1,267.0,183.0,2.2196274,202.75865,21:33:20 677
+1,268.0,218.0,54.0,232.0,21:33:22 122
+1,206.0,186.0,46.0,193.0,21:33:23 041
0,213.0,229.0,213.0,229.0,21:33:23 560
下载,0,0,0,0,21:33:23 628
