+2,179.0,92.0,157.89238,271.45285,11:47:26 099
＊主菜单＊,0,0,0,0,11:47:26 131
任务1, 开始
+1,201.0,184.0,82.0,220.0,11:47:40 748
-1,55.0,188.0,308.0,181.0,11:47:40 887
-1,54.0,217.0,264.0,188.0,11:47:42 252
0,101.0,225.0,101.0,225.0,11:47:44 120
卡包,0,0,0,0,11:47:44 204
+1,267.0,164.0,114.84342,220.77106,11:47:47 095
+1,229.0,191.0,96.71954,229.38553,11:47:48 159
+1,282.0,176.0,120.0,240.5,11:47:49 423
+1,265.0,184.0,129.0,223.0,11:47:50 852
+1,269.0,180.0,52.494576,215.40688,11:47:51 751
-1,93.0,189.0,316.82953,149.22894,11:47:53 342
-1,101.0,218.0,281.0,211.0,11:47:54 845
-1,160.0,191.0,303.18692,177.41058,11:47:56 098
-1,72.0,209.0,317.96008,177.09454,11:47:58 609
0,220.0,131.0,220.0,131.0,11:48:00 156
+2,186.0,92.0,178.48547,286.52625,11:48:05 320
＊主菜单＊,0,0,0,0,11:48:05 422
-1,131.0,172.0,307.0,172.0,11:48:08 160
-1,141.0,180.0,298.0,142.0,11:48:09 198
-1,117.0,174.0,281.0,154.0,11:48:10 326
+1,240.0,187.0,138.0,221.0,11:48:11 596
0,218.0,234.0,218.0,234.0,11:48:12 411
支付宝,0,0,0,0,11:48:12 496
任务1, 结束
任务2, 开始
+2,209.0,85.0,186.962,301.93604,11:48:35 265
＊主菜单＊,0,0,0,0,11:48:35 341
-1,57.0,198.0,295.0,177.0,11:48:38 217
-1,81.0,206.0,295.0,192.0,11:48:40 675
-1,93.0,192.0,269.0,189.0,11:48:41 493
+1,210.0,195.0,55.0,236.0,11:48:42 010
+1,266.0,191.0,63.0,220.0,11:48:42 718
+1,261.0,211.0,73.0,240.0,11:48:44 680
0,99.0,225.0,99.0,225.0,11:48:45 653
视频,0,0,0,0,11:48:45 711
+1,295.0,182.0,98.0,214.0,11:48:48 838
任务2, 结束
+2,212.0,109.0,188.0,266.0,11:48:52 367
＊主菜单＊,0,0,0,0,11:48:52 418
任务3, 开始
-1,81.0,181.0,294.0,182.0,11:48:57 291
-1,108.0,190.0,281.0,188.0,11:48:58 071
-1,91.0,183.0,286.0,168.0,11:48:58 866
0,104.0,116.0,104.0,116.0,11:48:59 814
健康运动,0,0,0,0,11:48:59 907
+1,214.0,201.0,56.0,255.0,11:49:06 106
+1,256.0,181.0,100.0,217.0,11:49:06 628
+1,236.0,191.0,137.0,221.0,11:49:07 465
+1,260.0,182.0,107.0,218.0,11:49:08 341
任务3, 结束
任务4, 开始
+2,186.0,121.0,169.0947,276.58847,11:49:14 373
＊主菜单＊,0,0,0,0,11:49:14 452
+1,276.0,182.0,113.0,219.0,11:49:19 688
+1,238.0,190.0,134.0,213.0,11:49:20 689
+1,258.0,189.0,150.0,221.0,11:49:22 038
-1,111.0,222.0,295.0,207.0,11:49:23 033
+1,258.0,204.0,102.0,244.0,11:49:24 303
+1,233.0,206.0,139.0,238.0,11:49:25 698
0,199.0,227.0,199.0,227.0,11:49:27 989
笔记,0,0,0,0,11:49:28 093
+1,287.0,150.0,113.54304,185.4457,11:49:30 833
-2,190.0,250.0,204.2725,65.0,11:49:32 986
+1,294.0,181.0,157.02637,177.21968,11:49:33 573
0,210.0,87.0,210.0,87.0,11:49:39 590
0,208.0,107.0,208.0,107.0,11:49:40 469
+1,296.0,159.0,127.55132,209.24156,11:49:41 463
+2,224.0,74.0,213.48724,299.4641,11:49:42 502
＊主菜单＊,0,0,0,0,11:49:42 606
+1,277.0,192.0,140.0,232.0,11:49:45 750
+1,278.0,189.0,112.0,233.0,11:49:47 384
+1,265.0,172.0,148.0,187.0,11:49:49 658
-1,127.0,199.0,299.0,155.0,11:49:50 436
+1,285.0,175.0,169.0,186.0,11:49:51 111
0,102.0,226.0,102.0,226.0,11:49:51 838
系统时钟,0,0,0,0,11:49:51 878
+1,260.0,170.0,127.0,191.0,11:49:55 098
-1,117.0,196.0,312.28198,166.5436,11:49:56 077
+2,200.0,103.0,191.0315,279.17844,11:49:56 774
＊主菜单＊,0,0,0,0,11:49:56 828
-1,165.0,193.0,212.0,188.0,11:49:59 328
0,225.0,113.0,225.0,113.0,11:50:00 402
日历,0,0,0,0,11:50:00 451
+1,286.0,164.0,76.5,204.0,11:50:03 957
+1,297.0,174.0,76.68785,228.71037,11:50:04 750
-1,74.0,197.0,271.0,182.0,11:50:05 203
+2,188.0,78.0,172.57278,296.77734,11:50:05 652
＊主菜单＊,0,0,0,0,11:50:05 738
+1,266.0,181.0,128.0,197.0,11:50:09 009
+1,273.0,179.0,140.0,216.0,11:50:09 839
-1,66.0,232.0,262.0,194.0,11:50:12 595
-1,105.0,197.0,286.0,186.0,11:50:13 367
0,216.0,226.0,216.0,226.0,11:50:16 103
笔记,0,0,0,0,11:50:16 142
+1,220.0,237.0,78.16975,273.8914,11:50:18 598
+1,222.0,200.0,84.54815,206.73572,11:50:21 096
-2,209.0,267.0,220.0,32.247646,11:50:23 599
+1,269.0,213.0,85.0,260.0,11:50:26 105
-1,91.0,222.0,317.03076,218.44543,11:50:26 801
+1,278.0,186.0,122.0,227.0,11:50:27 558
0,76.0,244.0,76.0,244.0,11:50:37 393
任务4, 结束
任务5, 开始
+2,177.0,65.0,190.02649,288.41223,11:50:56 633
＊主菜单＊,0,0,0,0,11:50:56 810
+2,210.0,97.0,189.31987,287.42764,11:51:00 260
-1,148.0,222.0,264.0,203.0,11:51:03 232
-1,136.0,190.0,257.0,187.0,11:51:03 471
-1,140.0,185.0,316.04962,176.0273,11:51:04 429
-1,136.0,194.0,295.0,192.0,11:51:05 478
-1,107.0,180.0,290.0,152.0,11:51:06 957
+1,276.0,175.0,105.0,177.0,11:51:08 102
+1,271.0,156.0,115.0,192.0,11:51:08 520
+1,270.0,177.0,130.0,189.0,11:51:09 296
+1,267.0,168.0,136.0,188.0,11:51:10 286
+1,246.0,155.0,127.0,183.0,11:51:11 161
+1,238.0,156.0,101.0,177.0,11:51:12 064
0,86.0,122.0,86.0,122.0,11:51:12 740
系统设置,0,0,0,0,11:51:12 803
0,92.0,136.0,92.0,136.0,11:51:13 985
任务5, 结束
＊＊＊＊＊＊＊＊＊＊＊＊＊＊＊＊＊＊＊＊＊＊＊＊＊＊＊＊＊＊
