任务1, 开始
-1,91.0,204.0,311.0,194.0,11:41:59 512
-1,72.0,151.0,303.0,172.0,11:42:01 655
-1,91.0,186.0,256.0,188.0,11:42:01 968
-1,96.0,189.0,308.0,181.0,11:42:02 947
-1,99.0,153.0,303.0,156.0,11:42:03 912
0,101.0,106.0,101.0,106.0,11:42:05 668
健康运动,0,0,0,0,11:42:05 709
+1,287.0,156.0,71.0,192.0,11:42:07 888
+1,263.0,158.0,39.677116,166.21631,11:42:09 168
+1,298.0,152.0,56.67089,150.39166,11:42:10 179
+1,267.0,143.0,54.0,153.0,11:42:10 950
+1,228.0,148.0,47.0,158.0,11:42:12 695
+1,251.0,148.0,28.0,187.0,11:42:12 781
任务1, 结束
任务2, 开始
+2,188.0,98.0,180.80702,285.918,11:42:24 846
＊主菜单＊,0,0,0,0,11:42:24 958
+1,251.0,192.0,42.0,197.0,11:42:27 325
+1,240.0,175.0,16.0,182.0,11:42:28 036
+1,244.0,176.0,29.0,151.0,11:42:29 776
0,107.0,251.0,107.0,251.0,11:42:31 193
0,113.0,216.0,113.0,216.0,11:42:33 217
视频,0,0,0,0,11:42:33 253
任务2, 结束
任务3, 开始
+1,181.0,153.0,149.04906,292.7547,11:42:46 033
+2,172.0,114.0,178.48187,300.02097,11:42:54 198
＊主菜单＊,0,0,0,0,11:42:54 238
+1,222.0,188.0,56.0,190.0,11:42:57 828
+1,200.0,189.0,24.0,220.0,11:42:59 306
+1,214.0,189.0,30.0,218.0,11:43:00 879
+1,224.0,199.0,44.0,224.0,11:43:01 674
0,218.0,114.0,218.0,114.0,11:43:07 155
自带导航,0,0,0,0,11:43:07 194
+1,238.0,133.0,41.0,197.5,11:43:09 156
+1,253.0,174.0,46.0,192.5,11:43:10 101
+1,253.0,149.0,29.455784,212.10722,11:43:10 725
-1,54.0,146.0,257.0,149.0,11:43:11 275
+2,169.0,108.0,166.0,291.5,11:43:11 867
＊主菜单＊,0,0,0,0,11:43:12 040
+1,195.0,197.0,51.0,219.5,11:43:14 279
+1,190.0,184.0,19.62828,190.0,11:43:14 914
+1,250.0,183.0,22.5,218.5,11:43:15 748
-1,92.0,168.0,301.0,175.0,11:43:16 222
-1,80.0,172.0,296.0,176.0,11:43:17 293
-1,97.0,176.0,298.0,176.0,11:43:19 181
-1,104.0,172.0,277.09518,177.8254,11:43:19 896
-1,99.0,185.0,310.0,177.0,11:43:22 169
-1,100.0,204.0,281.47308,147.04192,11:43:22 382
-1,94.0,197.0,276.0,175.0,11:43:25 317
-1,73.0,145.0,293.0,189.0,11:43:28 134
-1,92.0,193.0,287.0,194.0,11:43:28 991
+1,255.0,154.0,21.0,181.0,11:43:30 826
+1,251.0,162.0,52.0,168.0,11:43:33 313
+1,186.0,150.0,22.0,170.0,11:43:33 469
+1,252.0,124.0,7.482909,153.16856,11:43:34 332
+1,210.0,185.0,61.0,209.0,11:43:36 193
+1,213.0,163.0,29.0,207.0,11:43:38 231
+1,137.0,178.0,16.0,184.0,11:43:38 738
+1,229.0,171.0,24.0,187.0,11:43:40 836
+1,256.0,174.0,22.0,201.0,11:43:42 283
-1,124.0,179.0,307.0,179.0,11:43:44 699
-1,142.0,206.0,271.32877,183.7126,11:43:45 199
-1,61.0,179.0,306.0,152.0,11:43:45 724
-1,81.0,200.0,237.0,192.0,11:43:46 457
-1,58.0,172.0,300.0,178.0,11:43:46 965
-1,61.0,217.0,263.0,231.0,11:43:49 767
-1,83.0,218.0,298.0,188.0,11:43:50 754
0,182.0,191.0,182.0,191.0,11:43:55 583
国际象棋,0,0,0,0,11:43:55 627
+2,177.0,26.0,155.5,285.5,11:43:58 269
＊主菜单＊,0,0,0,0,11:43:58 327
任务3, 结束
任务4, 开始
+1,269.0,176.0,45.22799,208.20255,11:44:06 107
+1,256.0,169.0,71.0,191.0,11:44:06 907
0,214.0,134.0,214.0,134.0,11:44:07 588
联系人,0,0,0,0,11:44:07 627
+1,238.0,153.0,66.100815,183.8792,11:44:10 681
+1,215.0,152.0,55.12356,186.0,11:44:12 208
+1,228.0,178.0,43.0,224.5,11:44:12 565
+1,241.0,151.0,23.0,214.0,11:44:13 260
+1,168.0,156.0,35.0,180.0,11:44:14 227
+1,213.0,195.0,44.973988,225.0,11:44:16 206
+1,293.0,150.0,-10.5,165.0,11:44:16 472
+1,270.0,150.0,51.00969,227.90733,11:44:20 198
-1,50.0,189.0,309.8428,156.95197,11:44:20 240
-1,93.0,181.0,328.5,149.5,11:44:21 657
-1,60.0,162.0,300.211,149.53418,11:44:22 276
-1,23.0,169.0,270.0,136.0,11:44:23 684
-1,56.0,142.0,272.768,172.04942,11:44:24 200
-1,63.0,143.0,317.12973,160.48187,11:44:24 593
-1,59.0,172.0,316.44904,222.48277,11:44:25 047
+1,288.0,148.0,92.0,178.0,11:44:25 659
+1,295.0,156.0,44.0,196.0,11:44:26 317
+1,285.0,162.0,48.5,214.5,11:44:27 057
+1,225.0,178.0,38.0,185.0,11:44:28 664
+1,179.0,189.0,21.0,216.0,11:44:29 195
+1,252.0,161.0,49.0,192.0,11:44:29 436
+1,254.0,109.0,36.0,110.0,11:44:29 945
+1,253.0,181.0,-11.2422905,177.48277,11:44:30 386
+1,266.0,217.0,56.051037,186.46172,11:44:31 661
-1,112.0,130.0,323.98633,183.4095,11:44:32 187
-1,79.0,183.0,291.0,176.0,11:44:32 754
-1,59.0,231.0,306.0,181.0,11:44:33 285
-1,62.0,217.0,307.47784,155.27502,11:44:33 803
-1,44.0,195.0,221.0,189.0,11:44:34 318
-1,68.0,173.0,295.0,185.0,11:44:34 795
-2,176.0,225.0,190.52023,18.854187,11:44:37 492
0,175.0,137.0,175.0,137.0,11:44:38 685
+2,148.0,63.0,149.8352,286.01123,11:44:39 690
＊主菜单＊,0,0,0,0,11:44:39 731
0,103.0,124.0,103.0,124.0,11:44:43 682
电话,0,0,0,0,11:44:43 727
0,214.0,135.0,214.0,135.0,11:44:47 204
0,139.0,146.0,139.0,146.0,11:44:48 694
+1,294.0,182.0,54.0,217.0,11:44:50 166
任务4, 结束
+2,157.0,111.0,153.0,267.0,11:45:10 731
＊主菜单＊,0,0,0,0,11:45:10 781
+1,236.0,186.0,106.0,207.0,11:45:12 809
+1,257.0,171.0,54.0,204.0,11:45:13 490
任务5, 开始
+1,255.0,221.0,45.0,230.0,11:45:16 292
+1,222.0,152.0,63.0,186.0,11:45:17 058
+1,200.0,191.0,61.0,213.0,11:45:17 938
0,104.0,156.0,104.0,156.0,11:45:18 727
0,90.0,150.0,90.0,150.0,11:45:21 161
0,117.0,117.0,117.0,117.0,11:45:22 817
系统设置,0,0,0,0,11:45:22 862
+1,281.0,187.0,58.74093,233.05182,11:45:27 690
-1,67.0,188.0,317.5,165.0,11:45:28 246
+2,153.0,132.0,181.90205,287.25513,11:45:28 753
＊主菜单＊,0,0,0,0,11:45:28 849
-1,123.0,160.0,186.18175,285.77087,11:45:29 267
0,227.0,237.0,227.0,237.0,11:45:31 272
下载,0,0,0,0,11:45:31 314
0,218.0,229.0,218.0,229.0,11:45:31 874
+1,269.0,177.0,82.0,231.0,11:45:35 200
+1,254.0,180.0,53.0,229.0,11:45:35 793
+1,270.0,157.0,55.0,220.0,11:45:37 205
任务5, 结束
＊＊＊＊＊＊＊＊＊＊＊＊＊＊＊＊＊＊＊＊＊＊＊＊＊＊＊＊＊＊
任务1, 开始
