任务1, 开始
+1,220.0,219.0,46.0,219.0,11:37:01 129
+1,237.0,181.0,12.724636,190.33861,11:37:03 235
+1,225.0,180.0,44.5,175.5,11:37:03 810
+1,221.0,170.0,32.0,189.0,11:37:04 647
+1,200.0,175.0,28.0,205.0,11:37:06 772
0,209.0,229.0,209.0,229.0,11:37:08 260
相册,0,0,0,0,11:37:08 343
0,211.0,230.0,211.0,230.0,11:37:09 648
+1,227.0,152.0,55.0,154.0,11:37:11 656
+1,256.0,148.0,41.48241,188.96555,11:37:13 657
-1,88.0,193.0,314.34705,190.54897,11:37:15 153
0,145.0,51.0,145.0,51.0,11:37:17 576
0,156.0,62.0,156.0,62.0,11:37:21 168
0,159.0,72.0,159.0,72.0,11:37:21 661
0,142.0,93.0,142.0,93.0,11:37:22 256
0,116.0,116.0,116.0,116.0,11:37:22 840
任务1, 结束
任务2, 开始
+2,140.0,101.0,138.0,276.0,11:37:36 126
＊主菜单＊,0,0,0,0,11:37:36 173
-1,114.0,166.0,303.0,133.0,11:37:38 724
-1,93.0,185.0,271.0,179.0,11:37:39 409
-1,122.0,176.0,262.11905,150.10452,11:37:40 147
-1,129.0,146.0,235.31119,175.47241,11:37:40 856
0,186.0,233.0,186.0,233.0,11:37:42 877
国际象棋,0,0,0,0,11:37:42 926
0,203.0,276.0,203.0,276.0,11:37:49 667
0,186.0,149.0,186.0,149.0,11:37:53 149
0,231.0,268.0,231.0,268.0,11:37:55 163
0,206.0,259.0,206.0,259.0,11:37:55 666
+1,222.0,178.0,44.13325,192.96912,11:37:55 703
+1,266.0,129.0,17.0,179.5,11:37:57 159
任务2, 结束
任务3, 开始
+2,211.0,124.0,185.73886,283.04453,11:38:07 163
＊主菜单＊,0,0,0,0,11:38:07 204
+1,246.0,173.0,59.0,240.0,11:38:10 509
+1,212.0,157.0,56.0,216.0,11:38:11 593
+1,219.0,168.0,57.0,234.0,11:38:13 750
+1,219.0,172.0,51.0,215.0,11:38:17 190
+1,217.0,137.0,55.0,209.0,11:38:17 971
0,100.0,245.0,100.0,245.0,11:38:19 664
0,130.0,241.0,130.0,241.0,11:38:23 161
0,98.0,239.0,98.0,239.0,11:38:25 170
天气,0,0,0,0,11:38:25 669
+1,260.0,156.0,34.0,215.0,11:38:31 149
+1,235.0,172.0,53.0,232.5,11:38:32 635
+1,248.0,142.0,39.0,184.0,11:38:34 667
+1,254.0,153.0,79.072365,190.06541,11:38:35 324
-1,101.0,191.0,220.0,175.0,11:38:37 249
任务3, 结束
+2,155.0,71.0,150.9614,286.127,11:38:43 218
＊主菜单＊,0,0,0,0,11:38:43 754
+1,223.0,182.0,76.0,259.0,11:38:45 646
任务4, 开始
+1,253.0,150.0,60.0,199.0,11:38:49 804
+1,213.0,170.0,20.0,209.5,11:38:50 135
+1,193.0,192.0,48.0,226.0,11:38:51 359
+1,175.0,175.0,25.855087,218.86948,11:38:51 968
-1,64.0,175.0,258.0,159.0,11:38:52 581
-1,124.0,190.0,293.0,186.0,11:38:53 056
-1,113.0,206.0,192.0,211.0,11:38:53 841
-1,124.0,182.0,198.0,179.0,11:38:55 747
0,104.0,239.0,104.0,239.0,11:38:56 314
新浪微博,0,0,0,0,11:38:56 363
+1,277.0,145.0,34.677116,197.3511,11:39:02 660
+1,225.0,161.0,44.0,224.0,11:39:04 175
-1,72.0,205.0,286.24524,180.93945,11:39:06 666
-1,122.0,175.0,308.69006,165.34503,11:39:07 312
-1,90.0,163.0,300.0,171.0,11:39:08 062
-2,211.0,231.0,220.49458,35.097374,11:39:12 660
任务4, 结束
+2,223.0,114.0,192.59065,290.30057,11:39:24 077
＊主菜单＊,0,0,0,0,11:39:24 150
任务5, 开始
+1,210.0,187.0,7.620241,216.10338,11:39:31 891
+1,205.0,183.0,34.874084,188.18321,11:39:32 273
+1,207.0,180.0,42.0,196.0,11:39:34 327
+1,203.0,165.0,24.0,191.0,11:39:34 996
任务5, 结束
＊＊＊＊＊＊＊＊＊＊＊＊＊＊＊＊＊＊＊＊＊＊＊＊＊＊＊＊＊＊
