任务1, 开始
+2,168.0,72.0,166.0,254.0,18:51:28 414
＊主菜单＊,0,0,0,0,18:51:28 454
+1,267.0,148.0,162.0,150.0,18:51:31 223
-1,113.0,181.0,338.7252,156.48909,18:51:31 604
-1,173.0,170.0,264.0,147.0,18:51:32 657
-1,149.0,154.0,272.44922,145.26306,18:51:33 377
0,119.0,223.0,119.0,223.0,18:51:34 434
视频,0,0,0,0,18:51:34 490
+1,236.0,144.0,109.87597,153.23897,18:51:36 496
+1,243.0,155.0,137.0,177.0,18:51:37 928
-1,141.0,181.0,283.9347,172.70352,18:51:38 635
任务1, 结束
任务2, 开始
+2,175.0,26.0,178.46172,184.00476,18:51:49 106
＊主菜单＊,0,0,0,0,18:51:49 223
-1,112.0,182.0,218.0,152.0,18:51:52 190
-1,134.0,161.0,234.0,146.0,18:51:54 278
0,225.0,226.0,225.0,226.0,18:51:55 128
邮箱,0,0,0,0,18:51:55 171
任务2, 结束
任务3, 开始
+2,177.0,35.0,197.76746,213.75879,18:52:17 593
＊主菜单＊,0,0,0,0,18:52:17 667
+1,250.0,146.0,122.96718,148.57722,18:52:20 704
+1,237.0,151.0,94.0,177.0,18:52:21 551
-1,103.0,168.0,261.32684,168.61496,18:52:22 169
-1,156.0,179.0,298.0,152.0,18:52:23 086
0,104.0,111.0,104.0,111.0,18:52:26 651
健康运动,0,0,0,0,18:52:26 694
任务3, 结束
任务4, 开始
+2,169.0,40.0,184.0,193.0,18:52:41 952
＊主菜单＊,0,0,0,0,18:52:42 060
+1,231.0,165.0,123.88613,180.0,18:52:44 657
+1,238.0,162.0,85.0,177.0,18:52:45 591
+1,251.0,163.0,106.0,178.0,18:52:46 626
+1,215.0,157.0,129.0,171.0,18:52:49 167
-1,140.0,169.0,253.0,149.0,18:52:50 340
0,118.0,198.0,118.0,198.0,18:52:53 115
视频,0,0,0,0,18:52:53 152
+1,217.0,179.0,87.0,183.0,18:52:54 610
+1,177.0,155.0,125.0,158.0,18:52:55 586
-1,138.0,178.0,253.0,149.0,18:52:56 255
+2,173.0,26.0,199.0,198.0,18:52:58 843
＊主菜单＊,0,0,0,0,18:52:58 885
+1,247.0,139.0,116.0,148.0,18:53:01 746
+1,241.0,142.0,167.0,160.0,18:53:02 972
-1,133.0,155.0,269.0,144.0,18:53:03 736
0,127.0,116.0,127.0,116.0,18:53:04 383
浏览器,0,0,0,0,18:53:04 542
任务4, 结束
-1,189.0,26.0,221.0,169.0,18:53:10 138
任务5, 开始
+2,176.0,42.0,182.0,280.0,18:53:13 796
＊主菜单＊,0,0,0,0,18:53:13 851
+1,272.0,141.0,173.0,145.0,18:53:17 369
+1,256.0,156.0,91.0,183.0,18:53:18 637
0,217.0,193.0,217.0,193.0,18:53:20 123
下载,0,0,0,0,18:53:20 193
任务5, 结束
＊＊＊＊＊＊＊＊＊＊＊＊＊＊＊＊＊＊＊＊＊＊＊＊＊＊＊＊＊＊
+2,176.0,31.0,191.01956,272.87433,18:53:33 619
＊主菜单＊,0,0,0,0,18:53:33 655
