任务1, 开始
0,147.0,175.0,147.0,175.0,18:56:34 237
-1,138.0,184.0,271.8624,146.33382,18:56:36 004
+1,224.0,176.0,74.0,233.0,18:56:36 884
0,223.0,219.0,223.0,219.0,18:56:37 457
下载,0,0,0,0,18:56:37 493
0,213.0,216.0,213.0,216.0,18:56:38 594
任务1, 结束
任务2, 开始
+2,184.0,26.0,205.03084,277.28775,18:56:46 409
＊主菜单＊,0,0,0,0,18:56:46 457
+2,182.0,62.0,212.0,241.0,18:56:47 430
-1,148.0,146.0,286.0,157.0,18:56:50 726
-1,148.0,177.0,251.0,148.0,18:56:51 487
-1,138.0,175.0,311.0,156.0,18:56:52 871
-1,144.0,174.0,308.0,178.0,18:56:54 017
-1,120.0,172.0,281.0,147.0,18:56:55 006
-1,140.0,184.0,304.0045,136.6408,18:56:55 735
-1,102.0,152.0,291.0,177.0,18:56:56 854
0,126.0,102.0,126.0,102.0,18:56:57 947
健康运动,0,0,0,0,18:56:58 083
0,134.0,92.0,134.0,92.0,18:56:59 353
+2,192.0,45.0,244.18985,301.24304,18:57:02 092
＊主菜单＊,0,0,0,0,18:57:02 142
+2,175.0,40.0,153.0,276.0,18:57:02 881
0,250.0,106.0,250.0,106.0,18:57:04 594
0,220.0,96.0,220.0,96.0,18:57:06 536
睡眠,0,0,0,0,18:57:06 680
0,246.0,103.0,246.0,103.0,18:57:07 397
+1,263.0,167.0,122.0,190.0,18:57:11 045
任务2, 结束
任务3, 开始
+2,200.0,27.0,229.0,258.0,18:57:23 447
＊主菜单＊,0,0,0,0,18:57:23 605
+2,204.0,39.0,220.1808,299.83075,18:57:24 063
-1,110.0,174.0,293.0,160.0,18:57:25 996
+1,217.0,180.0,97.0,195.0,18:57:26 730
0,96.0,205.0,96.0,205.0,18:57:27 848
短信息,0,0,0,0,18:57:27 906
+1,260.0,136.0,73.13664,166.25514,18:57:30 284
+1,262.0,171.0,67.0,175.0,18:57:31 656
-1,116.0,159.0,278.79404,115.181015,18:57:32 190
0,183.0,85.0,183.0,85.0,18:57:32 975
0,184.0,70.0,184.0,70.0,18:57:34 175
+1,250.0,134.0,43.9812,181.64023,18:57:34 943
+2,177.0,31.0,200.62022,279.8607,18:57:38 412
＊主菜单＊,0,0,0,0,18:57:38 518
+1,228.0,179.0,107.87175,180.87059,18:57:41 579
0,225.0,98.0,225.0,98.0,18:57:42 448
联系人,0,0,0,0,18:57:42 502
+1,235.0,156.0,139.0,160.0,18:57:45 066
+1,230.0,141.0,67.0,142.0,18:57:45 901
+1,244.0,119.0,102.0,152.0,18:57:46 675
+1,223.0,152.0,107.99519,177.0016,18:57:47 804
任务3, 结束
任务4, 开始
+2,175.0,37.0,231.0,276.0,18:57:53 898
＊主菜单＊,0,0,0,0,18:57:53 951
+1,206.0,170.0,47.0,190.0,18:57:56 288
0,238.0,116.0,238.0,116.0,18:57:57 266
音乐,0,0,0,0,18:57:57 332
+1,256.0,150.0,87.0,184.0,18:58:00 072
-1,174.0,135.0,296.29715,101.17295,18:58:00 730
-1,101.0,168.0,325.24194,154.93109,18:58:01 544
+1,272.0,160.0,114.29739,158.54634,18:58:05 270
+1,236.0,157.0,39.0,168.0,18:58:06 124
任务4, 结束
任务5, 开始
+2,143.0,29.0,227.23643,286.3463,18:58:12 990
＊主菜单＊,0,0,0,0,18:58:13 059
+1,266.0,175.0,135.0,187.0,18:58:15 540
0,234.0,215.0,234.0,215.0,18:58:16 628
笔记,0,0,0,0,18:58:16 689
0,252.0,196.0,252.0,196.0,18:58:17 845
+1,229.0,135.0,65.53055,154.13863,18:58:20 252
+1,252.0,161.0,125.142235,188.64291,18:58:22 583
+2,171.0,92.0,198.361,276.75287,18:58:26 101
＊主菜单＊,0,0,0,0,18:58:26 144
-1,109.0,167.0,290.0,174.0,18:58:26 271
+1,207.0,170.0,92.0,184.0,18:58:28 317
-1,111.0,166.0,257.0,184.0,18:58:29 258
+1,241.0,165.0,103.0,183.0,18:58:29 849
0,222.0,207.0,222.0,207.0,18:58:30 650
笔记,0,0,0,0,18:58:30 724
0,214.0,208.0,214.0,208.0,18:58:32 033
+1,233.0,162.0,72.0,180.0,18:58:32 944
+1,288.0,155.0,186.0,185.0,18:58:36 090
+1,284.0,166.0,87.52051,186.13223,18:58:37 039
任务5, 结束
＊＊＊＊＊＊＊＊＊＊＊＊＊＊＊＊＊＊＊＊＊＊＊＊＊＊＊＊＊＊
