+2,183.0,92.0,174.51987,294.9239,18:44:52 476
＊主菜单＊,0,0,0,0,18:44:52 523
任务1, 开始
+1,258.0,189.0,175.0,182.0,18:45:33 877
+1,226.0,161.0,32.985546,187.14905,18:45:38 063
+1,262.0,209.0,57.0,229.0,18:45:38 741
0,79.0,253.0,79.0,253.0,18:45:40 760
0,63.0,179.0,63.0,179.0,18:45:43 076
0,136.0,241.0,136.0,241.0,18:45:43 108
0,139.0,223.0,139.0,223.0,18:45:43 658
视频,0,0,0,0,18:45:43 764
0,135.0,224.0,135.0,224.0,18:45:44 253
0,143.0,224.0,143.0,224.0,18:45:44 674
+1,188.0,137.0,21.0,162.5,18:45:46 484
任务1, 结束
任务2, 开始
+1,202.0,163.0,165.0,226.0,18:45:59 479
+2,217.0,59.0,192.46977,281.71866,18:46:00 012
＊主菜单＊,0,0,0,0,18:46:00 061
-1,160.0,163.0,307.0,172.0,18:46:02 254
-1,157.0,182.0,283.0,166.0,18:46:04 484
0,215.0,88.0,215.0,88.0,18:46:04 574
微信,0,0,0,0,18:46:04 680
0,259.0,107.0,259.0,107.0,18:46:06 010
0,262.0,145.0,262.0,145.0,18:46:13 998
0,144.0,109.0,144.0,109.0,18:46:17 142
0,221.0,130.0,221.0,130.0,18:46:18 988
0,255.0,99.0,255.0,99.0,18:46:19 687
0,192.0,113.0,192.0,113.0,18:46:19 974
0,218.0,103.0,218.0,103.0,18:46:20 735
+1,174.0,101.0,33.0,144.0,18:46:23 019
-1,106.0,179.0,264.0,209.0,18:46:25 072
任务2, 结束
+1,247.0,126.0,135.0,180.0,18:46:30 002
+1,283.0,198.0,99.895905,259.58652,18:46:32 055
+1,231.0,197.0,59.0,259.0,18:46:32 736
-1,181.0,168.0,294.59204,145.44,18:46:33 990
-1,176.0,183.0,270.0,179.0,18:46:35 028
+1,263.0,179.0,70.26861,235.54211,18:46:35 998
+2,101.0,78.0,232.65344,265.82364,18:46:40 001
＊主菜单＊,0,0,0,0,18:46:40 057
+2,179.0,59.0,193.0,280.0,18:46:40 414
任务3, 开始
+1,251.0,198.0,94.0,228.0,18:46:51 273
+1,185.0,132.0,67.0,178.0,18:46:53 066
+1,275.0,211.0,204.0,257.0,18:46:53 631
+1,260.0,174.0,102.805984,219.19402,18:46:55 282
+1,262.0,189.0,159.58699,239.82883,18:46:57 545
+1,263.0,187.0,136.0,271.0,18:47:00 123
+1,173.0,180.0,60.0,203.0,18:47:00 978
-1,141.0,141.0,281.29626,145.92062,18:47:01 489
0,158.0,106.0,158.0,106.0,18:47:03 728
-1,118.0,169.0,298.0,195.0,18:47:05 987
-1,224.0,193.0,293.0,186.0,18:47:07 607
-1,220.0,177.0,306.0,172.0,18:47:08 325
-1,203.0,188.0,284.57513,176.64143,18:47:09 992
-1,197.0,169.0,251.75206,180.03362,18:47:10 536
0,92.0,117.0,92.0,117.0,18:47:12 004
0,137.0,106.0,137.0,106.0,18:47:12 426
健康运动,0,0,0,0,18:47:12 563
0,116.0,125.0,116.0,125.0,18:47:13 992
-1,212.0,235.0,243.76363,102.9091,18:47:15 514
+1,288.0,187.0,136.0,188.0,18:47:15 702
+1,214.0,189.0,92.33324,232.53976,18:47:18 084
-1,140.0,202.0,301.9908,187.66565,18:47:18 958
任务3, 结束
+2,146.0,26.0,188.88737,291.92975,18:47:23 050
＊主菜单＊,0,0,0,0,18:47:23 161
+2,138.0,54.0,137.0,235.0,18:47:23 830
+2,224.0,73.0,212.54634,242.48637,18:47:24 264
任务4, 开始
+1,281.0,159.0,187.87532,204.40219,18:47:32 336
+1,256.0,195.0,51.0,215.0,18:47:33 455
+1,284.0,171.0,148.0,209.0,18:47:34 070
+1,229.0,188.0,183.4891,191.83696,18:47:35 987
+1,260.0,217.0,88.0,275.0,18:47:36 726
+1,245.0,183.0,38.290672,230.79652,18:47:38 537
+1,228.0,181.0,71.0,198.0,18:47:39 118
0,242.0,106.0,242.0,106.0,18:47:40 693
0,218.0,96.0,218.0,96.0,18:47:42 508
自带导航,0,0,0,0,18:47:42 546
0,225.0,111.0,225.0,111.0,18:47:43 106
+1,269.0,178.0,145.0,185.0,18:47:53 273
任务4, 结束
+2,196.0,59.0,149.8552,308.46823,18:47:59 512
＊主菜单＊,0,0,0,0,18:47:59 615
任务5, 开始
0,132.0,95.0,132.0,95.0,18:48:04 645
系统设置,0,0,0,0,18:48:04 705
任务5, 结束
＊＊＊＊＊＊＊＊＊＊＊＊＊＊＊＊＊＊＊＊＊＊＊＊＊＊＊＊＊＊
