任务1, 开始
+1,259.0,201.0,107.0,268.0,11:12:50 158
+1,269.0,183.0,74.0,261.0,11:12:51 256
-1,162.0,185.0,310.2629,178.4579,11:12:52 942
-1,179.0,183.0,287.0,179.0,11:12:54 193
-1,138.0,198.0,285.0,187.0,11:12:55 796
0,113.0,221.0,113.0,221.0,11:12:57 417
视频,0,0,0,0,11:12:57 455
+1,299.0,167.0,94.62719,224.07864,11:12:59 636
0,181.0,98.0,181.0,98.0,11:13:02 593
任务1, 结束
-1,139.0,206.0,230.0,202.0,11:13:15 532
任务2, 开始
-2,186.0,256.0,182.48491,35.51413,11:13:21 618
-2,180.0,276.0,228.59842,79.85524,11:13:22 715
+2,197.0,128.0,183.5,283.5,11:13:23 282
＊主菜单＊,0,0,0,0,11:13:23 361
+2,183.0,30.0,174.0,258.0,11:13:24 004
+1,292.0,153.0,135.0,206.0,11:13:25 980
+1,290.0,130.0,137.0,163.0,11:13:26 683
+1,297.0,141.0,127.0,178.0,11:13:27 420
0,132.0,114.0,132.0,114.0,11:13:28 538
系统设置,0,0,0,0,11:13:28 586
0,291.0,147.0,291.0,147.0,11:13:31 783
任务2, 结束
任务3, 开始
+2,190.0,63.0,183.3336,298.0033,11:13:40 102
＊主菜单＊,0,0,0,0,11:13:40 145
+1,293.0,176.0,125.0,224.0,11:13:42 213
-1,150.0,194.0,302.0,173.0,11:13:42 761
-1,163.0,190.0,302.0,181.0,11:13:43 499
-1,132.0,184.0,297.0,157.0,11:13:44 517
-1,140.0,189.0,317.2871,175.12527,11:13:45 405
-1,138.0,179.0,267.46658,139.21846,11:13:46 371
0,205.0,121.0,205.0,121.0,11:13:47 112
微信,0,0,0,0,11:13:47 152
0,207.0,112.0,207.0,112.0,11:13:50 803
任务3, 结束
-1,135.0,152.0,299.0,174.0,11:13:56 604
0,138.0,111.0,138.0,111.0,11:13:56 941
0,232.0,104.0,232.0,104.0,11:13:57 855
0,226.0,119.0,226.0,119.0,11:13:58 429
0,235.0,113.0,235.0,113.0,11:13:59 459
0,194.0,43.0,194.0,43.0,11:14:00 118
0,198.0,119.0,198.0,119.0,11:14:00 857
0,153.0,115.0,153.0,115.0,11:14:01 227
0,162.0,105.0,162.0,105.0,11:14:01 553
0,150.0,98.0,150.0,98.0,11:14:02 212
0,231.0,142.0,231.0,142.0,11:14:03 072
0,224.0,139.0,224.0,139.0,11:14:03 322
+1,223.0,176.0,0.9995098,185.98184,11:14:04 479
+1,281.0,173.0,139.66537,232.60155,11:14:08 594
+1,295.0,152.0,92.132286,245.40546,11:14:09 378
-1,139.0,222.0,304.0,196.0,11:14:11 206
-1,159.0,185.0,292.0,181.0,11:14:12 376
任务4, 开始
0,174.0,156.0,174.0,156.0,11:14:23 642
+2,181.0,32.0,173.09773,223.77496,11:14:23 687
＊主菜单＊,0,0,0,0,11:14:23 732
+1,265.0,154.0,117.0,180.0,11:14:26 065
+1,261.0,149.0,76.0,171.0,11:14:26 851
+1,266.0,149.0,107.0,172.0,11:14:27 953
+1,289.0,135.0,107.0,138.0,11:14:29 023
+1,277.0,144.0,121.5,140.5,11:14:29 935
0,132.0,109.0,132.0,109.0,11:14:30 801
系统设置,0,0,0,0,11:14:30 841
+1,143.0,184.0,82.79289,211.34494,11:14:35 460
+1,285.0,142.0,48.338097,232.66548,11:14:36 049
-1,95.0,188.0,304.0,154.0,11:14:36 620
+2,175.0,36.0,175.22601,284.42313,11:14:38 204
＊主菜单＊,0,0,0,0,11:14:38 329
0,223.0,99.0,223.0,99.0,11:14:41 329
自带导航,0,0,0,0,11:14:41 386
+1,294.0,150.0,54.499416,202.33372,11:14:46 050
+2,208.0,67.0,198.54025,259.34628,11:14:46 635
＊主菜单＊,0,0,0,0,11:14:46 757
-1,180.0,167.0,297.0,157.0,11:14:48 920
-1,158.0,155.0,266.0,148.0,11:14:51 693
-1,144.0,168.0,319.46906,155.3438,11:14:52 785
-1,173.0,153.0,208.2091,143.09744,11:14:55 161
-1,142.0,159.0,298.0,155.0,11:14:55 938
0,272.0,143.0,272.0,143.0,11:14:57 664
-1,131.0,146.0,245.0,143.0,11:14:58 151
-1,169.0,154.0,272.0,135.0,11:14:59 141
+1,273.0,119.0,121.65987,150.4564,11:15:02 602
+1,276.0,96.0,162.00638,114.12375,11:15:03 235
+1,281.0,99.0,103.0,147.0,11:15:04 177
+1,286.0,102.0,91.44795,153.48277,11:15:05 054
+1,216.0,108.0,137.0,133.0,11:15:05 954
+1,271.0,109.0,155.0,144.0,11:15:07 536
+1,276.0,111.0,151.0,142.0,11:15:09 057
+1,295.0,125.0,163.0,123.0,11:15:11 822
0,93.0,108.0,93.0,108.0,11:15:12 198
系统设置,0,0,0,0,11:15:12 267
任务4, 结束
+2,187.0,26.0,186.48277,306.24228,11:15:18 090
＊主菜单＊,0,0,0,0,11:15:18 222
任务5, 开始
-1,106.0,192.0,303.0,168.0,11:15:25 693
-1,119.0,175.0,302.9029,148.05643,11:15:26 533
-1,129.0,191.0,286.0,180.0,11:15:27 334
-1,110.0,189.0,270.0,191.0,11:15:28 125
-1,105.0,185.0,265.0,187.0,11:15:28 950
-1,100.0,189.0,262.0,189.0,11:15:29 711
0,108.0,138.0,108.0,138.0,11:15:30 785
0,110.0,123.0,110.0,123.0,11:15:33 611
健康运动,0,0,0,0,11:15:33 651
+1,270.0,141.0,132.70673,179.14664,11:15:38 426
任务5, 结束
＊＊＊＊＊＊＊＊＊＊＊＊＊＊＊＊＊＊＊＊＊＊＊＊＊＊＊＊＊＊
