任务1, 开始
+1,237.0,166.0,39.69654,198.47546,19:35:52 323
+1,270.0,190.0,101.0,242.0,19:35:53 344
+1,253.0,198.0,104.0,264.0,19:35:53 968
+1,265.0,218.0,93.0,255.0,19:35:54 607
+1,230.0,226.0,103.0,259.0,19:35:55 219
+1,236.0,230.0,105.84839,261.00113,19:35:55 863
+1,253.0,225.0,112.0,266.0,19:35:56 842
-1,52.0,216.0,277.0,184.0,19:35:57 680
-1,145.0,220.0,275.0,207.0,19:35:58 142
-1,131.0,223.0,239.0,197.0,19:35:58 625
0,125.0,234.0,125.0,234.0,19:35:59 640
视频,0,0,0,0,19:35:59 736
0,97.0,226.0,97.0,226.0,19:36:00 592
+1,284.0,157.0,75.95721,277.1781,19:36:01 880
任务1, 结束
0,259.0,247.0,259.0,247.0,19:36:07 727
+2,176.0,124.0,181.0,275.0,19:36:14 021
＊主菜单＊,0,0,0,0,19:36:14 082
任务2, 开始
+1,268.0,146.0,50.951996,222.60234,19:36:17 689
+1,268.0,175.0,143.0,196.0,19:36:19 045
+1,276.0,182.0,138.0,223.0,19:36:21 708
0,99.0,93.0,99.0,93.0,19:36:22 684
系统设置,0,0,0,0,19:36:22 723
-2,122.0,229.0,147.96555,56.517227,19:36:25 159
-2,185.0,224.0,226.5,51.0,19:36:25 943
+1,261.0,216.0,136.94554,223.92361,19:36:26 843
+1,244.0,219.0,206.58287,216.95265,19:36:27 509
0,222.0,224.0,222.0,224.0,19:36:27 997
+2,126.0,103.0,120.54906,286.0188,19:36:30 642
＊主菜单＊,0,0,0,0,19:36:30 755
0,219.0,108.0,219.0,108.0,19:36:34 783
自带导航,0,0,0,0,19:36:34 842
-2,186.0,258.0,179.0,101.0,19:36:44 114
+2,186.0,92.0,198.36252,270.02512,19:36:45 189
＊主菜单＊,0,0,0,0,19:36:45 253
-1,136.0,143.0,267.0,169.0,19:36:47 724
+1,215.0,188.0,104.76661,233.16318,19:36:48 808
0,111.0,111.0,111.0,111.0,19:36:49 689
系统设置,0,0,0,0,19:36:49 744
-1,100.0,77.0,137.67204,196.3062,19:36:53 590
-2,122.0,273.0,162.0,85.0,19:36:54 293
+2,151.0,141.0,180.31068,300.87378,19:36:56 618
＊主菜单＊,0,0,0,0,19:36:56 695
-1,118.0,179.0,287.25504,193.36322,19:36:58 807
-1,104.0,161.0,287.0,193.0,19:36:59 901
-1,117.0,209.0,253.0,184.0,19:37:02 006
-1,143.0,178.0,290.0,152.0,19:37:02 973
-1,140.0,175.0,293.0,161.0,19:37:03 827
-1,135.0,191.0,294.0,159.0,19:37:04 692
-1,147.0,183.0,291.0,146.0,19:37:05 869
+1,232.0,176.0,51.0,228.0,19:37:06 488
+1,262.0,182.0,131.0,230.0,19:37:06 896
+1,279.0,154.0,71.0,268.0,19:37:07 308
+1,254.0,193.0,78.0,274.0,19:37:08 247
+1,297.0,190.0,110.0,270.0,19:37:09 019
+1,290.0,211.0,134.0,279.0,19:37:10 033
0,221.0,106.0,221.0,106.0,19:37:11 320
自带导航,0,0,0,0,19:37:11 391
+2,192.0,98.0,183.0,277.0,19:37:21 646
＊主菜单＊,0,0,0,0,19:37:21 745
+1,252.0,217.0,105.0,228.0,19:37:22 841
+1,273.0,184.0,62.0,257.0,19:37:24 030
-1,173.0,181.0,304.0,171.0,19:37:25 042
+1,261.0,200.0,105.0,222.0,19:37:25 980
0,109.0,122.0,109.0,122.0,19:37:27 800
系统设置,0,0,0,0,19:37:27 840
任务2, 结束
任务3, 开始
-1,56.0,161.0,328.92032,150.46924,19:37:39 131
+2,153.0,101.0,140.01636,289.95218,19:37:39 201
＊主菜单＊,0,0,0,0,19:37:39 346
-1,57.0,182.0,300.0,155.0,19:37:40 289
-1,111.0,188.0,308.0,148.0,19:37:41 052
-1,131.0,181.0,267.3199,142.8303,19:37:41 561
-1,109.0,156.0,286.0,125.0,19:37:42 234
-1,128.0,179.0,278.0,139.0,19:37:43 557
0,218.0,97.0,218.0,97.0,19:37:44 387
微信,0,0,0,0,19:37:44 448
-2,210.0,211.0,217.92758,50.072422,19:37:47 690
+1,253.0,178.0,101.0,217.0,19:37:48 660
+1,256.0,176.0,105.0,234.0,19:37:50 050
+1,256.0,203.0,89.516335,245.5483,19:37:51 043
+1,256.0,205.0,103.0,236.0,19:37:52 286
-1,95.0,211.0,256.11603,179.01259,19:37:53 176
-1,103.0,216.0,303.0,181.0,19:37:53 751
-1,130.0,195.0,301.18265,183.51614,19:37:54 448
-1,136.0,190.0,285.0,162.0,19:37:55 598
0,219.0,107.0,219.0,107.0,19:37:58 614
0,126.0,99.0,126.0,99.0,19:38:06 626
+1,246.0,147.0,125.47966,157.45824,19:38:08 072
0,218.0,225.0,218.0,225.0,19:38:10 630
0,220.0,216.0,220.0,216.0,19:38:13 116
-1,124.0,189.0,303.0,156.0,19:38:14 189
+1,293.0,193.0,63.149227,276.36,19:38:17 162
+1,247.0,190.0,64.26424,264.43204,19:38:17 206
-1,131.0,187.0,290.0,210.0,19:38:18 721
任务3, 结束
任务4, 开始
+2,163.0,86.0,146.0,274.0,19:38:28 130
＊主菜单＊,0,0,0,0,19:38:28 220
+1,252.0,184.0,82.0,233.0,19:38:30 408
+1,222.0,192.0,51.751526,235.8846,19:38:31 186
+1,242.0,180.0,59.0,248.0,19:38:32 231
+1,257.0,203.0,69.0,268.0,19:38:33 103
+1,271.0,182.0,118.0,239.0,19:38:34 087
0,133.0,108.0,133.0,108.0,19:38:35 209
系统设置,0,0,0,0,19:38:35 251
任务4, 结束
任务5, 开始
+2,169.0,82.0,141.60652,304.81854,19:38:49 646
＊主菜单＊,0,0,0,0,19:38:49 853
+1,289.0,205.0,86.0,274.0,19:38:52 766
-1,132.0,229.0,260.0,188.0,19:38:52 913
-1,139.0,176.0,271.0,121.0,19:38:53 360
-1,139.0,170.0,254.0,146.0,19:38:54 903
-1,128.0,177.0,306.0,165.0,19:38:55 829
-1,105.0,179.0,257.0,151.0,19:38:56 911
-1,106.0,177.0,255.0,152.0,19:38:58 116
-1,157.0,177.0,257.0,144.0,19:38:59 102
0,118.0,111.0,118.0,111.0,19:39:00 971
健康运动,0,0,0,0,19:39:01 019
0,109.0,200.0,109.0,200.0,19:39:04 087
任务5, 结束
＊＊＊＊＊＊＊＊＊＊＊＊＊＊＊＊＊＊＊＊＊＊＊＊＊＊＊＊＊＊
