任务1, 开始
+2,181.0,100.0,158.10843,292.53876,19:42:16 649
＊主菜单＊,0,0,0,0,19:42:16 677
+1,289.0,167.0,53.0,242.0,19:42:18 528
+1,292.0,138.0,58.0,190.0,19:42:19 781
+1,284.0,200.0,101.0,198.0,19:42:20 638
+1,281.0,189.0,75.0,194.0,19:42:24 021
+1,245.0,184.0,73.0,225.0,19:42:24 909
-1,143.0,164.0,298.8116,161.0,19:42:25 594
+1,263.0,220.0,52.0,235.0,19:42:26 772
+1,260.0,194.0,102.0,238.0,19:42:27 698
+1,270.0,194.0,140.0,231.0,19:42:32 048
-1,106.0,181.0,305.0,191.0,19:42:32 985
-1,209.0,174.0,262.11334,172.75546,19:42:33 747
-1,172.0,227.0,294.93857,217.81537,19:42:34 752
-1,42.0,189.0,297.0,152.0,19:42:36 094
-1,92.0,219.0,308.4619,173.92302,19:42:37 119
-1,178.0,177.0,334.22855,180.6607,19:42:37 850
-1,124.0,221.0,261.14682,186.98466,19:42:38 301
-1,55.0,189.0,217.0,147.0,19:42:39 007
+1,266.0,190.0,101.0,209.0,19:42:41 731
+1,307.0,160.0,63.00428,236.38406,19:42:42 400
+1,280.0,163.0,96.0,204.0,19:42:43 210
+1,257.0,165.0,52.0,246.0,19:42:44 045
+1,268.0,181.0,55.0,222.0,19:42:45 110
-1,75.0,177.0,272.0,188.0,19:42:45 760
+2,284.0,108.0,69.0,265.0,19:42:47 282
+1,271.0,190.0,85.0,273.0,19:42:47 908
+1,273.0,181.0,63.0,228.0,19:42:48 852
0,226.0,221.0,226.0,221.0,19:42:50 058
下载,0,0,0,0,19:42:50 099
任务1, 结束
任务2, 开始
-1,142.0,134.0,184.3692,282.95358,19:43:08 239
+2,198.0,98.0,172.59947,276.24664,19:43:11 152
＊主菜单＊,0,0,0,0,19:43:11 195
-1,120.0,196.0,282.0,189.0,19:43:14 435
-1,132.0,165.0,299.0,141.0,19:43:15 443
0,95.0,105.0,95.0,105.0,19:43:16 812
浏览器,0,0,0,0,19:43:16 918
任务2, 结束
+2,212.0,54.0,172.823,289.227,19:43:27 774
＊主菜单＊,0,0,0,0,19:43:27 878
任务3, 开始
-1,96.0,182.0,249.14494,199.75636,19:43:32 048
0,125.0,237.0,125.0,237.0,19:43:33 563
0,139.0,220.0,139.0,220.0,19:43:38 159
视频,0,0,0,0,19:43:38 198
0,132.0,221.0,132.0,221.0,19:43:38 724
+1,193.0,145.0,38.225323,154.88358,19:43:40 469
-1,97.0,191.0,317.5,187.5,19:43:43 150
+1,153.0,229.0,53.0,239.0,19:43:43 255
+1,289.0,182.0,14.254822,239.08568,19:43:43 801
任务3, 结束
任务4, 开始
+2,186.0,57.0,136.0,281.0,19:43:52 020
＊主菜单＊,0,0,0,0,19:43:52 071
-1,163.0,176.0,296.0,188.0,19:43:54 805
-1,115.0,182.0,307.0,176.0,19:43:55 792
-1,183.0,194.0,289.0,188.0,19:43:56 549
+1,227.0,186.0,60.0,199.0,19:43:57 150
0,234.0,226.0,234.0,226.0,19:43:57 615
邮箱,0,0,0,0,19:43:57 716
0,189.0,215.0,189.0,215.0,19:43:58 643
0,94.0,57.0,94.0,57.0,19:44:01 988
+1,251.0,98.0,127.0,103.0,19:44:03 398
-1,106.0,156.0,296.0,157.0,19:44:04 486
+1,219.0,191.0,55.26151,229.85507,19:44:04 929
+1,246.0,212.0,74.0,235.0,19:44:05 404
+1,272.0,193.0,58.0,230.0,19:44:06 549
-1,101.0,115.0,310.0,169.0,19:44:07 664
+1,287.0,195.0,54.474243,221.7547,19:44:10 666
+1,288.0,192.0,132.93814,194.29897,19:44:11 177
+1,276.0,191.0,34.0,186.0,19:44:12 412
-1,103.0,179.0,283.54193,177.95052,19:44:13 324
-1,87.0,194.0,307.5,146.5,19:44:14 044
-1,92.0,184.0,256.21667,183.36746,19:44:14 479
-1,76.0,178.0,305.0,163.0,19:44:15 027
-1,96.0,176.0,293.4168,152.12756,19:44:15 854
+1,261.0,151.0,61.5,194.0,19:44:17 030
+1,218.0,217.0,47.92379,215.9747,19:44:17 423
+1,285.0,196.0,70.0,213.0,19:44:18 584
-1,90.0,186.0,254.0,162.0,19:44:20 194
+1,253.0,210.0,53.50161,194.246,19:44:21 403
-1,61.0,167.0,313.20203,151.076,19:44:22 345
+1,264.0,220.0,31.0,224.0,19:44:23 106
-1,73.0,177.0,281.5074,181.04958,19:44:23 624
-1,100.0,142.0,266.0,154.0,19:44:24 648
-1,85.0,149.0,344.91092,182.95265,19:44:25 311
+1,281.0,192.0,20.419882,236.09781,19:44:28 971
+1,226.0,217.0,76.0,218.0,19:44:29 365
+1,279.0,220.0,121.0,227.0,19:44:32 163
+1,271.0,219.0,58.0,233.0,19:44:35 621
+1,297.0,157.0,27.323597,202.38358,19:44:38 450
任务4, 结束
任务5, 开始
+2,183.0,39.0,168.0,267.0,19:44:50 886
＊主菜单＊,0,0,0,0,19:44:51 005
+1,267.0,178.0,33.254425,230.2527,19:44:53 079
-1,101.0,183.0,261.0,199.0,19:44:54 060
-1,111.0,186.0,293.0,178.0,19:44:54 590
0,108.0,106.0,108.0,106.0,19:44:57 171
健康运动,0,0,0,0,19:44:57 210
任务5, 结束
＊＊＊＊＊＊＊＊＊＊＊＊＊＊＊＊＊＊＊＊＊＊＊＊＊＊＊＊＊＊
