+2,177.0,27.0,180.9727,316.99002,19:48:19 188
＊主菜单＊,0,0,0,0,19:48:19 218
任务1, 开始
+2,208.0,95.0,207.88176,286.18002,19:48:57 797
+2,172.0,79.0,183.59592,242.16464,19:48:59 680
+2,172.0,102.0,171.99762,256.2551,19:49:00 700
+1,282.0,144.0,111.0,199.0,19:49:02 109
-1,81.0,183.0,304.0,153.0,19:49:03 121
-1,156.0,199.0,315.55188,190.58208,19:49:06 754
+1,179.0,139.0,13.0,159.0,19:49:07 202
+1,182.0,238.0,61.0,211.0,19:49:09 071
0,84.0,159.0,84.0,159.0,19:49:10 069
0,106.0,122.0,106.0,122.0,19:49:10 896
电话,0,0,0,0,19:49:10 935
任务1, 结束
+2,212.0,63.0,106.0,282.0,19:49:20 195
＊主菜单＊,0,0,0,0,19:49:20 235
任务2, 开始
+1,266.0,199.0,48.0,165.0,19:49:31 099
+1,276.0,181.0,62.0,210.0,19:49:32 609
0,256.0,237.0,256.0,237.0,19:49:33 767
0,186.0,216.0,186.0,216.0,19:49:35 141
笔记,0,0,0,0,19:49:35 184
+1,209.0,275.0,14.448105,179.0724,19:49:38 177
+1,294.0,191.0,17.184465,223.67961,19:49:45 577
+1,273.0,147.0,69.95969,203.89809,19:49:49 996
-1,60.0,143.0,339.2263,168.0619,19:49:51 350
+1,285.0,182.0,55.0,183.0,19:49:54 193
+1,264.0,175.0,19.0,186.0,19:49:54 236
-2,228.0,236.0,215.0,53.19448,19:49:55 774
+1,184.0,99.0,137.0,235.0,19:49:56 653
任务2, 结束
任务3, 开始
+2,205.0,72.0,126.0,278.0,19:50:04 700
＊主菜单＊,0,0,0,0,19:50:04 739
+1,256.0,246.0,64.0,223.0,19:50:07 646
+1,257.0,140.0,79.0,187.0,19:50:10 249
0,228.0,228.0,228.0,228.0,19:50:10 963
下载,0,0,0,0,19:50:11 018
任务3, 结束
任务4, 开始
+2,188.0,83.0,172.71259,311.6263,19:50:32 054
＊主菜单＊,0,0,0,0,19:50:32 098
+1,271.0,187.0,72.0,229.0,19:50:35 591
-1,63.0,148.0,233.0,189.0,19:50:36 413
-1,91.0,126.0,253.0,139.0,19:50:39 300
+1,258.0,235.0,51.0,225.0,19:50:39 627
+1,259.0,151.0,74.0,192.0,19:50:40 486
+1,280.0,123.0,66.61072,191.07617,19:50:42 144
+1,282.0,195.0,57.0,183.0,19:50:43 032
-1,143.0,178.0,322.0511,173.95982,19:50:43 377
-1,99.0,178.0,301.0,156.0,19:50:44 303
-1,98.0,152.0,299.0,180.0,19:50:45 055
-1,39.0,103.0,296.0,104.0,19:50:45 924
0,252.0,103.0,252.0,103.0,19:50:48 735
0,183.0,101.0,183.0,101.0,19:50:50 866
音乐,0,0,0,0,19:50:51 000
+1,306.0,162.0,68.02293,198.14987,19:50:53 439
+1,299.0,169.0,-1.4002419,235.70616,19:50:55 024
任务4, 结束
任务5, 开始
0,287.0,114.0,287.0,114.0,19:51:06 697
+2,194.0,64.0,107.0,274.0,19:51:06 740
＊主菜单＊,0,0,0,0,19:51:06 784
+1,273.0,228.0,53.0,229.0,19:51:09 814
+1,303.0,163.0,76.0,219.0,19:51:12 208
+1,260.0,221.0,44.0,233.0,19:51:13 078
+1,298.0,203.0,13.091858,253.1588,19:51:14 442
-1,60.0,97.0,264.0,177.0,19:51:15 039
-1,62.0,212.0,276.0,163.0,19:51:15 480
-1,58.0,144.0,269.0,169.0,19:51:16 382
-1,104.0,181.0,325.09277,155.40619,19:51:17 352
-1,106.0,180.0,303.0,159.0,19:51:18 348
-1,102.0,230.0,249.0,225.0,19:51:19 380
0,219.0,114.0,219.0,114.0,19:51:22 216
睡眠,0,0,0,0,19:51:22 248
+1,256.0,134.0,93.0,174.0,19:51:25 525
+1,285.0,200.0,40.686966,238.9513,19:51:29 450
0,260.0,204.0,260.0,204.0,19:51:29 905
-1,102.0,149.0,303.0,143.0,19:51:30 410
任务5, 结束
＊＊＊＊＊＊＊＊＊＊＊＊＊＊＊＊＊＊＊＊＊＊＊＊＊＊＊＊＊＊
