任务1, 开始
-1,137.0,180.0,322.76678,145.32474,12:02:46 673
-1,132.0,178.0,275.0,174.0,12:02:47 439
-1,116.0,188.0,289.0,190.0,12:02:48 261
0,216.0,116.0,216.0,116.0,12:02:48 944
睡眠,0,0,0,0,12:02:48 980
任务1, 结束
任务2, 开始
+2,189.0,116.0,195.5,283.0,12:03:00 533
＊主菜单＊,0,0,0,0,12:03:00 577
+1,264.0,180.0,51.0,228.0,12:03:02 387
+1,270.0,178.0,82.88266,226.3528,12:03:04 102
0,220.0,115.0,220.0,115.0,12:03:04 185
联系人,0,0,0,0,12:03:04 298
+1,254.0,184.0,63.0,203.0,12:03:07 304
+1,223.0,182.0,76.061226,212.94923,12:03:08 142
+1,256.0,170.0,85.774,183.18773,12:03:09 041
-1,80.0,184.0,325.5,176.0,12:03:11 647
-1,123.0,186.0,291.0,177.0,12:03:12 262
-1,97.0,192.0,307.4829,169.52075,12:03:12 969
-1,93.0,174.0,294.0,147.0,12:03:14 539
+1,272.0,199.0,112.10236,243.33011,12:03:14 573
+1,259.0,162.0,92.0,231.0,12:03:15 290
+1,222.0,185.0,80.586914,238.26833,12:03:16 528
-1,101.0,178.0,318.7771,145.5816,12:03:20 049
-1,97.0,209.0,285.0,185.0,12:03:20 084
-1,100.0,200.0,274.0,179.0,12:03:20 447
-1,108.0,178.0,272.0,144.0,12:03:21 167
+1,270.0,201.0,94.0,215.0,12:03:21 762
+1,253.0,204.0,81.814384,248.1794,12:03:23 543
+1,268.0,191.0,55.0,225.0,12:03:23 643
+1,283.0,162.0,81.5,223.5,12:03:26 736
任务2, 结束
任务3, 开始
+2,152.0,120.0,182.70247,298.39523,12:03:35 375
＊主菜单＊,0,0,0,0,12:03:35 485
+1,281.0,183.0,132.0,191.0,12:03:39 876
+1,294.0,183.0,111.0,199.0,12:03:40 758
+1,281.0,178.0,112.0,152.0,12:03:41 424
+1,264.0,168.0,117.0,186.0,12:03:42 296
0,92.0,110.0,92.0,110.0,12:03:42 980
系统设置,0,0,0,0,12:03:43 123
0,110.0,113.0,110.0,113.0,12:03:44 551
+2,206.0,98.0,213.11983,279.71893,12:03:48 059
＊主菜单＊,0,0,0,0,12:03:48 109
任务3, 结束
任务4, 开始
-1,144.0,189.0,296.0,172.0,12:03:57 526
-1,101.0,177.0,274.0,144.0,12:03:58 377
-1,104.0,169.0,307.0,147.0,12:03:59 197
0,194.0,117.0,194.0,117.0,12:03:59 745
音乐,0,0,0,0,12:03:59 805
+1,274.0,187.0,99.0,180.0,12:04:02 036
+1,272.0,179.0,86.0,219.0,12:04:02 562
任务4, 结束
任务5, 开始
+2,178.0,103.0,177.81465,301.58875,12:04:11 340
＊主菜单＊,0,0,0,0,12:04:11 426
+1,234.0,187.0,101.0,232.0,12:04:14 202
+1,225.0,185.0,137.0,195.0,12:04:15 101
0,96.0,107.0,96.0,107.0,12:04:15 762
股票,0,0,0,0,12:04:15 809
+1,262.0,146.0,117.20638,183.79326,12:04:18 646
+1,282.0,174.0,134.45708,193.45103,12:04:22 568
+1,260.0,149.0,105.99736,187.80106,12:04:24 028
+1,288.0,169.0,123.12838,184.96791,12:04:33 538
-1,104.0,175.0,286.599,147.44397,12:04:34 340
-1,140.0,192.0,297.0,160.0,12:04:36 566
-1,132.0,174.0,286.31317,141.0327,12:04:37 057
-1,165.0,116.0,274.29874,96.51548,12:04:38 571
-1,132.0,173.0,267.0,134.0,12:04:38 613
-1,104.0,172.0,298.0,141.0,12:04:39 277
+1,259.0,192.0,39.767784,231.44934,12:04:45 047
+1,262.0,190.0,77.920166,226.00998,12:04:45 567
+1,248.0,190.0,66.95479,232.76776,12:04:46 201
任务5, 结束
＊＊＊＊＊＊＊＊＊＊＊＊＊＊＊＊＊＊＊＊＊＊＊＊＊＊＊＊＊＊
任务1, 开始
