任务1, 开始
+2,180.0,83.0,192.85437,295.5631,11:57:55 759
＊主菜单＊,0,0,0,0,11:57:55 828
+1,250.0,186.0,70.0,172.0,11:57:58 294
+1,228.0,157.0,40.739876,196.35068,11:57:58 785
+1,256.0,128.0,28.0,192.0,11:57:59 602
+1,250.0,154.0,21.0,198.0,11:58:00 961
+1,255.0,181.0,52.0,228.0,11:58:02 386
0,105.0,225.0,105.0,225.0,11:58:03 446
卡包,0,0,0,0,11:58:03 562
+1,260.0,133.0,52.0,158.0,11:58:11 442
+1,249.0,111.0,53.900772,173.10825,11:58:12 441
+1,255.0,142.0,89.0,180.5,11:58:15 137
+1,244.0,104.0,30.0,200.0,11:58:15 241
+1,260.0,116.0,70.59141,180.75537,11:58:16 476
+1,239.0,106.0,41.0,192.5,11:58:17 253
任务1, 结束
任务2, 开始
+2,205.0,84.0,181.0,280.0,11:58:23 861
＊主菜单＊,0,0,0,0,11:58:23 950
-1,101.0,179.0,327.57684,162.9276,11:58:26 207
-1,60.0,127.0,282.35303,176.68681,11:58:27 079
-1,69.0,203.0,306.0,153.0,11:58:28 249
-1,87.0,215.0,260.0,207.0,11:58:29 153
0,96.0,131.0,96.0,131.0,11:58:30 066
健康运动,0,0,0,0,11:58:30 108
+1,261.0,162.0,62.86408,265.7961,11:58:35 649
+1,259.0,192.0,58.0,221.0,11:58:36 128
+1,287.0,198.0,31.489717,219.2369,11:58:37 121
任务2, 结束
任务3, 开始
+2,184.0,99.0,174.54906,295.0188,11:58:47 020
＊主菜单＊,0,0,0,0,11:58:47 182
+1,255.0,178.0,95.0,201.0,11:58:49 424
0,96.0,253.0,96.0,253.0,11:58:50 134
0,100.0,234.0,100.0,234.0,11:58:53 134
短信息,0,0,0,0,11:58:53 182
+1,257.0,126.0,57.0,193.0,11:59:00 101
+1,255.0,156.0,75.47451,232.38138,11:59:02 098
+1,219.0,158.0,49.428074,232.22406,11:59:02 805
-1,67.0,169.0,302.5,153.5,11:59:04 072
-1,83.0,165.0,306.0,169.0,11:59:06 655
+1,256.0,149.0,43.5,222.0,11:59:07 269
-1,72.0,178.0,289.0,161.0,11:59:07 886
0,78.0,110.0,78.0,110.0,11:59:09 143
0,93.0,100.0,93.0,100.0,11:59:09 974
0,60.0,109.0,60.0,109.0,11:59:10 575
0,58.0,105.0,58.0,105.0,11:59:11 190
+1,258.0,119.0,78.0,166.0,11:59:11 795
+1,260.0,119.0,53.498173,174.47925,11:59:12 622
+2,171.0,116.0,149.04329,286.69696,11:59:13 446
＊主菜单＊,0,0,0,0,11:59:13 529
+1,259.0,177.0,95.0,197.0,11:59:16 946
-1,73.0,187.0,272.65756,136.25766,11:59:17 521
0,188.0,134.0,188.0,134.0,11:59:18 269
微信,0,0,0,0,11:59:18 318
0,202.0,85.0,202.0,85.0,11:59:19 092
0,194.0,90.0,194.0,90.0,11:59:19 729
+2,178.0,110.0,172.73277,279.8203,11:59:22 819
＊主菜单＊,0,0,0,0,11:59:22 946
0,96.0,103.0,96.0,103.0,11:59:25 628
腾讯QQ,0,0,0,0,11:59:25 666
任务3, 结束
任务4, 开始
+2,195.0,125.0,185.4037,294.97394,11:59:39 257
＊主菜单＊,0,0,0,0,11:59:39 361
+1,248.0,173.0,86.0,230.0,11:59:42 274
+1,247.0,170.0,76.0,235.0,11:59:42 506
+1,258.0,151.0,42.0,229.0,11:59:43 087
+1,212.0,190.0,64.0,189.0,11:59:43 740
+1,235.0,178.0,50.0,193.0,11:59:44 632
+1,259.0,157.0,48.0,188.0,11:59:46 473
+1,225.0,177.0,51.0,215.0,11:59:47 110
0,177.0,256.0,177.0,256.0,11:59:47 946
0,215.0,206.0,215.0,206.0,11:59:49 349
下载,0,0,0,0,11:59:49 414
+1,243.0,171.0,108.854454,215.00145,11:59:52 188
+1,256.0,174.0,64.68042,238.51186,11:59:53 084
+1,268.0,156.0,84.0,202.0,11:59:53 942
任务4, 结束
任务5, 开始
+2,197.0,103.0,167.95671,295.30734,12:00:00 998
＊主菜单＊,0,0,0,0,12:00:01 045
-1,143.0,144.0,300.0,119.0,12:00:03 766
-1,153.0,160.0,295.0,175.0,12:00:04 126
-1,71.0,137.0,309.0,121.0,12:00:05 075
0,228.0,121.0,228.0,121.0,12:00:05 959
音乐,0,0,0,0,12:00:06 008
+1,280.0,108.0,46.688282,177.63046,12:00:08 052
+1,249.0,196.0,77.90122,249.81975,12:00:10 365
+1,214.0,183.0,27.970848,208.01457,12:00:11 065
任务5, 结束
＊＊＊＊＊＊＊＊＊＊＊＊＊＊＊＊＊＊＊＊＊＊＊＊＊＊＊＊＊＊
