+2,195.0,60.0,212.26797,217.77664,14:30:47 447
＊主菜单＊,0,0,0,0,14:30:47 574
任务1, 开始
+1,279.0,173.0,105.30842,156.7966,14:30:55 307
0,96.0,102.0,96.0,102.0,14:30:57 079
系统设置,0,0,0,0,14:30:57 122
任务1, 结束
任务2, 开始
+2,131.0,47.0,106.10337,237.82843,14:31:27 689
＊主菜单＊,0,0,0,0,14:31:27 732
-1,61.0,171.0,267.0,143.0,14:31:30 304
-1,55.0,186.0,231.0,148.0,14:31:30 757
-1,66.0,157.0,261.0,121.0,14:31:33 802
-1,80.0,161.0,255.0,151.0,14:31:34 644
0,99.0,112.0,99.0,112.0,14:31:36 548
电话,0,0,0,0,14:31:36 592
0,229.0,133.0,229.0,133.0,14:31:39 938
+1,253.0,181.0,82.0,207.0,14:31:41 137
任务2, 结束
任务3, 开始
+2,197.0,54.0,174.11922,255.44002,14:31:55 199
＊主菜单＊,0,0,0,0,14:31:55 338
-1,60.0,175.0,261.0,149.0,14:31:57 313
-1,57.0,158.0,217.0,143.0,14:31:57 799
0,97.0,135.0,97.0,135.0,14:31:58 561
健康运动,0,0,0,0,14:31:58 631
+1,264.0,191.0,60.0,201.0,14:32:00 903
+1,217.0,199.0,65.0,221.0,14:32:01 832
+1,296.0,178.0,145.0,186.0,14:32:02 487
+1,269.0,191.0,110.30976,189.44832,14:32:03 216
+1,221.0,180.0,125.30841,175.69087,14:32:03 701
任务3, 结束
任务4, 开始
+2,113.0,56.0,106.0,232.0,14:32:18 202
＊主菜单＊,0,0,0,0,14:32:18 239
+1,250.0,188.0,88.0,223.0,14:32:21 052
+1,297.0,182.0,128.0,222.0,14:32:21 976
+1,276.0,185.0,97.71617,214.35474,14:32:23 353
+1,291.0,196.0,163.89578,202.96854,14:32:24 356
+1,285.0,202.0,187.0,227.0,14:32:26 067
+1,289.0,205.0,148.0,236.0,14:32:27 450
+1,290.0,183.0,229.0,187.0,14:32:29 083
-1,93.0,217.0,293.0,214.0,14:32:30 287
-1,107.0,195.0,267.0,172.0,14:32:31 048
-1,98.0,199.0,297.0,147.0,14:32:32 488
+1,281.0,178.0,100.42466,181.8167,14:32:33 781
-1,140.0,189.0,273.0,182.0,14:32:35 277
+1,277.0,172.0,123.01592,182.79494,14:32:36 618
+1,242.0,188.0,94.0,194.0,14:32:37 607
0,97.0,217.0,97.0,217.0,14:32:38 147
卡包,0,0,0,0,14:32:38 222
+1,259.0,132.0,63.0,155.0,14:32:40 999
+1,259.0,159.0,107.0,169.0,14:32:41 914
+1,263.0,188.0,104.79253,187.96555,14:32:42 798
任务4, 结束
任务5, 开始
+2,116.0,65.0,139.45094,231.89493,14:32:59 671
＊主菜单＊,0,0,0,0,14:32:59 720
-1,110.0,197.0,301.0,158.0,14:33:01 974
-1,116.0,157.0,257.20425,142.98558,14:33:02 409
0,104.0,219.0,104.0,219.0,14:33:03 050
视频,0,0,0,0,14:33:03 102
任务5, 结束
＊＊＊＊＊＊＊＊＊＊＊＊＊＊＊＊＊＊＊＊＊＊＊＊＊＊＊＊＊＊
0,115.0,30.0,115.0,30.0,14:33:14 144
