0,61.0,173.0,61.0,173.0,14:24:20 434
+2,220.0,46.0,228.5,301.0,14:24:21 593
＊主菜单＊,0,0,0,0,14:24:21 663
任务1, 开始
+1,226.0,145.0,119.0,150.0,14:24:38 276
+1,222.0,164.0,35.021973,142.35037,14:24:39 183
+1,219.0,163.0,41.0,153.0,14:24:39 996
-1,47.0,164.0,271.0,97.0,14:24:40 651
-1,144.0,165.0,313.92477,175.95677,14:24:41 462
0,114.0,141.0,114.0,141.0,14:24:42 095
-1,67.0,176.0,307.8608,174.50925,14:24:42 925
0,214.0,224.0,214.0,224.0,14:24:44 485
相册,0,0,0,0,14:24:44 597
+1,291.0,135.0,31.600647,139.66254,14:24:46 896
+1,264.0,151.0,178.0,152.0,14:24:47 887
+1,289.0,137.0,171.0,136.0,14:24:48 881
-1,58.0,151.0,183.0,142.0,14:24:49 644
-1,62.0,163.0,253.9614,134.73532,14:24:50 795
+1,220.0,137.0,144.4775,148.11163,14:24:51 599
任务1, 结束
任务2, 开始
+2,225.0,70.0,185.0,258.0,14:25:03 250
＊主菜单＊,0,0,0,0,14:25:03 287
+1,203.0,54.0,171.49658,142.83904,14:25:04 136
-1,96.0,194.0,306.0,104.0,14:25:05 302
-1,102.0,150.0,230.35362,146.62227,14:25:06 073
-1,96.0,187.0,126.498856,183.4809,14:25:06 879
-1,134.0,163.0,218.0,148.0,14:25:07 598
0,209.0,233.0,209.0,233.0,14:25:08 621
国际象棋,0,0,0,0,14:25:08 690
+1,247.0,98.0,43.0,89.5,14:25:15 935
任务2, 结束
+2,140.0,79.0,131.32257,268.04962,14:25:21 156
＊主菜单＊,0,0,0,0,14:25:21 385
任务3, 开始
+1,225.0,163.0,99.0,162.0,14:25:30 107
+1,264.0,144.0,90.896126,136.86754,14:25:30 935
+1,249.0,147.0,71.24853,140.83803,14:25:32 365
+1,259.0,156.0,126.0,181.0,14:25:33 711
+1,276.0,152.0,171.0,152.0,14:25:36 232
+1,294.0,159.0,145.0,170.0,14:25:37 824
0,95.0,115.0,95.0,115.0,14:25:38 694
系统设置,0,0,0,0,14:25:38 731
+1,147.0,154.0,14.0,143.5,14:25:43 949
+2,145.0,24.0,120.14116,185.97627,14:25:48 652
＊主菜单＊,0,0,0,0,14:25:49 153
+1,260.0,140.0,97.0,155.0,14:25:51 797
-1,134.0,141.0,305.0,167.0,14:25:55 234
-1,102.0,139.0,265.0,146.0,14:25:56 396
-1,95.0,165.0,295.0,134.0,14:25:57 603
-1,104.0,170.0,252.0,134.0,14:25:58 350
-1,130.0,146.0,289.1082,106.09112,14:25:59 624
-1,127.0,158.0,299.0,138.0,14:26:01 067
-1,126.0,172.0,278.13483,125.984955,14:26:02 331
-1,88.0,193.0,286.0,118.5,14:26:05 344
+1,279.0,129.0,156.0,142.0,14:26:05 862
+1,296.0,152.0,146.0,158.0,14:26:06 353
+1,255.0,135.0,121.0,130.0,14:26:06 578
+1,284.0,162.0,136.0,131.0,14:26:07 101
+1,283.0,132.0,138.6888,104.31012,14:26:07 726
+1,294.0,131.0,120.0,147.0,14:26:08 304
+1,255.0,113.0,124.0,118.0,14:26:09 684
0,90.0,109.0,90.0,109.0,14:26:10 387
系统设置,0,0,0,0,14:26:10 441
-2,100.0,215.0,143.0,37.50741,14:26:17 480
+2,154.0,24.0,98.5,204.5,14:26:20 161
＊主菜单＊,0,0,0,0,14:26:20 200
+1,281.0,168.0,121.0,152.0,14:26:22 176
-1,113.0,155.0,233.0,135.0,14:26:25 235
-1,108.0,183.0,285.78955,149.64209,14:26:26 702
-1,60.0,189.0,184.0,149.0,14:26:30 319
-1,100.0,153.0,235.0,135.0,14:26:32 166
-1,69.0,154.0,281.0,155.0,14:26:35 417
-1,91.0,172.0,261.0,147.0,14:26:36 505
0,106.0,99.0,106.0,99.0,14:26:40 445
健康运动,0,0,0,0,14:26:40 483
+1,271.0,159.0,146.0462,156.6511,14:26:43 179
+1,277.0,140.0,116.36031,126.83266,14:26:43 625
+1,302.0,157.0,134.52197,144.8287,14:26:44 294
+1,306.0,156.0,160.35498,135.709,14:26:44 823
+1,272.0,143.0,157.69109,125.203476,14:26:45 541
+1,171.0,120.0,54.0,106.0,14:26:49 387
+2,163.0,42.0,168.13202,225.829,14:26:51 120
＊主菜单＊,0,0,0,0,14:26:51 202
0,100.0,222.0,100.0,222.0,14:26:55 201
运动秒表,0,0,0,0,14:26:55 239
+1,291.0,148.0,134.95229,146.55968,14:26:57 036
+2,185.0,39.0,177.75879,240.44867,14:26:57 643
＊主菜单＊,0,0,0,0,14:26:57 782
+2,182.0,38.0,161.0,229.5,14:26:58 673
+1,267.0,163.0,78.0,172.0,14:27:00 060
+1,293.0,153.0,91.0,123.0,14:27:02 062
+1,261.0,152.0,121.98858,140.03926,14:27:04 747
+1,290.0,151.0,139.0,136.0,14:27:05 339
+1,265.0,147.0,135.0,140.0,14:27:05 930
+1,257.0,150.0,146.09319,154.71353,14:27:06 643
+1,256.0,136.0,55.696968,96.97499,14:27:08 168
任务3, 结束
任务4, 开始
-1,103.0,151.0,335.0,169.0,14:27:14 842
0,90.0,164.0,90.0,164.0,14:27:15 187
-1,76.0,146.0,180.0,140.0,14:27:15 743
0,105.0,146.0,105.0,146.0,14:27:16 525
-1,108.0,155.0,255.10031,130.14206,14:27:17 185
-1,135.0,169.0,259.0,152.0,14:27:17 908
-1,87.0,164.0,207.5885,152.16606,14:27:18 617
0,217.0,167.0,217.0,167.0,14:27:19 162
+1,216.0,187.0,68.0,170.0,14:27:19 904
0,97.0,230.0,97.0,230.0,14:27:20 402
新浪微博,0,0,0,0,14:27:20 443
+1,226.0,133.0,91.0,133.0,14:27:27 151
+1,269.0,156.0,101.88124,145.12016,14:27:27 596
+1,269.0,162.0,151.78769,147.95628,14:27:28 851
-1,140.0,169.0,308.13892,177.96555,14:27:31 659
-1,137.0,142.0,249.92784,153.92734,14:27:32 171
+1,281.0,155.0,114.55228,138.68893,14:27:35 168
+1,258.0,156.0,112.90065,140.6063,14:27:35 354
任务4, 结束
任务5, 开始
+2,176.0,68.0,177.34987,246.48137,14:27:52 095
＊主菜单＊,0,0,0,0,14:27:52 254
-1,105.0,159.0,136.5511,156.74635,14:27:55 690
-1,96.0,178.0,184.0,153.0,14:27:56 396
+1,273.0,177.0,101.25399,177.73247,14:27:56 662
-1,63.0,170.0,193.13734,153.10783,14:27:57 159
-1,121.0,147.0,155.42923,147.0,14:27:57 684
+1,237.0,171.0,66.98508,178.52994,14:27:58 862
+1,260.0,162.0,151.0,165.0,14:27:59 311
+1,246.0,153.0,142.0,136.0,14:27:59 895
+1,240.0,153.0,130.35951,153.39568,14:28:00 917
+1,270.0,150.0,130.65433,147.55168,14:28:01 876
0,99.0,228.0,99.0,228.0,14:28:05 159
天气,0,0,0,0,14:28:05 196
+1,280.0,182.0,163.08006,180.04735,14:28:08 611
+1,297.0,150.0,124.0,163.0,14:28:09 559
+1,288.0,148.0,183.0,162.0,14:28:10 195
+1,288.0,142.0,159.0,135.0,14:28:10 821
-1,63.0,177.0,192.71916,133.10767,14:28:11 845
-1,85.0,166.0,231.92545,161.51324,14:28:12 095
-1,128.0,146.0,304.72543,157.86217,14:28:12 398
-1,103.0,162.0,184.17532,179.24976,14:28:12 853
任务5, 结束
＊＊＊＊＊＊＊＊＊＊＊＊＊＊＊＊＊＊＊＊＊＊＊＊＊＊＊＊＊＊
