任务1, 开始
+1,210.0,154.0,112.0,156.0,14:35:16 959
任务1, 结束
任务2, 开始
+2,187.0,30.0,179.82446,226.72841,14:35:33 730
＊主菜单＊,0,0,0,0,14:35:33 823
+1,255.0,111.0,102.0,141.0,14:35:37 735
0,257.0,218.0,257.0,218.0,14:35:38 593
0,223.0,241.0,223.0,241.0,14:35:40 136
0,194.0,231.0,194.0,231.0,14:35:42 696
笔记,0,0,0,0,14:35:42 734
+1,285.0,154.0,154.0105,169.4306,14:35:44 354
+1,248.0,132.0,36.45697,102.33175,14:35:45 792
+1,237.0,150.0,86.0,141.0,14:35:51 939
+1,240.0,131.0,79.493935,104.580666,14:35:52 647
任务2, 结束
任务3, 开始
+1,179.0,75.0,146.47842,213.4823,14:36:03 217
-1,97.0,139.0,228.88655,165.8859,14:36:05 672
+1,176.0,51.0,133.16348,171.52774,14:36:06 562
+2,155.0,71.0,168.0,246.0,14:36:07 702
＊主菜单＊,0,0,0,0,14:36:07 780
+2,144.0,65.0,206.0,278.0,14:36:08 762
0,125.0,225.0,125.0,225.0,14:36:10 204
卡包,0,0,0,0,14:36:10 242
+1,291.0,114.0,46.0,105.0,14:36:12 704
+1,279.0,138.0,50.0,95.0,14:36:13 089
+1,259.0,95.0,67.0,67.0,14:36:17 694
+1,237.0,144.0,103.18898,99.61656,14:36:18 355
0,32.0,149.0,32.0,149.0,14:36:19 047
0,92.0,150.0,92.0,150.0,14:36:19 584
-1,107.0,148.0,153.34363,149.07776,14:36:20 186
-1,95.0,148.0,253.0,183.0,14:36:27 241
-1,54.0,180.0,89.99789,174.1939,14:36:28 193
-1,40.0,178.0,240.5,149.0,14:36:29 647
+1,302.0,163.0,156.0,139.0,14:36:33 380
+1,252.0,105.0,69.26764,107.8263,14:36:33 882
+1,280.0,135.0,74.89009,97.82691,14:36:38 389
+1,258.0,146.0,34.61988,106.89626,14:36:38 743
+1,265.0,136.0,93.77958,108.59319,14:36:39 202
+2,171.0,24.0,135.5,211.0,14:36:39 638
＊主菜单＊,0,0,0,0,14:36:39 774
-1,100.0,142.0,320.04553,134.51877,14:36:42 917
-1,57.0,154.0,176.0,184.0,14:36:44 478
-1,64.0,130.0,263.44583,134.47835,14:36:46 500
-1,120.0,122.0,260.0,140.0,14:36:47 304
-1,100.0,184.0,293.0,151.0,14:36:48 637
+1,261.0,110.0,98.0,131.0,14:36:48 982
+1,250.0,135.0,98.0,80.0,14:36:49 718
+1,259.0,111.0,102.0,144.0,14:36:50 460
+1,241.0,153.0,70.281555,146.1165,14:36:51 972
+1,226.0,164.0,67.0,147.0,14:36:53 372
+1,289.0,130.0,152.0,99.0,14:36:54 408
+1,222.0,173.0,67.0,152.0,14:36:56 262
-1,78.0,143.0,114.01758,145.2511,14:36:57 440
-1,128.0,140.0,290.0,149.0,14:36:58 020
-1,96.0,162.0,291.0,143.0,14:37:01 474
0,93.0,203.0,93.0,203.0,14:37:03 314
卡包,0,0,0,0,14:37:03 346
+1,298.0,152.0,90.0,111.0,14:37:09 192
+1,280.0,145.0,212.26166,142.01636,14:37:09 237
+1,225.0,109.0,181.73203,107.51365,14:37:10 935
+1,227.0,130.0,135.0,112.0,14:37:11 733
-1,103.0,141.0,276.0,142.0,14:37:12 540
任务3, 结束
任务4, 开始
+2,136.0,44.0,121.74189,240.53569,14:37:25 214
＊主菜单＊,0,0,0,0,14:37:25 255
+1,239.0,143.0,132.0,120.0,14:37:26 947
+1,257.0,116.0,146.0,134.0,14:37:27 313
+1,290.0,182.0,105.168564,166.67284,14:37:27 975
0,113.0,130.0,113.0,130.0,14:37:29 143
系统设置,0,0,0,0,14:37:29 182
任务4, 结束
+2,97.0,62.0,105.02337,230.14021,14:37:34 747
＊主菜单＊,0,0,0,0,14:37:34 851
-1,26.0,177.0,229.0,120.0,14:37:39 475
-1,114.0,108.0,251.0,122.0,14:37:39 716
0,64.0,137.0,64.0,137.0,14:37:39 920
0,120.0,93.0,120.0,93.0,14:37:40 146
任务5, 开始
0,64.0,161.0,64.0,161.0,14:37:42 795
-1,56.0,149.0,187.33205,152.06418,14:37:43 479
-1,134.0,144.0,291.0,159.0,14:37:43 843
0,142.0,154.0,142.0,154.0,14:37:44 077
-1,38.0,177.0,268.0,181.0,14:37:44 402
-1,96.0,184.0,274.0,203.0,14:37:44 759
0,71.0,124.0,71.0,124.0,14:37:45 205
0,104.0,93.0,104.0,93.0,14:37:47 863
健康运动,0,0,0,0,14:37:47 903
+1,289.0,147.0,184.0,154.0,14:37:53 153
-1,57.0,147.0,138.0,139.0,14:37:53 836
-1,103.0,169.0,304.2229,149.04329,14:37:54 674
+1,263.0,180.0,88.039986,151.67767,14:37:59 837
+1,159.0,133.0,44.77009,103.659,14:38:00 934
+1,259.0,158.0,130.21313,107.388535,14:38:01 492
+1,270.0,148.0,109.0,120.0,14:38:02 144
任务5, 结束
＊＊＊＊＊＊＊＊＊＊＊＊＊＊＊＊＊＊＊＊＊＊＊＊＊＊＊＊＊＊
