+1,286.0,153.0,20.0,152.0,17:14:59 222
-1,30.0,164.0,270.0,189.0,17:15:00 491
任务1, 开始
+1,283.0,157.0,24.0,178.0,17:15:15 373
+1,278.0,175.0,100.0,197.0,17:15:16 299
+1,269.0,181.0,91.0,210.0,17:15:17 305
+1,293.0,175.0,125.0,196.0,17:15:18 079
+1,271.0,161.0,85.598335,198.74318,17:15:19 514
+1,288.0,168.0,113.0,193.0,17:15:20 690
0,98.0,113.0,98.0,113.0,17:15:23 224
系统设置,0,0,0,0,17:15:23 298
-2,70.0,242.0,147.07352,48.85297,17:15:26 234
-1,79.0,156.0,126.0,257.0,17:15:27 308
-1,99.0,176.0,137.0,254.0,17:15:28 153
-1,115.0,173.0,158.0,162.57281,17:15:28 801
0,138.0,84.0,138.0,84.0,17:15:29 250
0,149.0,257.0,149.0,257.0,17:15:29 382
+2,130.0,28.0,117.71259,230.4767,17:15:32 136
＊主菜单＊,0,0,0,0,17:15:32 198
0,215.0,107.0,215.0,107.0,17:15:35 565
自带导航,0,0,0,0,17:15:35 604
+2,213.0,48.0,210.99522,276.01913,17:15:43 201
＊主菜单＊,0,0,0,0,17:15:43 267
-1,78.0,184.0,307.63486,179.66956,17:15:46 350
-1,166.0,179.0,271.0,165.0,17:15:47 256
-1,46.0,188.0,255.0,174.0,17:15:47 595
-1,82.0,214.0,177.0,189.0,17:15:47 987
-1,29.0,182.0,293.0,148.0,17:15:48 862
-1,54.0,186.0,242.0,149.0,17:15:49 710
0,107.0,135.0,107.0,135.0,17:15:51 227
健康运动,0,0,0,0,17:15:51 275
0,99.0,107.0,99.0,107.0,17:15:52 453
-2,216.0,239.0,227.27881,45.53533,17:15:54 065
+1,237.0,178.0,28.0,220.0,17:15:54 534
+1,272.0,156.0,70.12621,207.79611,17:15:55 492
+1,265.0,177.0,63.0,202.0,17:15:55 986
+1,291.0,161.0,78.999275,223.10373,17:15:56 502
+1,245.0,181.0,77.0,224.0,17:15:56 801
+1,281.0,165.0,110.423164,203.78279,17:15:57 305
+2,178.0,46.0,201.83676,270.66748,17:16:00 574
＊主菜单＊,0,0,0,0,17:16:00 615
睡眠,0,0,0,0,17:16:01 489
+1,268.0,151.0,60.0,182.0,17:16:02 600
-1,37.0,177.0,299.0,178.0,17:16:04 438
-1,56.0,177.0,292.7302,179.0,17:16:05 205
+2,175.0,55.0,181.0,248.0,17:16:06 012
＊主菜单＊,0,0,0,0,17:16:06 094
+1,233.0,159.0,60.0,196.0,17:16:08 741
+1,197.0,172.0,64.0,195.0,17:16:09 128
+1,187.0,193.0,57.0,220.0,17:16:10 075
+1,280.0,161.0,75.0,198.0,17:16:11 301
+1,292.0,160.0,56.0,219.0,17:16:12 580
0,96.0,227.0,96.0,227.0,17:16:13 264
天气,0,0,0,0,17:16:13 308
+1,269.0,152.0,92.0,217.0,17:16:19 826
+1,274.0,184.0,92.15534,223.73787,17:16:20 878
+1,261.0,180.0,115.39286,211.3363,17:16:21 590
+1,292.0,173.0,120.0,212.5,17:16:22 257
任务1, 结束
+2,142.0,40.0,148.0,279.0,17:16:49 158
＊主菜单＊,0,0,0,0,17:16:49 206
任务2, 开始
-1,51.0,191.0,272.0,202.0,17:17:01 852
-1,55.0,181.0,290.0,181.0,17:17:02 719
-1,43.0,174.0,214.0,184.0,17:17:03 434
-1,32.0,189.0,249.0,193.0,17:17:04 439
-1,42.0,183.0,290.0,187.0,17:17:05 421
0,98.0,101.0,98.0,101.0,17:17:06 767
健康运动,0,0,0,0,17:17:06 819
+1,245.0,156.0,105.0,183.0,17:17:09 599
0,227.0,162.0,227.0,162.0,17:17:10 580
+1,273.0,160.0,85.80349,193.92908,17:17:12 585
+1,267.0,169.0,102.75807,183.93109,17:17:13 173
+1,255.0,158.0,87.0,187.0,17:17:13 809
+1,243.0,152.0,130.0,180.0,17:17:15 319
任务2, 结束
任务3, 开始
+2,153.0,67.0,180.9653,259.47952,17:17:33 101
＊主菜单＊,0,0,0,0,17:17:33 149
+1,272.0,196.0,101.98427,222.64264,17:17:35 211
0,223.0,105.0,223.0,105.0,17:17:35 964
微信,0,0,0,0,17:17:36 007
0,217.0,137.0,217.0,137.0,17:17:39 731
0,207.0,129.0,207.0,129.0,17:17:43 125
+1,238.0,188.0,54.71732,223.42314,17:17:43 848
-1,49.0,218.0,260.80643,202.90399,17:17:45 638
0,170.0,116.0,170.0,116.0,17:17:46 425
0,195.0,138.0,195.0,138.0,17:17:47 102
+1,272.0,186.0,143.0,215.0,17:17:47 458
+1,290.0,161.0,183.0,182.0,17:17:48 275
+1,280.0,179.0,140.0,209.0,17:17:51 202
+1,261.0,188.0,93.581764,230.45094,17:17:52 402
+1,283.0,183.0,38.058655,207.54321,17:17:53 183
-1,33.0,195.0,275.4142,194.58615,17:17:56 098
0,142.0,185.0,142.0,185.0,17:17:56 699
0,146.0,226.0,146.0,226.0,17:17:59 107
-1,49.0,225.0,262.0,223.0,17:17:59 674
-1,74.0,231.0,263.61273,223.93872,17:18:00 982
+1,293.0,177.0,33.689156,231.68988,17:18:03 600
-1,14.0,171.0,313.6075,174.45912,17:18:07 079
任务3, 结束
任务4, 开始
+2,177.0,58.0,172.70221,246.2475,17:18:25 410
＊主菜单＊,0,0,0,0,17:18:25 516
-1,69.0,205.0,268.0,209.0,17:18:28 766
+1,255.0,195.0,86.0,241.0,17:18:30 412
+1,265.0,181.0,121.06458,218.95769,17:18:30 970
0,165.0,204.0,165.0,204.0,17:18:31 794
+1,286.0,176.0,132.91093,192.34818,17:18:32 678
0,77.0,241.0,77.0,241.0,17:18:34 455
0,97.0,222.0,97.0,222.0,17:18:35 982
视频,0,0,0,0,17:18:36 025
+1,270.0,191.0,151.53554,228.3855,17:18:38 608
任务4, 结束
+2,169.0,57.0,167.51807,284.37357,17:18:43 585
＊主菜单＊,0,0,0,0,17:18:43 645
任务5, 开始
+1,245.0,161.0,62.0,180.0,17:18:52 259
+1,297.0,174.0,86.42582,220.53372,17:18:52 714
+1,279.0,181.0,129.0,196.0,17:18:53 390
0,105.0,126.0,105.0,126.0,17:18:54 060
系统设置,0,0,0,0,17:18:54 097
任务5, 结束
＊＊＊＊＊＊＊＊＊＊＊＊＊＊＊＊＊＊＊＊＊＊＊＊＊＊＊＊＊＊
任务1, 开始
-1,54.0,176.0,308.0,174.0,17:29:15 695
-1,24.0,186.0,270.0,219.0,17:29:16 540
0,216.0,195.0,216.0,195.0,17:29:17 512
笔记,0,0,0,0,17:29:17 553
+1,224.0,202.0,39.986065,233.2843,17:29:20 138
+1,234.0,185.0,57.557236,239.98364,17:29:21 458
+1,215.0,183.0,5.6364975,213.28358,17:29:22 120
任务1, 结束
+1,248.0,167.0,55.0,190.0,17:29:33 312
+1,291.0,188.0,63.71766,186.52214,17:29:34 123
+1,276.0,184.0,21.455551,194.6492,17:29:34 971
+1,267.0,154.0,28.0,213.0,17:29:35 526
任务2, 开始
+2,170.0,80.0,163.31448,285.45108,17:29:58 205
＊主菜单＊,0,0,0,0,17:29:58 246
+1,270.0,219.0,70.0,232.0,17:30:01 260
+1,268.0,159.0,112.0,212.0,17:30:01 425
-1,59.0,193.0,284.60193,200.85913,17:30:02 588
0,48.0,205.0,48.0,205.0,17:30:02 783
-1,36.0,196.0,300.0,172.0,17:30:03 504
-1,30.0,186.0,289.0,218.0,17:30:04 931
0,202.0,118.0,202.0,118.0,17:30:06 015
音乐,0,0,0,0,17:30:06 079
+1,289.0,155.0,80.19844,227.18037,17:30:07 773
+1,259.0,135.0,26.0,182.0,17:30:09 096
任务2, 结束
+2,213.0,35.0,181.92734,293.0368,17:30:19 343
＊主菜单＊,0,0,0,0,17:30:19 389
任务3, 开始
任务3, 结束
+1,278.0,152.0,28.0,187.0,17:30:25 442
-1,30.0,180.0,304.0,178.0,17:30:26 655
-1,50.0,225.0,282.0,204.0,17:30:27 484
-1,27.0,189.0,298.0,200.0,17:30:28 263
-1,45.0,223.0,324.0,198.5,17:30:29 063
0,111.0,156.0,111.0,156.0,17:30:30 669
0,163.0,93.0,163.0,93.0,17:30:31 885
0,215.0,133.0,215.0,133.0,17:30:32 909
睡眠,0,0,0,0,17:30:32 957
+1,253.0,187.0,61.0,216.0,17:30:36 670
+1,276.0,153.0,5.062729,231.96698,17:30:38 306
-1,44.0,142.0,298.9695,134.79108,17:30:39 333
+2,157.0,79.0,179.92537,243.04471,17:30:40 034
＊主菜单＊,0,0,0,0,17:30:40 183
任务4, 开始
0,182.0,21.0,182.0,21.0,17:30:50 304
+1,226.0,152.0,25.0,171.0,17:30:50 922
0,103.0,208.0,103.0,208.0,17:30:51 526
短信息,0,0,0,0,17:30:51 579
0,118.0,223.0,118.0,223.0,17:30:52 516
0,209.0,94.0,209.0,94.0,17:30:56 013
+1,282.0,185.0,49.0,234.0,17:30:56 574
-1,44.0,223.0,293.92004,181.24074,17:30:59 170
+2,178.0,32.0,153.86217,248.41422,17:30:59 468
＊主菜单＊,0,0,0,0,17:30:59 554
+2,129.0,45.0,140.0,252.0,17:31:00 362
+1,177.0,234.0,68.0,270.0,17:31:01 455
-1,254.0,183.0,296.0,214.0,17:31:03 237
+1,294.0,174.0,62.956577,194.45045,17:31:03 473
0,192.0,139.0,192.0,139.0,17:31:03 864
0,218.0,117.0,218.0,117.0,17:31:05 125
联系人,0,0,0,0,17:31:05 165
+1,292.0,164.0,53.0,199.0,17:31:07 034
+1,277.0,167.0,40.866974,243.44081,17:31:07 696
+1,267.0,129.0,58.0,193.0,17:31:08 249
+1,270.0,144.0,59.0,193.0,17:31:09 575
-1,25.0,198.0,305.2771,184.44832,17:31:10 122
任务4, 结束
任务5, 开始
+2,162.0,19.0,179.27509,275.8726,17:31:19 178
＊主菜单＊,0,0,0,0,17:31:19 280
+1,215.0,213.0,66.0,246.0,17:31:21 427
+1,274.0,190.0,36.985355,248.92897,17:31:21 935
+1,265.0,204.0,61.0,221.0,17:31:22 622
+1,202.0,227.0,56.0,237.0,17:31:23 245
0,196.0,236.0,196.0,236.0,17:31:23 789
下载,0,0,0,0,17:31:23 849
任务5, 结束
＊＊＊＊＊＊＊＊＊＊＊＊＊＊＊＊＊＊＊＊＊＊＊＊＊＊＊＊＊＊
-1,21.0,175.0,262.0,175.0,17:31:41 139
-1,30.0,188.0,293.63272,180.73106,17:31:41 689
+2,150.0,106.0,171.27963,289.70755,17:31:42 512
＊主菜单＊,0,0,0,0,17:31:42 578
+1,278.0,144.0,102.0,195.0,17:31:45 392
-1,66.0,183.0,270.0,185.0,17:31:45 938
-1,64.0,176.0,298.0,177.0,17:31:46 813
-1,59.0,215.0,253.0,193.0,17:31:47 774
-1,86.0,186.0,301.0,184.0,17:31:48 558
0,188.0,131.0,188.0,131.0,17:31:49 184
联系人,0,0,0,0,17:31:49 246
