+2,131.0,28.0,109.0,271.0,15:43:55 500
＊主菜单＊,0,0,0,0,15:43:55 541
+2,140.0,57.0,159.0,210.0,15:43:59 805
+2,180.0,40.0,177.0,219.0,15:43:59 890
任务1, 开始
+1,294.0,140.0,28.0,228.0,15:44:05 663
+1,293.0,170.0,51.0,229.0,15:44:06 378
+1,288.0,160.0,50.0,227.0,15:44:07 089
0,95.0,231.0,95.0,231.0,15:44:07 682
视频,0,0,0,0,15:44:07 717
+1,264.0,192.0,75.05958,243.83623,15:44:09 653
+1,253.0,218.0,24.969204,223.91951,15:44:12 443
-1,63.0,196.0,290.5,190.5,15:44:12 478
+1,270.0,158.0,56.0,256.0,15:44:13 111
任务1, 结束
+2,183.0,24.0,137.22162,205.22433,15:44:15 984
＊主菜单＊,0,0,0,0,15:44:16 020
任务2, 开始
-1,68.0,183.0,303.0,176.0,15:44:23 207
-1,63.0,178.0,302.0,175.0,15:44:24 032
0,210.0,228.0,210.0,228.0,15:44:25 141
邮箱,0,0,0,0,15:44:25 173
0,213.0,77.0,213.0,77.0,15:44:28 480
0,185.0,86.0,185.0,86.0,15:44:29 681
0,210.0,78.0,210.0,78.0,15:44:29 921
+1,255.0,159.0,56.0,232.0,15:44:30 713
+1,297.0,151.0,50.2265,228.75092,15:44:31 913
+1,300.0,158.0,77.36261,223.78244,15:44:32 724
+1,301.0,158.0,197.13051,184.70354,15:44:34 412
+1,306.0,153.0,48.425186,224.41823,15:44:35 299
-1,111.0,186.0,303.48682,177.74474,15:44:36 755
-1,122.0,189.0,272.3465,175.90222,15:44:38 109
-1,106.0,185.0,311.58585,152.1813,15:44:38 428
-1,94.0,175.0,283.82843,146.65506,15:44:38 731
+1,238.0,183.0,101.82797,233.14934,15:44:39 860
-1,131.0,170.0,319.04645,161.03973,15:44:40 507
+1,280.0,147.0,83.37999,195.367,15:44:42 275
+1,244.0,166.0,47.09868,207.20041,15:44:42 743
+1,297.0,143.0,46.87914,220.56274,15:44:43 141
+1,300.0,149.0,42.432774,223.77017,15:44:43 578
+1,296.0,149.0,53.91979,227.01527,15:44:44 205
+1,247.0,177.0,65.40157,231.39188,15:44:45 108
+1,129.0,178.0,40.0,227.0,15:44:46 877
-1,100.0,182.0,337.63284,154.30319,15:44:47 524
-1,104.0,189.0,310.3603,173.55331,15:44:48 481
-1,117.0,191.0,309.0464,149.1008,15:44:50 326
-1,105.0,183.0,319.9166,169.57684,15:44:52 984
-1,108.0,186.0,323.57324,181.0,15:44:53 352
-1,84.0,179.0,270.14014,152.65999,15:44:53 671
-1,175.0,181.0,236.0,172.7595,15:44:55 646
+1,303.0,155.0,70.98874,235.81898,15:44:57 010
+1,299.0,155.0,50.384483,238.6687,15:44:57 589
+1,269.0,172.0,89.75947,218.6803,15:44:58 619
-1,113.0,191.0,311.4601,171.43098,15:44:59 733
-1,145.0,184.0,296.0,156.0,15:45:00 347
-1,143.0,186.0,310.45755,156.39215,15:45:01 059
-1,172.0,177.0,234.0,164.95891,15:45:02 787
+1,259.0,192.0,90.0,241.0,15:45:04 005
+1,303.0,171.0,53.499855,244.36118,15:45:04 424
+1,297.0,171.0,55.0,253.0,15:45:05 019
+1,303.0,156.0,64.66214,245.1877,15:45:08 536
+1,303.0,166.0,48.513325,248.86945,15:45:09 860
+1,289.0,183.0,56.0,244.0,15:45:10 567
+1,293.0,172.0,50.11447,246.95094,15:45:11 431
-1,81.0,200.0,303.58875,184.54634,15:45:11 944
-1,99.0,204.0,269.53598,183.56427,15:45:12 272
-1,95.0,203.0,280.98608,188.0327,15:45:12 675
-1,158.0,187.0,303.9597,178.5772,15:45:13 964
-1,163.0,200.0,303.79324,180.03445,15:45:14 859
-1,178.0,189.0,311.0,171.0,15:45:15 880
-1,99.0,192.0,307.0,167.0,15:45:16 595
+1,301.0,164.0,48.0,225.0,15:45:18 155
+1,267.0,177.0,41.133545,231.33708,15:45:19 110
任务2, 结束
+2,125.0,38.0,159.36536,283.23676,15:45:22 462
＊主菜单＊,0,0,0,0,15:45:22 559
任务3, 开始
+1,294.0,150.0,96.02145,222.21031,15:45:26 546
+1,273.0,186.0,60.0,248.0,15:45:27 292
+1,305.0,167.0,50.70245,259.2267,15:45:27 944
+1,252.0,179.0,77.0,244.0,15:45:28 495
+1,296.0,162.0,53.647835,257.09082,15:45:30 721
+1,300.0,174.0,231.76761,192.0,15:45:31 647
0,229.0,227.0,229.0,227.0,15:45:31 717
下载,0,0,0,0,15:45:31 752
任务3, 结束
+2,175.0,32.0,171.24318,276.75787,15:45:38 993
＊主菜单＊,0,0,0,0,15:45:39 082
任务4, 开始
+1,300.0,173.0,118.0,260.0,15:45:46 928
-1,23.0,176.0,288.0,154.0,15:45:47 938
-1,118.0,179.0,289.0,164.0,15:45:48 187
-1,125.0,183.0,306.0,165.0,15:45:48 879
0,101.0,222.0,101.0,222.0,15:45:49 703
视频,0,0,0,0,15:45:49 748
+1,244.0,184.0,88.0,253.0,15:45:52 473
+1,306.0,161.0,78.0,247.0,15:45:53 473
+1,297.0,130.0,128.9946,226.54262,15:45:59 878
-1,53.0,154.0,267.15558,159.00339,15:46:00 455
+2,158.0,26.0,159.44301,289.78403,15:46:02 399
＊主菜单＊,0,0,0,0,15:46:02 456
+1,304.0,158.0,64.0,257.0,15:46:04 283
+1,301.0,169.0,91.0,246.0,15:46:05 630
+1,302.0,169.0,57.0,256.0,15:46:06 768
+1,305.0,165.0,77.0,238.0,15:46:07 909
+1,304.0,163.0,100.0,233.0,15:46:11 079
-1,102.0,189.0,298.0,177.0,15:46:11 502
-1,101.0,199.0,302.0,178.0,15:46:12 128
-1,179.0,192.0,296.0,168.0,15:46:12 938
-1,166.0,173.0,302.0972,152.31174,15:46:14 372
-1,169.0,178.0,299.0,166.0,15:46:15 577
-1,195.0,174.0,303.3794,153.55168,15:46:16 662
-1,147.0,163.0,302.0,156.0,15:46:17 498
-1,125.0,168.0,305.52075,179.0,15:46:18 139
-1,85.0,166.0,168.2745,160.59256,15:46:18 572
-1,150.0,168.0,314.35364,176.47307,15:46:20 354
+1,304.0,172.0,67.32029,220.28625,15:46:20 900
+1,295.0,181.0,44.5,256.5,15:46:21 422
+1,305.0,182.0,89.0,263.0,15:46:22 215
+1,296.0,156.0,53.428253,261.10226,15:46:24 343
-1,154.0,187.0,301.59406,169.61484,15:46:25 174
0,126.0,229.0,126.0,229.0,15:46:25 692
视频,0,0,0,0,15:46:25 734
+1,278.0,164.0,53.89241,267.8256,15:46:27 958
+1,255.0,179.0,88.69891,248.25092,15:46:31 646
+2,182.0,50.0,183.30586,239.28198,15:46:33 227
＊主菜单＊,0,0,0,0,15:46:33 303
+1,295.0,173.0,79.24567,266.8362,15:46:35 321
+1,263.0,183.0,56.5,253.0,15:46:35 745
+1,267.0,180.0,55.63864,267.10086,15:46:36 420
+1,306.0,158.0,141.54416,202.35083,15:46:37 750
+1,279.0,177.0,144.09267,217.45366,15:46:39 041
-1,183.0,186.0,288.098,181.0,15:46:41 674
-1,177.0,181.0,306.0,179.0,15:46:42 308
-1,168.0,190.0,301.0,149.0,15:46:43 594
+1,203.0,190.0,96.585785,224.13808,15:46:44 355
0,162.0,99.0,162.0,99.0,15:46:44 749
+1,267.0,118.0,53.0,245.0,15:46:45 562
0,111.0,121.0,111.0,121.0,15:46:46 031
浏览器,0,0,0,0,15:46:46 075
0,125.0,126.0,125.0,126.0,15:46:46 750
+1,278.0,131.0,85.23254,206.85466,15:46:48 322
-1,127.0,156.0,315.3033,144.0,15:46:48 982
任务4, 结束
任务5, 开始
+2,153.0,26.0,170.17581,288.01108,15:47:00 166
＊主菜单＊,0,0,0,0,15:47:00 279
-1,103.0,175.0,215.0,145.0,15:47:01 634
-1,131.0,187.0,270.0,184.0,15:47:02 049
-1,136.0,181.0,264.0,169.0,15:47:02 624
-1,112.0,184.0,293.0,181.0,15:47:03 100
0,118.0,137.0,118.0,137.0,15:47:04 123
健康运动,0,0,0,0,15:47:04 159
+1,285.0,138.0,103.0,199.0,15:47:06 987
+1,297.0,138.0,115.29209,190.54361,15:47:09 934
任务5, 结束
＊＊＊＊＊＊＊＊＊＊＊＊＊＊＊＊＊＊＊＊＊＊＊＊＊＊＊＊＊＊
+2,114.0,29.0,152.51544,298.83585,15:47:16 994
＊主菜单＊,0,0,0,0,15:47:17 045
