任务1, 开始
+1,280.0,154.0,171.0,160.0,15:38:59 050
+1,299.0,152.0,141.0,166.0,15:38:59 876
+1,299.0,164.0,144.0,161.0,15:39:00 640
+1,259.0,176.0,134.0,179.0,15:39:01 621
+1,294.0,151.0,144.0,154.0,15:39:02 503
+1,249.0,155.0,135.0,165.0,15:39:03 858
+1,298.0,154.0,163.0,171.0,15:39:05 039
+1,298.0,140.0,119.77054,185.40982,15:39:06 028
-1,25.0,177.0,286.20538,154.51987,15:39:06 724
-1,64.0,159.0,318.38455,174.4819,15:39:07 997
-1,56.0,154.0,304.0,170.0,15:39:09 534
0,110.0,215.0,110.0,215.0,15:39:11 134
视频,0,0,0,0,15:39:11 190
+1,297.0,163.0,73.930725,201.41385,15:39:13 798
任务1, 结束
+2,225.0,41.0,153.0,274.0,15:39:23 504
＊主菜单＊,0,0,0,0,15:39:23 559
+1,299.0,160.0,96.076935,228.84085,15:39:28 307
+1,299.0,174.0,83.0,238.0,15:39:29 017
+1,187.0,184.0,65.63751,230.93889,15:39:29 511
+1,199.0,192.0,62.89656,237.5885,15:39:30 392
+1,298.0,173.0,80.0,219.0,15:39:31 161
-1,35.0,172.0,171.57455,180.84787,15:39:31 362
-1,61.0,191.0,295.326,179.06314,15:39:31 710
-1,50.0,174.0,291.0,177.0,15:39:32 047
-1,81.0,184.0,279.4325,168.3427,15:39:32 376
-1,42.0,209.0,302.0,194.0,15:39:33 190
0,219.0,97.0,219.0,97.0,15:39:33 746
微信,0,0,0,0,15:39:33 783
0,214.0,131.0,214.0,131.0,15:39:34 780
0,214.0,102.0,214.0,102.0,15:39:39 495
0,224.0,111.0,224.0,111.0,15:39:40 734
0,236.0,122.0,236.0,122.0,15:39:41 375
任务2, 开始
+1,247.0,143.0,84.0,162.0,15:39:45 425
-1,81.0,161.0,301.71698,183.45134,15:39:46 409
+1,210.0,177.0,39.47352,179.55919,15:39:47 058
+1,249.0,166.0,138.05844,183.39415,15:39:48 359
+1,298.0,147.0,64.0,192.0,15:39:49 068
+1,256.0,170.0,110.0,186.0,15:39:51 051
+1,281.0,156.0,112.52452,185.0,15:39:52 320
+1,253.0,165.0,57.103374,193.03445,15:39:53 169
0,168.0,108.0,168.0,108.0,15:39:54 508
任务2, 结束
+2,221.0,40.0,185.0,244.0,15:40:14 791
＊主菜单＊,0,0,0,0,15:40:14 921
+2,150.0,67.0,171.0,276.0,15:40:15 825
-1,56.0,190.0,277.0,174.0,15:40:17 562
-1,62.0,198.0,306.38574,171.0,15:40:18 325
+1,302.0,180.0,55.0,222.0,15:40:18 981
+1,296.0,180.0,80.0,237.0,15:40:19 483
+1,277.0,179.0,60.0,254.0,15:40:20 377
+1,291.0,162.0,69.20155,260.6341,15:40:21 409
+1,280.0,172.0,60.0,254.0,15:40:22 785
任务3, 开始
+1,246.0,184.0,67.0,260.0,15:40:26 015
0,105.0,114.0,105.0,114.0,15:40:26 921
系统设置,0,0,0,0,15:40:26 960
任务3, 结束
+2,154.0,15.0,151.3547,266.815,15:40:34 942
＊主菜单＊,0,0,0,0,15:40:35 019
任务4, 开始
0,218.0,114.0,218.0,114.0,15:40:40 203
自带导航,0,0,0,0,15:40:40 244
任务4, 结束
+2,174.0,37.0,140.46188,265.06058,15:41:00 058
＊主菜单＊,0,0,0,0,15:41:00 108
任务5, 开始
-1,47.0,178.0,241.0,180.0,15:41:07 825
-1,76.0,173.0,202.0,154.0,15:41:08 331
-1,81.0,188.0,202.0,180.0,15:41:08 902
-1,59.0,182.0,268.0,183.0,15:41:09 747
-1,93.0,173.0,262.0,177.0,15:41:12 576
-1,73.0,182.0,241.0,171.0,15:41:12 738
-1,79.0,184.0,274.42426,171.41524,15:41:13 473
0,100.0,115.0,100.0,115.0,15:41:14 080
健康运动,0,0,0,0,15:41:14 117
任务5, 结束
＊＊＊＊＊＊＊＊＊＊＊＊＊＊＊＊＊＊＊＊＊＊＊＊＊＊＊＊＊＊
