任务1, 开始
0,237.0,115.0,237.0,115.0,15:49:53 550
睡眠,0,0,0,0,15:49:53 589
任务1, 结束
任务2, 开始
+2,163.0,22.0,169.83647,279.80377,15:50:10 482
＊主菜单＊,0,0,0,0,15:50:10 517
+1,288.0,136.0,67.0,228.0,15:50:13 179
0,85.0,207.0,85.0,207.0,15:50:14 169
短信息,0,0,0,0,15:50:14 223
0,197.0,78.0,197.0,78.0,15:50:16 783
0,93.0,69.0,93.0,69.0,15:50:18 044
0,104.0,104.0,104.0,104.0,15:50:19 523
0,101.0,80.0,101.0,80.0,15:50:20 752
0,221.0,78.0,221.0,78.0,15:50:21 606
0,218.0,77.0,218.0,77.0,15:50:21 764
0,222.0,77.0,222.0,77.0,15:50:22 239
+1,290.0,108.0,76.5165,189.79326,15:50:22 698
+1,259.0,112.0,109.801865,161.71207,15:50:23 920
0,163.0,240.0,163.0,240.0,15:50:31 329
+2,177.0,21.0,170.18126,270.61267,15:50:35 060
＊主菜单＊,0,0,0,0,15:50:35 200
+1,253.0,135.0,62.950394,213.24068,15:50:38 138
0,206.0,83.0,206.0,83.0,15:50:39 635
联系人,0,0,0,0,15:50:39 699
0,217.0,114.0,217.0,114.0,15:50:40 430
+1,247.0,138.0,131.57019,173.90988,15:50:42 274
+1,256.0,117.0,104.0,178.0,15:50:43 072
+1,250.0,103.0,123.71221,155.83676,15:50:43 692
+1,268.0,101.0,102.5,181.5,15:50:44 454
+1,278.0,127.0,64.0,195.0,15:50:45 155
+1,292.0,125.0,68.01102,194.96143,15:50:45 805
+1,278.0,120.0,129.07484,149.80684,15:50:48 504
+1,272.0,133.0,129.30779,165.36978,15:50:49 871
+1,275.0,157.0,240.0759,171.46837,15:50:51 875
-1,142.0,149.0,304.0,169.0,15:50:52 426
-1,114.0,172.0,287.0,150.0,15:50:53 042
+1,266.0,113.0,101.30286,184.4818,15:50:53 971
任务2, 结束
+2,168.0,31.0,84.79265,229.18898,15:50:58 509
＊主菜单＊,0,0,0,0,15:50:58 596
任务3, 开始
+1,221.0,176.0,103.20675,236.34494,15:51:03 312
-1,103.0,193.0,228.5281,153.26854,15:51:03 986
-1,192.0,165.0,299.71872,175.24716,15:51:05 138
+1,223.0,145.0,118.0,162.0,15:51:07 610
+1,302.0,139.0,191.65588,241.66397,15:51:08 030
+1,306.0,134.0,112.04428,185.75867,15:51:08 591
+1,284.0,152.0,27.0,230.0,15:51:09 244
+1,275.0,147.0,53.0,224.0,15:51:09 990
+1,298.0,165.0,19.097158,187.26917,15:51:10 907
0,232.0,226.0,232.0,226.0,15:51:12 673
笔记,0,0,0,0,15:51:12 741
+1,283.0,149.0,54.810158,243.18985,15:51:15 390
+1,243.0,148.0,125.0,179.0,15:51:21 021
+1,285.0,111.0,108.0,195.0,15:51:28 980
-1,124.0,156.0,253.40573,157.77203,15:51:29 521
-1,136.0,152.0,314.22717,174.53275,15:51:30 159
-1,98.0,175.0,288.9412,178.76694,15:51:31 127
+1,298.0,137.0,90.0,192.0,15:51:31 691
任务3, 结束
+2,183.0,25.0,194.3474,253.69234,15:51:48 019
＊主菜单＊,0,0,0,0,15:51:48 059
任务4, 开始
+1,259.0,184.0,115.0,203.0,15:51:50 653
+1,228.0,156.0,80.0,186.0,15:51:51 425
+1,270.0,140.0,158.5,177.5,15:51:52 568
-1,91.0,187.0,259.0,180.0,15:51:53 196
-1,131.0,170.0,230.0,161.0,15:51:53 405
-1,123.0,175.0,301.5,181.0,15:51:53 919
0,226.0,95.0,226.0,95.0,15:51:54 952
音乐,0,0,0,0,15:51:54 990
+1,276.0,107.0,95.82735,151.93109,15:51:58 018
+1,270.0,93.0,58.728546,177.95009,15:51:58 059
+1,250.0,73.0,53.036263,178.67366,15:51:58 665
+1,185.0,182.0,7.0845013,230.90033,15:51:59 406
+1,208.0,195.0,53.109146,237.17131,15:52:00 533
任务4, 结束
+2,167.0,16.0,213.16573,286.85468,15:52:10 158
＊主菜单＊,0,0,0,0,15:52:10 237
+1,287.0,133.0,136.79333,180.07948,15:52:11 762
+1,279.0,134.0,93.0,188.0,15:52:12 327
+1,292.0,143.0,86.75884,199.90184,15:52:12 960
0,242.0,238.0,242.0,238.0,15:52:13 788
0,222.0,221.0,222.0,221.0,15:52:15 716
下载,0,0,0,0,15:52:15 762
任务5, 开始
+2,124.0,56.0,91.0,285.5,15:52:26 036
＊主菜单＊,0,0,0,0,15:52:26 076
+1,185.0,188.0,38.017673,270.23663,15:52:27 231
任务5, 结束
＊＊＊＊＊＊＊＊＊＊＊＊＊＊＊＊＊＊＊＊＊＊＊＊＊＊＊＊＊＊
