任务1, 开始
0,220.0,115.0,220.0,115.0,17:39:59 849
音乐,0,0,0,0,17:39:59 889
+1,262.0,152.0,105.0,178.0,17:40:02 681
+1,276.0,140.0,56.0,192.0,17:40:04 502
-1,94.0,183.0,280.777,172.00893,17:40:05 390
任务1, 结束
任务2, 开始
+2,178.0,43.0,203.63188,286.74872,17:40:15 229
＊主菜单＊,0,0,0,0,17:40:15 303
+1,264.0,139.0,43.0,207.0,17:40:17 124
+1,296.0,162.0,82.0,181.0,17:40:17 595
+1,290.0,154.0,115.0,157.0,17:40:17 867
+1,290.0,155.0,103.0,181.0,17:40:18 795
0,217.0,216.0,217.0,216.0,17:40:19 398
下载,0,0,0,0,17:40:19 435
任务2, 结束
+2,163.0,28.0,192.62344,289.57263,17:40:26 276
＊主菜单＊,0,0,0,0,17:40:26 312
任务3, 开始
-1,101.0,183.0,251.18481,188.38043,17:40:28 377
-1,121.0,190.0,259.0,214.0,17:40:28 746
-1,137.0,196.0,251.0,217.0,17:40:28 840
-1,118.0,206.0,243.0,223.0,17:40:29 125
-1,112.0,202.0,273.0,188.0,17:40:30 189
-1,103.0,217.0,254.0,214.0,17:40:31 186
-1,88.0,189.0,249.0,191.0,17:40:32 055
0,106.0,106.0,106.0,106.0,17:40:32 638
健康运动,0,0,0,0,17:40:32 694
+2,209.0,52.0,188.97244,217.84676,17:40:34 401
＊主菜单＊,0,0,0,0,17:40:34 445
0,228.0,106.0,228.0,106.0,17:40:36 342
睡眠,0,0,0,0,17:40:36 380
+1,265.0,112.0,61.946587,168.84688,17:40:39 276
+1,261.0,131.0,93.29547,173.88945,17:40:40 634
任务3, 结束
+2,183.0,34.0,223.0,294.0,17:40:46 287
＊主菜单＊,0,0,0,0,17:40:46 325
任务4, 开始
+1,280.0,156.0,74.0,236.0,17:40:54 573
+1,271.0,150.0,105.0,222.0,17:40:56 573
+1,295.0,177.0,68.930725,231.10373,17:40:57 723
0,98.0,220.0,98.0,220.0,17:40:58 323
新浪微博,0,0,0,0,17:40:58 457
+1,261.0,175.0,112.32413,217.44975,17:41:01 269
+1,292.0,175.0,104.92669,223.66635,17:41:03 202
+1,289.0,169.0,109.379036,230.17265,17:41:04 957
-1,135.0,223.0,265.25378,214.46033,17:41:06 624
-1,142.0,215.0,291.75937,217.48367,17:41:07 365
-1,133.0,217.0,270.1081,201.6719,17:41:08 467
+2,214.0,57.0,220.0,225.0,17:41:09 116
＊主菜单＊,0,0,0,0,17:41:09 263
+1,239.0,145.0,94.0,188.0,17:41:11 445
-1,96.0,230.0,258.0,223.0,17:41:12 135
+1,252.0,187.0,96.0,259.0,17:41:13 625
+1,253.0,183.0,99.0,255.0,17:41:14 705
+1,270.0,167.0,101.0,240.0,17:41:15 863
-1,110.0,226.0,256.0,222.0,17:41:17 081
+1,285.0,159.0,101.0,192.0,17:41:18 201
+1,296.0,162.0,114.0,201.0,17:41:18 771
+1,261.0,153.0,133.0,181.0,17:41:20 089
-1,116.0,178.0,245.0,176.0,17:41:20 514
-1,142.0,207.0,293.0,191.0,17:41:20 754
-1,174.0,186.0,246.0,184.0,17:41:20 996
-1,169.0,174.0,295.0,180.0,17:41:21 289
-1,131.0,193.0,226.0,200.0,17:41:21 452
-1,94.0,194.0,265.0,204.0,17:41:22 529
0,222.0,103.0,222.0,103.0,17:41:23 289
微信,0,0,0,0,17:41:23 357
+1,259.0,151.0,112.0,200.0,17:41:26 572
+1,279.0,144.0,110.0,222.0,17:41:27 385
+1,268.0,152.0,108.0,251.0,17:41:28 283
+1,293.0,137.0,143.0,209.0,17:41:29 248
+2,179.0,66.0,210.0,277.0,17:41:30 387
＊主菜单＊,0,0,0,0,17:41:30 444
+1,242.0,156.0,134.0,216.0,17:41:32 576
+1,282.0,166.0,114.0,262.0,17:41:33 442
+1,287.0,143.0,137.0,186.0,17:41:34 351
0,216.0,229.0,216.0,229.0,17:41:35 078
笔记,0,0,0,0,17:41:35 120
+1,242.0,146.0,97.0,196.0,17:41:37 791
+1,260.0,150.0,104.0,225.0,17:41:39 033
任务4, 结束
任务5, 开始
+2,185.0,49.0,189.66916,286.0225,17:41:54 343
＊主菜单＊,0,0,0,0,17:41:54 384
-1,100.0,198.0,305.21854,182.06012,17:41:56 874
-1,103.0,224.0,255.0,209.0,17:41:57 591
-1,80.0,228.0,243.94106,187.55829,17:41:59 120
0,213.0,223.0,213.0,223.0,17:42:01 029
邮箱,0,0,0,0,17:42:01 075
+1,224.0,155.0,63.252113,241.89915,17:42:05 149
+1,280.0,140.0,70.0,232.0,17:42:06 684
+1,237.0,152.0,69.83763,248.15129,17:42:07 771
+1,276.0,141.0,50.52237,248.0919,17:42:08 730
+1,275.0,145.0,66.0,246.0,17:42:09 499
+1,266.0,148.0,90.275665,262.55206,17:42:10 729
+2,206.0,63.0,206.58714,292.54083,17:42:13 786
＊主菜单＊,0,0,0,0,17:42:13 837
-1,101.0,192.0,259.0,190.0,17:42:15 715
+1,245.0,168.0,81.0,263.0,17:42:17 620
+1,268.0,160.0,100.0,262.0,17:42:19 387
+1,289.0,143.0,62.0,255.0,17:42:20 774
-1,69.0,230.0,263.0,159.0,17:42:21 619
0,115.0,240.0,115.0,240.0,17:42:22 133
0,96.0,221.0,96.0,221.0,17:42:24 827
新浪微博,0,0,0,0,17:42:24 934
任务5, 结束
＊＊＊＊＊＊＊＊＊＊＊＊＊＊＊＊＊＊＊＊＊＊＊＊＊＊＊＊＊＊
