+2,223.0,55.0,212.83742,242.78835,17:47:21 821
＊主菜单＊,0,0,0,0,17:47:21 871
任务1, 开始
-1,76.0,160.0,273.0,183.0,17:47:24 403
0,220.0,114.0,220.0,114.0,17:47:24 590
音乐,0,0,0,0,17:47:24 660
+1,290.0,141.0,53.0,188.0,17:47:27 356
+1,271.0,145.0,49.021324,194.19489,17:47:28 113
任务1, 结束
任务2, 开始
+2,178.0,58.0,189.30252,255.35281,17:47:35 572
＊主菜单＊,0,0,0,0,17:47:35 666
+1,288.0,126.0,60.0,191.0,17:47:37 299
+1,258.0,143.0,43.029896,189.77608,17:47:37 816
+1,277.0,144.0,104.0,183.0,17:47:38 889
0,97.0,110.0,97.0,110.0,17:47:39 929
系统设置,0,0,0,0,17:47:40 005
任务2, 结束
+2,141.0,30.0,186.5396,281.65045,17:47:44 781
＊主菜单＊,0,0,0,0,17:47:44 866
任务3, 开始
-1,99.0,200.0,292.0,145.0,17:47:50 298
-1,111.0,149.0,297.0,141.0,17:47:50 612
-1,107.0,166.0,237.0,150.0,17:47:50 814
-1,64.0,205.0,260.0,181.0,17:47:51 699
-1,59.0,195.0,214.0,187.0,17:47:52 354
-1,69.0,191.0,209.0,181.0,17:47:52 498
-1,65.0,188.0,298.0,177.0,17:47:53 437
0,97.0,98.0,97.0,98.0,17:47:54 221
健康运动,0,0,0,0,17:47:54 297
+1,266.0,152.0,53.0,143.0,17:47:57 310
+2,183.0,104.0,177.0,271.31097,17:47:58 599
＊主菜单＊,0,0,0,0,17:47:58 659
0,238.0,106.0,238.0,106.0,17:48:00 597
睡眠,0,0,0,0,17:48:00 646
任务3, 结束
任务4, 开始
+2,192.0,52.0,208.0,231.0,17:48:13 170
＊主菜单＊,0,0,0,0,17:48:13 250
+1,282.0,113.0,71.0,119.0,17:48:16 402
+1,267.0,146.0,46.0,157.0,17:48:17 641
+1,240.0,145.0,90.0,158.0,17:48:19 051
+1,272.0,127.0,101.0,165.0,17:48:20 304
+1,294.0,138.0,103.0,159.0,17:48:21 440
0,92.0,104.0,92.0,104.0,17:48:22 766
股票,0,0,0,0,17:48:22 806
+1,275.0,150.0,74.0,204.0,17:48:26 764
+1,273.0,144.0,78.0,186.0,17:48:27 637
+1,259.0,156.0,41.223488,195.7182,17:48:28 776
+1,276.0,157.0,61.917,208.8187,17:48:29 678
任务4, 结束
任务5, 开始
+2,234.0,63.0,217.09265,282.93134,17:48:44 792
＊主菜单＊,0,0,0,0,17:48:44 832
+1,168.0,153.0,5.980583,201.31068,17:48:46 753
-1,80.0,164.0,257.0,184.0,17:48:48 095
-1,81.0,186.0,281.0,175.0,17:48:48 303
-1,106.0,212.0,260.0,190.0,17:48:48 821
-1,96.0,174.0,298.0,172.0,17:48:49 593
-1,57.0,182.0,260.0,179.0,17:48:50 423
0,218.0,97.0,218.0,97.0,17:48:51 573
联系人,0,0,0,0,17:48:51 612
+1,277.0,137.0,15.973933,198.65396,17:48:54 608
+1,274.0,143.0,35.0,209.0,17:48:55 651
+1,295.0,139.0,59.0,213.0,17:48:56 549
-1,63.0,216.0,264.2718,165.52698,17:48:59 429
-1,100.0,184.0,266.0,181.0,17:49:00 099
-1,120.0,193.0,254.81969,187.39862,17:49:00 687
+1,258.0,161.0,26.731678,230.20654,17:49:01 546
+1,213.0,149.0,52.0,195.0,17:49:02 177
+1,251.0,149.0,46.0,199.0,17:49:02 792
任务5, 结束
＊＊＊＊＊＊＊＊＊＊＊＊＊＊＊＊＊＊＊＊＊＊＊＊＊＊＊＊＊＊
+2,222.0,33.0,204.74658,266.7691,17:51:15 866
＊主菜单＊,0,0,0,0,17:51:15 906
+1,263.0,148.0,69.0,225.0,17:51:19 188
-1,96.0,194.0,251.0,183.0,17:51:19 825
+1,236.0,158.0,88.0,233.0,17:51:21 415
+1,285.0,123.0,117.81661,187.37735,17:51:30 217
+2,139.0,115.0,147.16208,276.04224,17:51:36 286
+2,222.0,65.0,238.5,216.0,17:51:47 482
+2,184.0,87.0,228.5,250.0,17:51:48 909
+2,173.0,32.0,146.36774,206.14061,17:51:51 883
+1,254.0,62.0,161.88988,178.05562,17:51:55 455
+1,280.0,113.0,94.0,197.0,17:51:56 569
-1,90.0,204.0,271.0,181.0,17:51:57 471
+2,176.0,69.0,224.38275,248.3222,17:51:59 317
+1,294.0,131.0,141.0,217.0,17:52:00 308
-1,60.0,213.0,187.0,275.0,17:52:16 123
+1,238.0,250.0,24.200962,185.49109,17:52:16 500
-1,33.0,88.0,81.0,38.0,17:52:16 803
