0,98.0,151.0,98.0,151.0,14:45:21 545
+2,176.0,40.0,188.39806,225.08737,14:45:22 457
＊主菜单＊,0,0,0,0,14:45:22 552
任务1, 开始
+1,280.0,140.0,25.0,219.0,14:45:27 718
+1,250.0,163.0,20.0,176.0,14:45:28 448
+1,275.0,158.0,101.0,171.0,14:45:29 340
+1,291.0,179.0,118.0,176.0,14:45:31 568
0,99.0,233.0,99.0,233.0,14:45:31 617
卡包,0,0,0,0,14:45:31 649
+1,266.0,165.0,130.5399,152.82747,14:45:33 795
+1,269.0,157.0,111.0,143.0,14:45:35 542
+1,284.0,188.0,156.2265,195.52075,14:45:37 034
+1,275.0,155.0,102.78496,153.09811,14:45:37 735
任务1, 结束
任务2, 开始
+1,273.0,131.0,59.0,145.0,14:45:48 047
+2,177.0,32.0,142.3794,262.41458,14:45:49 545
＊主菜单＊,0,0,0,0,14:45:50 047
+1,263.0,145.0,120.0,140.0,14:45:50 725
+1,237.0,153.0,81.0,155.0,14:45:51 209
+1,226.0,147.0,113.0,124.0,14:45:51 482
0,131.0,129.0,131.0,129.0,14:45:53 061
系统设置,0,0,0,0,14:45:53 570
-2,98.0,226.0,138.0,22.5,14:45:57 435
+1,128.0,189.0,1.6203156,178.61427,14:45:59 045
-1,26.0,154.0,173.0,181.0,14:45:59 552
+2,146.0,39.0,155.0,229.0,14:45:59 590
＊主菜单＊,0,0,0,0,14:45:59 628
0,218.0,216.0,218.0,216.0,14:46:01 480
下载,0,0,0,0,14:46:01 541
+1,286.0,189.0,174.93802,185.04245,14:46:03 748
+1,287.0,181.0,164.0,181.0,14:46:05 040
+1,299.0,171.0,157.0,157.0,14:46:06 042
任务2, 结束
任务3, 开始
+2,143.0,33.0,99.79989,198.7979,14:46:20 409
＊主菜单＊,0,0,0,0,14:46:20 496
-1,95.0,135.0,180.4507,138.51167,14:46:22 595
0,99.0,143.0,99.0,143.0,14:46:22 679
-1,105.0,144.0,259.0,157.0,14:46:22 997
-1,107.0,145.0,247.0,171.0,14:46:23 139
-1,126.0,137.0,175.0,143.0,14:46:23 439
-1,78.0,162.0,179.23683,177.40561,14:46:25 254
0,99.0,228.0,99.0,228.0,14:46:27 045
短信息,0,0,0,0,14:46:27 095
+1,286.0,174.0,169.0,187.0,14:46:31 545
+1,289.0,192.0,187.0,182.0,14:46:32 286
+1,282.0,165.0,127.0,142.0,14:46:34 432
-1,68.0,167.0,252.27983,195.29921,14:46:35 549
+1,294.0,165.0,84.45024,139.76108,14:46:53 354
+1,251.0,178.0,58.0,143.0,14:46:56 234
-1,58.0,152.0,150.0,158.0,14:46:56 991
0,212.0,90.0,212.0,90.0,14:46:58 539
-1,97.0,149.0,295.81213,165.0,14:47:00 552
+2,186.0,28.0,177.89375,179.18312,14:47:02 555
＊主菜单＊,0,0,0,0,14:47:02 593
0,221.0,125.0,221.0,125.0,14:47:04 276
微信,0,0,0,0,14:47:04 334
+1,235.0,182.0,60.5,120.0,14:47:09 543
+1,274.0,150.0,129.0,113.0,14:47:10 517
+1,294.0,156.0,129.0,99.0,14:47:12 067
+1,255.0,174.0,116.49615,124.87617,14:47:13 644
-1,60.0,149.0,185.0,162.0,14:47:15 050
-1,96.0,141.0,271.0,178.0,14:47:15 092
-1,71.0,143.0,206.0,172.0,14:47:15 253
-1,136.0,143.0,221.0,175.0,14:47:15 583
-1,103.0,140.0,219.0,178.0,14:47:16 119
-1,94.0,143.0,160.0,156.0,14:47:16 442
-1,178.0,175.0,289.0,194.0,14:47:22 140
+1,209.0,68.0,148.0,214.0,14:47:25 586
+1,175.0,48.0,129.0,196.0,14:47:28 046
+2,221.0,68.0,191.0,261.0,14:47:28 129
＊主菜单＊,0,0,0,0,14:47:30 047
+1,252.0,165.0,122.0,181.0,14:50:34 686
0,213.0,226.0,213.0,226.0,14:50:37 140
邮箱,0,0,0,0,14:50:37 248
+1,229.0,191.0,132.74059,194.52281,14:50:41 503
+1,286.0,192.0,176.66318,186.5544,14:50:43 803
+1,280.0,169.0,126.5,163.5,14:50:52 574
+1,283.0,167.0,177.0,170.0,14:50:53 485
+1,287.0,180.0,159.81621,154.35913,14:50:54 575
-1,91.0,152.0,277.0,167.0,14:50:55 575
-1,90.0,149.0,232.0,168.0,14:50:55 866
-1,99.0,167.0,211.0,170.0,14:50:57 039
任务3, 结束
任务4, 开始
+2,184.0,31.0,173.73882,194.70616,14:51:11 343
＊主菜单＊,0,0,0,0,14:51:11 408
-1,50.0,184.0,226.0,144.0,14:51:13 324
-1,126.0,141.0,229.71031,138.66542,14:51:13 544
-1,125.0,147.0,227.84027,149.21162,14:51:13 842
-1,109.0,144.0,241.0,146.0,14:51:14 232
-1,108.0,152.0,232.0,149.0,14:51:14 645
0,112.0,134.0,112.0,134.0,14:51:14 976
健康运动,0,0,0,0,14:51:15 032
+1,260.0,150.0,130.0,141.0,14:51:22 117
+1,294.0,174.0,114.0,152.0,14:51:22 147
+1,297.0,171.0,138.0,156.0,14:51:22 783
任务4, 结束
任务5, 开始
+2,212.0,39.0,173.0,234.0,14:51:32 087
＊主菜单＊,0,0,0,0,14:51:32 146
+1,272.0,179.0,71.0,219.0,14:51:33 724
+1,229.0,177.0,78.0,190.0,14:51:34 066
+1,235.0,193.0,133.8565,214.51036,14:51:34 788
0,220.0,139.0,220.0,139.0,14:51:36 584
0,218.0,106.0,218.0,106.0,14:51:40 085
音乐,0,0,0,0,14:51:40 128
+1,271.0,184.0,97.0,200.0,14:51:42 618
+1,300.0,170.0,231.0,227.0,14:51:45 180
-2,284.0,200.0,263.076,42.35498,14:51:47 038
任务5, 结束
＊＊＊＊＊＊＊＊＊＊＊＊＊＊＊＊＊＊＊＊＊＊＊＊＊＊＊＊＊＊
