任务1, 开始
-1,71.0,159.0,287.0,151.0,14:54:15 858
0,105.0,183.0,105.0,183.0,14:54:16 048
-1,59.0,156.0,229.0,137.0,14:54:17 109
-1,60.0,162.0,139.0,146.0,14:54:17 605
+1,236.0,139.0,71.0,141.0,14:54:18 363
-1,39.0,165.0,185.05313,134.25197,14:54:18 797
-1,85.0,118.0,184.0,115.0,14:54:19 124
0,56.0,132.0,56.0,132.0,14:54:19 604
-1,92.0,156.0,282.0,143.5,14:54:20 391
0,184.0,72.0,184.0,72.0,14:54:21 597
睡眠,0,0,0,0,14:54:21 669
任务1, 结束
任务2, 开始
+2,182.0,28.0,144.0,182.0,14:54:35 004
＊主菜单＊,0,0,0,0,14:54:35 059
+1,294.0,159.0,131.0,172.0,14:54:37 783
+1,275.0,163.0,111.0,151.0,14:54:38 240
-1,59.0,144.0,247.0,110.0,14:54:39 004
-1,96.0,183.0,182.0,151.0,14:54:39 366
+1,276.0,152.0,48.0,152.0,14:54:39 795
+1,214.0,149.0,58.0,127.0,14:54:40 116
+1,264.0,140.0,147.0,139.0,14:54:40 341
+1,234.0,111.0,104.0,117.0,14:54:40 623
+1,254.0,122.0,105.0,114.0,14:54:41 016
+1,274.0,103.0,123.0,112.0,14:54:41 477
+1,285.0,117.0,100.0,141.0,14:54:41 956
+1,276.0,135.0,123.82663,107.86181,14:54:43 026
0,103.0,99.0,103.0,99.0,14:54:43 670
系统设置,0,0,0,0,14:54:43 907
任务2, 结束
任务3, 开始
+2,138.0,28.0,126.0,211.0,14:55:00 112
＊主菜单＊,0,0,0,0,14:55:00 188
-1,101.0,175.0,294.46225,147.0371,14:55:02 061
-1,97.0,184.0,231.58623,181.55728,14:55:02 774
-1,60.0,180.0,98.0,186.0,14:55:03 901
-1,55.0,187.0,192.00867,171.44348,14:55:04 525
-1,103.0,180.0,284.0,143.0,14:55:05 459
0,224.0,102.0,224.0,102.0,14:55:06 452
联系人,0,0,0,0,14:55:06 488
+1,281.0,150.0,121.0,145.0,14:55:09 343
-1,99.0,181.0,218.42218,151.8933,14:55:10 551
-1,72.0,172.0,180.0,149.0,14:55:11 949
-1,104.0,141.0,258.9368,107.26701,14:55:12 894
+1,261.0,152.0,133.07161,167.7318,14:55:13 530
+1,276.0,140.0,109.0,119.0,14:55:14 552
+1,297.0,154.0,147.4382,143.91357,14:55:15 389
任务3, 结束
任务4, 开始
+2,182.0,57.0,140.6269,210.31105,14:55:27 968
＊主菜单＊,0,0,0,0,14:55:28 054
+1,276.0,154.0,91.0,164.0,14:55:30 713
0,217.0,136.0,217.0,136.0,14:55:31 020
音乐,0,0,0,0,14:55:31 060
+1,282.0,143.0,171.0,153.0,14:55:33 635
+1,277.0,142.0,105.0,145.0,14:55:34 014
任务4, 结束
任务5, 开始
0,85.0,137.0,85.0,137.0,14:55:47 553
+2,176.0,48.0,180.0,200.0,14:55:49 003
＊主菜单＊,0,0,0,0,14:55:49 075
+1,262.0,154.0,112.0,112.0,14:55:51 104
+1,287.0,178.0,20.0,158.0,14:55:51 707
0,94.0,109.0,94.0,109.0,14:55:52 736
0,132.0,101.0,132.0,101.0,14:55:54 634
股票,0,0,0,0,14:55:54 708
+1,283.0,193.0,125.84395,155.47807,14:55:57 582
+1,283.0,176.0,139.0,138.0,14:55:58 746
+1,287.0,144.0,177.0,141.0,14:55:59 688
+1,289.0,177.0,107.0,160.0,14:56:02 114
-1,26.0,171.0,150.17587,149.64723,14:56:03 081
-1,66.0,144.0,222.12698,141.53275,14:56:11 103
-1,50.0,144.0,291.68048,139.0,14:56:11 182
-1,52.0,156.0,167.07329,139.639,14:56:12 159
-1,104.0,141.0,236.0,146.0,14:56:13 690
+1,268.0,149.0,110.0,131.0,14:56:14 399
+1,283.0,141.0,134.77621,96.60624,14:56:14 656
+1,255.0,144.0,124.0,111.0,14:56:15 010
+1,274.0,147.0,162.0,109.0,14:56:15 429
+1,242.0,116.0,19.79253,81.75843,14:56:16 408
+1,293.0,119.0,112.0,107.0,14:56:17 214
-1,24.0,143.0,168.0,127.0,14:56:17 590
-1,75.0,138.0,256.0,135.0,14:56:18 414
-1,104.0,143.0,276.02344,140.97723,14:56:23 912
-1,93.0,139.0,272.73624,117.05365,14:56:24 820
-1,93.0,151.0,244.2139,141.085,14:56:26 109
任务5, 结束
＊＊＊＊＊＊＊＊＊＊＊＊＊＊＊＊＊＊＊＊＊＊＊＊＊＊＊＊＊＊
