任务1, 开始
-1,113.0,163.0,301.53378,157.35338,09:49:38 994
+1,263.0,160.0,8.5,164.5,09:49:39 457
0,94.0,219.0,94.0,219.0,09:49:41 375
短信息,0,0,0,0,09:49:41 412
+1,248.0,178.0,83.731674,198.90733,09:49:43 526
+1,255.0,182.0,160.45175,189.15483,09:49:44 892
-1,80.0,192.0,303.25244,187.48544,09:49:46 837
+1,273.0,177.0,50.253994,192.58842,09:49:52 427
+2,153.0,46.0,187.0,276.0,09:49:54 026
＊主菜单＊,0,0,0,0,09:49:54 093
+1,285.0,178.0,61.0,215.0,09:49:56 842
0,189.0,100.0,189.0,100.0,09:49:57 488
联系人,0,0,0,0,09:49:57 545
+1,258.0,178.0,59.506836,179.4457,09:49:59 874
-1,148.0,173.0,310.04797,164.0,09:50:01 374
+1,288.0,181.0,129.45789,182.0,09:50:01 571
+1,288.0,172.0,57.93082,187.0,09:50:03 364
+1,255.0,157.0,48.0,174.0,09:50:03 868
+1,267.0,185.0,90.0,216.0,09:50:05 659
+2,151.0,30.0,211.17375,257.23993,09:50:07 330
＊主菜单＊,0,0,0,0,09:50:07 383
任务1, 结束
任务2, 开始
+1,240.0,148.0,51.0,184.0,09:50:18 751
0,213.0,106.0,213.0,106.0,09:50:19 886
音乐,0,0,0,0,09:50:20 379
+1,258.0,176.0,34.27566,201.41385,09:50:22 388
+1,277.0,179.0,58.31974,197.4564,09:50:22 729
任务2, 结束
+2,171.0,51.0,199.79742,275.7594,09:50:29 884
＊主菜单＊,0,0,0,0,09:50:30 407
任务3, 开始
+1,261.0,171.0,68.15898,186.35403,09:50:33 845
+1,263.0,175.0,63.0,189.0,09:50:34 662
+1,217.0,153.0,20.0,184.0,09:50:35 062
+1,240.0,151.0,26.0,187.0,09:50:35 499
0,213.0,223.0,213.0,223.0,09:50:36 002
下载,0,0,0,0,09:50:36 046
任务3, 结束
+2,147.0,49.0,249.4083,245.21074,09:50:44 370
＊主菜单＊,0,0,0,0,09:50:44 868
任务4, 开始
-1,131.0,170.0,288.85852,188.86353,09:50:47 664
-1,139.0,154.0,294.0,177.0,09:50:47 914
-1,106.0,159.0,304.0,173.0,09:50:48 196
-1,135.0,157.0,302.0,163.0,09:50:48 406
-1,99.0,165.0,284.0,163.0,09:50:48 924
-1,92.0,166.0,304.0,173.0,09:50:49 107
-1,89.0,173.0,308.0,169.0,09:50:49 425
0,212.0,101.0,212.0,101.0,09:50:50 888
睡眠,0,0,0,0,09:50:51 400
+1,263.0,178.0,48.01936,185.13075,09:50:53 625
任务4, 结束
任务5, 开始
+2,150.0,31.0,183.48909,244.78174,09:51:05 246
＊主菜单＊,0,0,0,0,09:51:05 392
+1,203.0,186.0,49.0,214.0,09:51:07 703
+1,252.0,181.0,27.0,218.0,09:51:08 574
+1,252.0,179.0,21.0,211.0,09:51:10 530
+1,260.0,183.0,46.0,203.0,09:51:11 016
0,212.0,226.0,212.0,226.0,09:51:11 654
笔记,0,0,0,0,09:51:11 694
+1,257.0,163.0,6.605839,192.57579,09:51:13 877
+1,245.0,188.0,37.838203,230.36073,09:51:17 346
-1,208.0,144.0,270.96613,223.0,09:51:21 127
-1,135.0,200.0,298.0,197.0,09:51:22 877
-1,87.0,195.0,290.51736,191.0,09:51:23 841
+1,268.0,181.0,16.534725,208.41866,09:51:25 868
-1,130.0,112.0,160.09209,257.0614,09:51:27 869
任务5, 结束
＊＊＊＊＊＊＊＊＊＊＊＊＊＊＊＊＊＊＊＊＊＊＊＊＊＊＊＊＊＊
+2,154.0,43.0,225.59445,280.84662,09:51:37 866
＊主菜单＊,0,0,0,0,09:51:37 910
