+2,171.0,68.0,158.5,288.5,09:37:35 312
＊主菜单＊,0,0,0,0,09:37:35 354
任务1, 开始
+1,276.0,159.0,14.548972,176.41838,09:37:56 711
+1,261.0,154.0,10.0,177.5,09:37:57 307
+1,267.0,161.0,33.0,185.0,09:37:58 996
+1,255.0,150.0,18.0,173.0,09:37:59 798
+1,237.0,161.0,8.718521,179.72188,09:38:00 742
0,109.0,101.0,109.0,101.0,09:38:01 450
系统设置,0,0,0,0,09:38:01 502
0,98.0,222.0,98.0,222.0,09:38:05 797
任务1, 结束
任务2, 开始
+2,157.0,46.0,147.0,232.0,09:38:29 265
＊主菜单＊,0,0,0,0,09:38:29 310
+1,265.0,177.0,27.0,198.0,09:38:32 714
0,213.0,114.0,213.0,114.0,09:38:33 158
自带导航,0,0,0,0,09:38:33 207
+2,170.0,28.0,192.44081,281.5265,09:38:35 759
＊主菜单＊,0,0,0,0,09:38:35 813
-1,109.0,181.0,295.0,180.0,09:38:39 463
-1,145.0,186.0,283.09686,181.0,09:38:40 915
-1,139.0,160.0,300.0,157.0,09:38:42 814
-1,132.0,190.0,307.0,174.0,09:38:42 961
-1,59.0,160.0,301.9074,149.0,09:38:43 747
-1,48.0,182.0,305.0,151.0,09:38:44 751
-1,35.0,182.0,306.77145,154.51633,09:38:45 600
-1,56.0,164.0,307.5016,158.41693,09:38:46 776
+1,270.0,145.0,13.327066,199.48364,09:38:50 506
+1,228.0,140.0,14.0,176.0,09:38:50 596
+1,256.0,144.0,49.0,170.0,09:38:50 707
+1,252.0,143.0,43.0,175.0,09:38:50 796
+1,267.0,137.0,51.0,183.0,09:38:50 851
+1,268.0,141.0,45.0,191.0,09:38:51 172
+1,223.0,155.0,46.0,186.0,09:38:51 378
+1,287.0,147.0,58.0,183.0,09:38:51 817
+1,253.0,165.0,78.0,180.0,09:38:52 121
0,105.0,105.0,105.0,105.0,09:38:52 852
系统设置,0,0,0,0,09:38:52 892
-1,112.0,139.0,228.14119,168.0,09:38:57 112
+2,176.0,41.0,171.0,272.93823,09:39:02 800
＊主菜单＊,0,0,0,0,09:39:03 308
-1,97.0,181.0,299.69785,177.28297,09:39:07 746
-1,128.0,178.0,297.43707,182.15398,09:39:13 419
+1,224.0,176.0,14.0,182.0,09:39:13 594
0,100.0,228.0,100.0,228.0,09:39:13 975
天气,0,0,0,0,09:39:14 026
+1,215.0,180.0,11.7625675,194.03088,09:39:20 771
任务2, 结束
+2,159.0,33.0,180.34001,262.52048,09:39:28 478
＊主菜单＊,0,0,0,0,09:39:28 556
任务3, 开始
-1,124.0,166.0,292.0,146.0,09:39:33 241
-1,141.0,172.0,303.0,166.0,09:39:33 987
0,111.0,227.0,111.0,227.0,09:39:35 952
视频,0,0,0,0,09:39:35 992
+1,232.0,181.0,39.327377,217.33632,09:39:38 306
任务3, 结束
+2,176.0,32.0,180.93109,202.96591,09:39:43 964
＊主菜单＊,0,0,0,0,09:39:44 029
任务4, 开始
-1,136.0,172.0,308.0,180.5,09:39:48 782
-1,144.0,176.0,301.0,147.0,09:39:50 844
-1,60.0,185.0,301.0,157.0,09:39:51 103
0,217.0,103.0,217.0,103.0,09:39:51 519
微信,0,0,0,0,09:39:51 554
+1,255.0,175.0,24.0,228.0,09:39:55 279
-1,100.0,180.0,300.9236,183.48727,09:39:56 859
-1,81.0,178.0,302.9399,147.51001,09:39:58 799
-1,94.0,182.0,301.0,172.16072,09:39:59 408
+1,262.0,155.0,31.48277,188.96555,09:40:01 657
+1,268.0,173.0,15.826177,208.43422,09:40:02 308
+1,296.0,153.0,4.5,197.0,09:40:04 317
+1,293.0,164.0,19.63906,223.68214,09:40:05 079
+1,262.0,162.0,52.29164,188.39354,09:40:07 281
-1,82.0,184.0,311.10413,169.63196,09:40:07 318
-1,20.0,178.0,313.255,151.81398,09:40:07 901
-1,55.0,180.0,311.8188,164.2892,09:40:09 323
-1,72.0,188.0,316.50577,163.03088,09:40:11 390
-1,58.0,180.0,317.90292,149.02913,09:40:12 813
+1,287.0,156.0,15.795673,190.34409,09:40:14 348
+1,258.0,172.0,17.521008,194.61975,09:40:14 962
-1,61.0,158.0,294.19955,139.29999,09:40:18 823
任务4, 结束
+2,165.0,37.0,175.955,241.71243,09:40:24 941
＊主菜单＊,0,0,0,0,09:40:24 982
任务5, 开始
+1,273.0,153.0,25.0,198.0,09:40:34 176
+1,226.0,152.0,15.978725,193.61517,09:40:34 699
+1,272.0,152.0,39.194984,200.29462,09:40:35 708
+1,255.0,155.0,22.0,196.0,09:40:38 275
+1,217.0,155.0,25.0,190.0,09:40:39 033
+1,248.0,159.0,25.0,200.0,09:40:40 875
-1,61.0,192.0,308.22177,169.45816,09:40:41 525
-1,90.0,175.0,312.75278,158.0,09:40:42 936
-1,70.0,182.0,307.0,160.0,09:40:44 487
-1,114.0,172.0,311.0,170.0,09:40:45 097
-1,56.0,164.0,295.0,148.0,09:40:45 778
-1,91.0,193.0,307.0,167.0,09:40:47 929
-1,100.0,172.0,258.72488,144.60966,09:40:48 195
0,89.0,113.0,89.0,113.0,09:40:49 305
健康运动,0,0,0,0,09:40:49 346
+1,247.0,178.0,2.687849,200.4457,09:40:53 677
+1,256.0,177.0,46.653126,187.98175,09:40:55 301
+1,221.0,169.0,45.0,188.0,09:40:55 996
+1,229.0,170.0,9.256675,199.12737,09:40:56 611
+1,198.0,179.0,34.0,198.0,09:40:57 055
+1,216.0,162.0,55.0,220.0,09:40:57 408
任务5, 结束
＊＊＊＊＊＊＊＊＊＊＊＊＊＊＊＊＊＊＊＊＊＊＊＊＊＊＊＊＊＊
