+2,145.0,43.0,222.1382,271.82806,09:44:27 894
＊主菜单＊,0,0,0,0,09:44:27 913
任务1, 开始
+1,264.0,151.0,47.0,179.0,09:44:38 814
+1,259.0,143.0,19.0,171.0,09:44:39 310
+1,264.0,166.0,23.14781,162.95776,09:44:39 654
+1,267.0,157.0,29.0,183.0,09:44:39 975
+1,233.0,158.0,21.0,183.0,09:44:40 249
+1,287.0,154.0,37.0,184.0,09:44:40 581
+1,264.0,177.0,50.0,182.0,09:44:40 948
0,222.0,220.0,222.0,220.0,09:44:41 512
下载,0,0,0,0,09:44:41 616
任务1, 结束
任务2, 开始
+2,168.0,41.0,186.0626,268.54782,09:44:50 448
＊主菜单＊,0,0,0,0,09:44:50 514
-1,139.0,176.0,279.0,153.0,09:44:53 380
-1,132.0,171.0,305.0,167.0,09:44:54 329
-1,61.0,182.0,305.96307,160.07387,09:44:54 948
-1,69.0,158.0,286.5,136.5,09:44:55 839
0,100.0,234.0,100.0,234.0,09:44:56 324
视频,0,0,0,0,09:44:56 833
+1,256.0,148.0,24.5,222.0,09:44:58 827
+1,240.0,159.0,70.34952,183.45631,09:45:00 330
任务2, 结束
+2,174.0,41.0,215.0,275.0,09:45:03 848
＊主菜单＊,0,0,0,0,09:45:03 879
任务3, 开始
+1,260.0,176.0,37.56187,177.8326,09:45:09 365
+1,246.0,153.0,32.0,160.0,09:45:09 858
+1,260.0,170.0,77.0,186.0,09:45:10 836
-1,87.0,145.0,268.0,144.0,09:45:11 379
-1,116.0,139.0,290.0,152.0,09:45:11 807
-1,141.0,125.0,273.0,141.0,09:45:11 904
-1,142.0,139.0,263.0,136.0,09:45:12 330
-1,130.0,142.0,295.0,116.0,09:45:12 803
-1,74.0,150.0,288.0,143.0,09:45:12 873
-1,75.0,176.0,297.0,166.0,09:45:13 376
0,102.0,100.0,102.0,100.0,09:45:13 844
健康运动,0,0,0,0,09:45:13 883
0,93.0,127.0,93.0,127.0,09:45:16 837
任务3, 结束
+1,256.0,162.0,20.53534,197.27718,09:45:28 873
任务4, 开始
+2,128.0,35.0,217.78137,281.40866,09:45:34 775
＊主菜单＊,0,0,0,0,09:45:34 893
+1,229.0,153.0,25.804035,216.74132,09:45:37 410
+1,229.0,144.0,38.0,209.0,09:45:37 647
-1,52.0,183.0,304.0,167.0,09:45:38 392
0,222.0,227.0,222.0,227.0,09:45:39 124
邮箱,0,0,0,0,09:45:39 200
+1,225.0,159.0,24.447952,166.44832,09:45:41 829
-1,89.0,197.0,308.25943,152.06808,09:45:43 338
+1,260.0,148.0,57.103012,159.3794,09:45:45 063
+1,219.0,156.0,26.0,202.0,09:45:45 381
+1,254.0,151.0,44.974632,213.75159,09:45:45 675
+1,241.0,163.0,44.0,192.0,09:45:45 889
+1,216.0,172.0,69.0,201.0,09:45:46 253
-1,73.0,205.0,315.55402,178.91495,09:45:47 337
+1,230.0,175.0,25.038633,200.29614,09:45:52 425
-1,55.0,194.0,303.0,180.0,09:45:53 841
+1,265.0,176.0,20.788805,217.3028,09:45:57 366
+1,266.0,160.0,29.356754,204.43622,09:45:58 838
+1,256.0,158.0,42.46768,213.4355,09:45:59 301
任务4, 结束
+2,172.0,49.0,206.19601,287.53232,09:46:03 319
＊主菜单＊,0,0,0,0,09:46:03 849
任务5, 开始
-1,101.0,198.0,309.6361,155.53639,09:46:13 922
+1,259.0,171.0,76.0,184.0,09:46:16 416
+1,260.0,156.0,49.0,212.0,09:46:16 776
+1,235.0,145.0,44.0,191.0,09:46:17 546
+1,265.0,146.0,15.0,195.0,09:46:18 409
+1,255.0,159.0,25.0,188.0,09:46:20 028
+1,256.0,154.0,23.0,210.0,09:46:20 793
+1,260.0,147.0,62.0,213.0,09:46:22 747
+1,262.0,147.0,35.0,187.0,09:46:24 953
+2,142.0,37.0,216.45366,275.96912,09:46:25 993
0,214.0,221.0,214.0,221.0,09:46:29 594
下载,0,0,0,0,09:46:29 638
+1,236.0,179.0,37.827347,192.44832,09:46:31 840
+1,255.0,146.0,12.471389,196.4456,09:46:32 583
+1,256.0,142.0,46.181015,199.4095,09:46:33 095
+2,150.0,40.0,197.30057,285.49234,09:46:33 827
＊主菜单＊,0,0,0,0,09:46:33 944
-1,60.0,175.0,272.0,148.0,09:46:38 038
-1,90.0,175.0,291.0,147.0,09:46:40 472
-1,71.0,184.0,300.0,162.0,09:46:41 392
+1,219.0,165.0,19.0,197.0,09:46:42 008
0,73.0,134.0,73.0,134.0,09:46:44 336
0,128.0,106.0,128.0,106.0,09:46:45 862
浏览器,0,0,0,0,09:46:45 906
任务5, 结束
＊＊＊＊＊＊＊＊＊＊＊＊＊＊＊＊＊＊＊＊＊＊＊＊＊＊＊＊＊＊
+2,144.0,35.0,179.68265,276.0584,09:47:00 872
＊主菜单＊,0,0,0,0,09:47:00 987
-1,102.0,183.0,289.0,160.0,09:48:12 344
-1,105.0,188.0,309.0,152.0,09:48:13 319
-1,99.0,190.0,303.01028,146.7755,09:48:15 120
-1,100.0,176.0,272.0,147.0,09:48:15 556
