任务1, 开始
+1,267.0,153.0,27.0,191.0,15:44:13 144
+1,254.0,196.0,62.75225,199.90189,15:44:13 571
+1,266.0,176.0,30.8222,200.44208,15:44:15 333
+1,286.0,170.0,52.0,213.0,15:44:16 340
+1,252.0,179.0,21.235899,236.09117,15:44:17 810
+1,276.0,182.0,61.0,223.0,15:44:18 665
0,140.0,116.0,140.0,116.0,15:44:20 238
系统设置,0,0,0,0,15:44:20 774
0,92.0,114.0,92.0,114.0,15:44:20 827
任务1, 结束
任务2, 开始
-2,196.0,281.0,180.15149,31.18098,15:44:32 266
-2,179.0,263.0,177.0,22.0,15:44:32 782
0,189.0,251.0,189.0,251.0,15:44:32 916
-2,181.0,265.0,178.25085,14.802175,15:44:33 420
+2,139.0,33.0,141.79045,237.82172,15:44:34 751
＊主菜单＊,0,0,0,0,15:44:35 277
-1,84.0,149.0,307.0,155.0,15:44:38 481
-1,61.0,184.0,299.0,180.0,15:44:40 768
-1,71.0,175.0,296.0,176.0,15:44:42 385
0,107.0,212.0,107.0,212.0,15:44:43 856
视频,0,0,0,0,15:44:43 937
+1,292.0,156.0,-7.5,186.0,15:44:45 912
任务2, 结束
任务3, 开始
+1,288.0,160.0,34.0,156.0,15:44:58 791
-2,187.0,269.0,173.91818,100.645706,15:45:00 774
-2,177.0,273.0,191.0,107.0,15:45:01 811
+2,180.0,27.0,175.0,281.0,15:45:03 288
＊主菜单＊,0,0,0,0,15:45:03 771
-1,59.0,182.0,257.0,182.0,15:45:05 887
-1,53.0,183.0,243.0,187.0,15:45:06 684
0,210.0,102.0,210.0,102.0,15:45:08 272
微信,0,0,0,0,15:45:08 310
0,188.0,135.0,188.0,135.0,15:45:12 940
0,195.0,112.0,195.0,112.0,15:45:14 761
0,234.0,108.0,234.0,108.0,15:45:15 563
+1,279.0,134.0,8.985096,229.46996,15:45:16 361
-1,54.0,178.0,224.3921,181.50883,15:45:17 191
0,196.0,101.0,196.0,101.0,15:45:17 997
0,121.0,106.0,121.0,106.0,15:45:18 514
0,108.0,114.0,108.0,114.0,15:45:20 241
0,191.0,109.0,191.0,109.0,15:45:21 014
+1,262.0,179.0,23.538979,187.73354,15:45:24 608
+1,291.0,142.0,64.27175,169.0,15:45:26 267
-1,59.0,179.0,315.85324,193.8709,15:45:30 748
+1,300.0,175.0,58.0,178.0,15:45:32 277
-1,76.0,192.0,278.0856,194.54527,15:45:33 017
+1,277.0,162.0,52.816196,164.0,15:45:35 257
+1,300.0,158.0,61.56846,154.0,15:45:36 959
+1,290.0,168.0,46.654583,141.86203,15:45:38 296
-1,30.0,158.0,290.58685,167.3794,15:45:39 769
任务3, 结束
任务4, 开始
0,174.0,215.0,174.0,215.0,15:45:58 289
+2,188.0,69.0,169.65752,292.9199,15:45:58 424
＊主菜单＊,0,0,0,0,15:45:58 539
-1,66.0,185.0,259.0,220.0,15:46:01 263
0,111.0,116.0,111.0,116.0,15:46:02 745
健康运动,0,0,0,0,15:46:03 282
+1,293.0,174.0,54.0,181.0,15:46:06 293
+1,298.0,164.0,62.657024,195.19542,15:46:07 870
+1,235.0,151.0,104.0,176.0,15:46:08 916
+1,263.0,166.0,-3.0,179.5,15:46:11 739
任务4, 结束
任务5, 开始
+2,183.0,60.0,177.2994,270.4732,15:46:35 128
＊主菜单＊,0,0,0,0,15:46:35 166
+1,293.0,170.0,73.0,221.0,15:46:38 006
+1,290.0,155.0,114.97421,177.75645,15:46:39 816
+1,287.0,184.0,143.0,228.0,15:46:40 669
+1,262.0,157.0,97.0,176.0,15:46:42 334
+1,264.0,172.0,141.0,181.0,15:46:43 060
+1,280.0,164.0,68.73163,187.40617,15:46:44 745
0,219.0,122.0,219.0,122.0,15:46:45 933
自带导航,0,0,0,0,15:46:45 984
任务5, 结束
＊＊＊＊＊＊＊＊＊＊＊＊＊＊＊＊＊＊＊＊＊＊＊＊＊＊＊＊＊＊
+2,187.0,27.0,137.06541,281.16476,15:47:11 817
＊主菜单＊,0,0,0,0,15:47:11 856
