任务1, 开始
-1,108.0,167.0,288.0,176.0,15:53:59 875
-1,176.0,182.0,298.0,184.0,15:53:59 980
-1,77.0,228.0,226.0,197.0,15:54:00 633
-1,118.0,160.0,323.6779,147.65111,15:54:01 517
-1,98.0,215.0,244.0,188.0,15:54:03 821
-1,98.0,163.0,261.0,172.0,15:54:04 695
0,105.0,100.0,105.0,100.0,15:54:05 425
健康运动,0,0,0,0,15:54:05 485
任务1, 结束
任务2, 开始
+2,188.0,67.0,175.05293,261.7228,15:54:17 325
＊主菜单＊,0,0,0,0,15:54:17 366
+1,303.0,172.0,154.0,191.0,15:54:20 842
+1,287.0,179.0,128.0,221.0,15:54:20 964
+1,295.0,176.0,88.0,192.0,15:54:22 857
0,138.0,202.0,138.0,202.0,15:54:24 461
视频,0,0,0,0,15:54:24 497
+1,293.0,178.0,27.430977,242.848,15:54:26 170
任务2, 结束
任务3, 开始
+2,180.0,65.0,140.342,295.03705,15:54:36 854
＊主菜单＊,0,0,0,0,15:54:36 894
+1,278.0,204.0,115.0,229.0,15:54:38 949
+1,259.0,161.0,92.0,237.0,15:54:39 876
+1,264.0,220.0,118.574234,228.85689,15:54:41 366
+1,263.0,184.0,155.0,193.0,15:54:42 188
-1,75.0,190.0,213.0,196.0,15:54:42 987
-1,120.0,187.0,260.0,180.0,15:54:43 435
-1,100.0,201.0,274.72543,183.06891,15:54:44 219
-1,106.0,155.0,223.0,184.0,15:54:44 974
-1,137.0,178.0,306.0,174.0,15:54:45 664
-1,110.0,215.0,305.8584,173.73032,15:54:47 816
-1,128.0,164.0,254.0,145.0,15:54:48 528
-1,113.0,186.0,217.0,183.0,15:54:50 361
-1,80.0,158.0,289.76437,185.42278,15:54:50 994
+1,267.0,183.0,105.14604,193.06924,15:54:52 920
+1,263.0,134.0,73.0,219.0,15:54:54 832
+1,257.0,195.0,94.0,238.0,15:54:55 490
+1,255.0,175.0,57.0,228.0,15:54:57 744
+1,258.0,157.0,56.0,224.0,15:54:59 876
+1,261.0,159.0,64.0,218.0,15:55:01 400
0,217.0,224.0,217.0,224.0,15:55:03 303
下载,0,0,0,0,15:55:03 342
任务3, 结束
任务4, 开始
+2,167.0,51.0,143.0,302.5,15:55:20 295
＊主菜单＊,0,0,0,0,15:55:20 342
-1,59.0,153.0,211.0,209.0,15:55:24 333
-1,79.0,178.0,281.91013,240.76254,15:55:26 382
-1,105.0,181.0,262.0,187.0,15:55:28 450
-1,65.0,155.0,267.0,184.0,15:55:29 931
-1,99.0,183.0,268.0,206.0,15:55:31 838
0,100.0,217.0,100.0,217.0,15:55:33 331
短信息,0,0,0,0,15:55:33 834
+2,177.0,45.0,174.0,236.0,15:55:35 341
＊主菜单＊,0,0,0,0,15:55:35 383
0,217.0,223.0,217.0,223.0,15:55:36 922
邮箱,0,0,0,0,15:55:36 988
+1,261.0,139.0,44.46519,216.88435,15:55:43 813
+1,219.0,148.0,30.45028,229.94254,15:55:44 076
+1,257.0,163.0,74.45462,236.11865,15:55:45 315
+1,262.0,191.0,139.0,211.0,15:55:47 126
+1,265.0,180.0,50.864655,182.24849,15:55:48 318
+1,230.0,181.0,62.0,179.0,15:55:48 667
-1,100.0,220.0,264.0,198.0,15:55:49 820
-1,78.0,151.0,308.5,162.0,15:55:50 330
-1,46.0,158.0,231.28696,137.07922,15:55:50 365
-1,35.0,174.0,269.0,141.0,15:55:50 831
-1,36.0,175.0,220.0,148.0,15:55:50 873
-1,50.0,181.0,260.0,157.0,15:55:51 598
-1,32.0,181.0,299.0,176.0,15:55:52 811
+1,285.0,200.0,27.469025,235.26797,15:55:55 327
+1,292.0,181.0,10.089455,217.13109,15:55:55 704
+1,262.0,149.0,103.0,216.0,15:55:56 323
-1,58.0,153.0,321.79404,150.62671,15:55:57 796
-1,65.0,193.0,272.0,179.0,15:55:57 839
-1,104.0,179.0,221.0,177.0,15:55:58 119
+1,263.0,165.0,59.37653,194.94621,15:56:06 823
+1,208.0,148.0,37.26861,186.86917,15:56:08 317
0,232.0,186.0,232.0,186.0,15:56:09 440
+1,263.0,191.0,57.0,193.0,15:56:10 244
+1,226.0,193.0,47.0,221.0,15:56:11 591
+1,291.0,188.0,126.99737,211.38196,15:56:12 813
任务4, 结束
任务5, 开始
+2,173.0,91.0,121.0,242.0,15:56:26 840
＊主菜单＊,0,0,0,0,15:56:26 895
+1,262.0,148.0,54.0,199.0,15:56:28 910
+1,268.0,172.0,106.0,204.0,15:56:29 811
0,221.0,220.0,221.0,220.0,15:56:31 333
相册,0,0,0,0,15:56:31 372
+2,171.0,37.0,133.39249,230.23384,15:56:32 825
＊主菜单＊,0,0,0,0,15:56:32 877
0,105.0,240.0,105.0,240.0,15:56:34 702
0,85.0,215.0,85.0,215.0,15:56:36 327
视频,0,0,0,0,15:56:36 366
+1,294.0,151.0,33.5,243.5,15:56:39 323
-1,75.0,175.0,271.76804,151.23543,15:56:40 816
+1,305.0,172.0,170.84802,181.43706,15:56:42 335
+1,258.0,182.0,81.58542,191.89662,15:56:45 884
-1,58.0,182.0,308.0,161.0,15:56:46 823
+2,178.0,83.0,163.0,249.5,15:56:47 795
＊主菜单＊,0,0,0,0,15:56:47 835
+1,294.0,144.0,62.0,191.0,15:56:52 151
+1,267.0,208.0,61.348976,219.24956,15:56:54 340
-1,61.0,181.0,288.42657,198.46213,15:56:54 453
0,101.0,88.0,101.0,88.0,15:56:54 575
浏览器,0,0,0,0,15:56:54 702
+1,251.0,224.0,47.87461,273.26944,15:56:57 833
-1,61.0,214.0,274.0,218.0,15:56:58 274
任务5, 结束
＊＊＊＊＊＊＊＊＊＊＊＊＊＊＊＊＊＊＊＊＊＊＊＊＊＊＊＊＊＊
