任务1, 开始
+2,208.0,48.0,183.27518,275.11526,14:36:35 202
＊主菜单＊,0,0,0,0,14:36:36 160
+1,302.0,150.0,24.0,201.0,14:36:36 744
+1,235.0,166.0,54.0,227.0,14:36:37 495
+1,294.0,164.0,67.0,212.0,14:36:38 545
0,99.0,102.0,99.0,102.0,14:36:39 124
系统设置,0,0,0,0,14:36:39 174
任务1, 结束
任务2, 开始
+2,181.0,39.0,171.60812,281.28952,14:36:50 097
＊主菜单＊,0,0,0,0,14:36:50 364
-1,43.0,183.0,281.0,153.0,14:36:52 784
-1,50.0,183.0,262.0,151.0,14:36:52 928
-1,49.0,177.0,305.0,153.0,14:36:53 824
-1,40.0,185.0,302.0,154.0,14:36:54 572
0,211.0,100.0,211.0,100.0,14:36:55 662
联系人,0,0,0,0,14:36:56 149
+1,302.0,166.0,125.13456,200.30057,14:36:58 160
+1,300.0,171.0,53.973396,234.77147,14:36:58 931
+1,293.0,160.0,104.334015,200.80376,14:37:00 164
-1,116.0,197.0,284.0,168.0,14:37:01 445
-1,83.0,198.0,260.0,158.0,14:37:02 114
+1,299.0,171.0,67.82699,236.5176,14:37:03 664
+1,295.0,165.0,95.0,238.0,14:37:04 180
-1,68.0,191.0,291.57758,149.31235,14:37:06 252
-1,82.0,201.0,290.0,161.0,14:37:07 137
+1,307.0,179.0,127.0,226.0,14:37:08 123
任务2, 结束
任务3, 开始
+2,183.0,29.0,143.10338,296.62134,14:37:15 186
＊主菜单＊,0,0,0,0,14:37:15 234
+1,296.0,169.0,127.895905,182.3794,14:37:18 248
0,215.0,84.0,215.0,84.0,14:37:18 607
音乐,0,0,0,0,14:37:18 684
+1,247.0,177.0,137.0,204.0,14:37:21 102
+1,300.0,178.0,59.0,233.0,14:37:21 790
任务3, 结束
任务4, 开始
+2,220.0,32.0,170.1813,294.68414,14:37:31 194
＊主菜单＊,0,0,0,0,14:37:31 320
+1,307.0,175.0,71.5,230.0,14:37:33 811
+1,286.0,153.0,73.0,192.0,14:37:35 209
0,96.0,103.0,96.0,103.0,14:37:35 804
股票,0,0,0,0,14:37:35 877
+1,275.0,176.0,223.5,182.0,14:37:40 171
-1,87.0,209.0,320.11386,173.54634,14:37:40 959
+1,277.0,172.0,69.83266,237.01126,14:37:41 904
+1,306.0,174.0,42.5,237.0,14:37:42 409
+1,307.0,176.0,59.08207,230.59422,14:37:43 657
任务4, 结束
任务5, 开始
+2,176.0,23.0,124.64718,288.08423,14:37:52 237
＊主菜单＊,0,0,0,0,14:37:52 330
-1,41.0,185.0,300.0,173.0,14:37:54 721
-1,57.0,202.0,260.0,178.0,14:37:54 912
-1,44.0,190.0,260.0,171.0,14:37:55 784
-1,40.0,187.0,214.0,151.0,14:37:56 577
-1,56.0,198.0,275.0,146.0,14:37:58 229
0,221.0,109.0,221.0,109.0,14:37:59 289
睡眠,0,0,0,0,14:37:59 462
0,221.0,90.0,221.0,90.0,14:38:03 141
任务5, 结束
＊＊＊＊＊＊＊＊＊＊＊＊＊＊＊＊＊＊＊＊＊＊＊＊＊＊＊＊＊＊
