任务1, 开始
+2,179.0,23.0,151.0,234.0,14:27:27 124
＊主菜单＊,0,0,0,0,14:27:27 620
-1,75.0,183.0,309.0,148.0,14:27:29 702
+1,302.0,182.0,85.0,196.0,14:27:30 150
-1,61.0,199.0,301.0,166.0,14:27:30 722
-1,42.0,212.0,300.0,156.0,14:27:30 923
-1,30.0,198.0,285.0,150.0,14:27:32 702
+1,295.0,153.0,47.0,190.0,14:27:32 821
+1,265.0,186.0,53.0,214.0,14:27:32 979
+1,296.0,186.0,53.0,182.0,14:27:33 780
0,213.0,104.0,213.0,104.0,14:27:34 394
音乐,0,0,0,0,14:27:34 457
+1,290.0,184.0,35.492138,228.46198,14:27:37 307
+1,294.0,184.0,79.45651,228.62492,14:27:39 090
-1,37.0,198.0,293.34436,187.6181,14:27:40 602
任务1, 结束
+2,212.0,33.0,133.0,271.0,14:27:46 113
＊主菜单＊,0,0,0,0,14:27:46 153
任务2, 开始
+2,211.0,28.0,117.0,265.0,14:27:48 663
+1,270.0,189.0,29.068192,222.1382,14:27:48 763
+1,291.0,183.0,8.174898,226.26045,14:27:49 687
0,218.0,206.0,218.0,206.0,14:27:50 609
下载,0,0,0,0,14:27:51 117
任务2, 结束
任务3, 开始
+2,201.0,26.0,167.30147,287.67233,14:28:01 113
＊主菜单＊,0,0,0,0,14:28:01 153
-1,51.0,206.0,301.0,166.0,14:28:03 395
-1,47.0,201.0,257.0,202.0,14:28:03 510
-1,29.0,212.0,301.0,173.0,14:28:03 996
-1,36.0,220.0,291.0,178.0,14:28:04 782
-1,32.0,205.0,307.0,165.0,14:28:05 558
-1,26.0,190.0,289.0,174.0,14:28:07 120
-1,58.0,209.0,288.0,168.0,14:28:07 678
0,123.0,112.0,123.0,112.0,14:28:08 095
健康运动,0,0,0,0,14:28:08 176
+2,194.0,51.0,135.97255,253.4424,14:28:10 606
＊主菜单＊,0,0,0,0,14:28:10 660
0,224.0,122.0,224.0,122.0,14:28:12 531
睡眠,0,0,0,0,14:28:12 572
0,254.0,129.0,254.0,129.0,14:28:16 101
+1,304.0,180.0,96.15859,215.44052,14:28:18 241
+1,297.0,184.0,39.0,209.0,14:28:22 103
任务3, 结束
任务4, 开始
+2,180.0,26.0,144.92754,300.5324,14:28:33 131
＊主菜单＊,0,0,0,0,14:28:34 138
+1,303.0,180.0,44.494465,235.19232,14:28:35 605
+1,307.0,170.0,104.0,218.0,14:28:37 702
+1,302.0,182.0,86.0,228.0,14:28:38 492
+1,303.0,181.0,46.5,207.0,14:28:39 350
+1,302.0,182.0,119.0,209.0,14:28:41 629
+1,302.0,178.0,44.5,237.0,14:28:41 779
-1,47.0,216.0,314.57556,155.0,14:28:43 796
+1,293.0,184.0,34.71048,230.42278,14:28:46 128
-1,52.0,207.0,301.0,164.0,14:28:48 656
-1,38.0,187.0,290.0,165.0,14:28:48 783
-1,50.0,222.0,319.0,166.5,14:28:50 340
-1,47.0,224.0,302.0,153.0,14:28:52 760
-1,48.0,219.0,297.0,169.0,14:28:54 711
+1,265.0,189.0,48.0,192.0,14:28:55 077
0,102.0,200.0,102.0,200.0,14:28:56 616
新浪微博,0,0,0,0,14:28:56 655
任务4, 结束
任务5, 开始
+2,182.0,29.0,142.0,296.1899,14:29:10 462
＊主菜单＊,0,0,0,0,14:29:10 544
+1,304.0,182.0,95.0,216.0,14:29:12 691
+1,295.0,186.0,27.0,228.0,14:29:13 497
0,215.0,212.0,215.0,212.0,14:29:14 202
笔记,0,0,0,0,14:29:14 279
+1,299.0,186.0,103.68553,230.12448,14:29:16 674
+1,293.0,187.0,72.5,232.0,14:29:18 123
任务5, 结束
＊＊＊＊＊＊＊＊＊＊＊＊＊＊＊＊＊＊＊＊＊＊＊＊＊＊＊＊＊＊
