任务1, 开始
+2,180.0,28.0,142.0,220.0,14:32:33 682
＊主菜单＊,0,0,0,0,14:32:34 143
-1,59.0,180.0,300.0,147.0,14:32:36 277
0,204.0,118.0,204.0,118.0,14:32:36 951
音乐,0,0,0,0,14:32:37 094
+1,287.0,185.0,64.35213,228.56487,14:32:39 591
+1,298.0,188.0,86.0,235.0,14:32:41 141
-1,31.0,225.0,301.94043,182.32413,14:32:42 064
任务1, 结束
任务2, 开始
+2,203.0,22.0,137.97571,276.40894,14:32:50 631
＊主菜单＊,0,0,0,0,14:32:50 672
-1,65.0,187.0,294.0,144.0,14:32:53 208
-1,51.0,192.0,295.0,180.0,14:32:55 267
0,117.0,212.0,117.0,212.0,14:32:55 594
短信息,0,0,0,0,14:32:55 651
+1,292.0,177.0,117.16545,186.16673,14:32:59 424
-1,61.0,254.0,288.79398,227.48277,14:33:01 637
+2,206.0,43.0,202.0,231.0,14:33:05 902
＊主菜单＊,0,0,0,0,14:33:06 051
0,215.0,99.0,215.0,99.0,14:33:10 449
微信,0,0,0,0,14:33:10 513
+1,301.0,166.0,64.69015,227.16373,14:33:14 650
+1,307.0,160.0,63.0,158.0,14:33:14 731
+1,304.0,157.0,12.0,191.0,14:33:16 152
+2,221.0,47.0,165.81827,288.228,14:33:16 992
＊主菜单＊,0,0,0,0,14:33:17 094
+2,212.0,29.0,177.0,238.0,14:33:18 325
0,118.0,120.0,118.0,120.0,14:33:19 403
腾讯QQ,0,0,0,0,14:33:19 461
任务2, 结束
任务3, 开始
+2,211.0,31.0,147.0,278.0,14:33:30 177
＊主菜单＊,0,0,0,0,14:33:30 225
-1,57.0,208.0,267.0,150.0,14:33:33 131
+1,299.0,177.0,59.0,218.0,14:33:33 846
+1,283.0,179.0,105.0,199.0,14:33:34 558
+1,262.0,182.0,26.0,186.0,14:33:35 213
+1,301.0,162.0,48.423462,203.88681,14:33:36 140
+1,296.0,182.0,67.0,190.0,14:33:37 704
+1,278.0,164.0,93.87725,201.4829,14:33:38 262
0,91.0,87.0,91.0,87.0,14:33:39 637
系统设置,0,0,0,0,14:33:40 154
+2,189.0,26.0,157.5,304.0,14:33:42 652
＊主菜单＊,0,0,0,0,14:33:42 695
0,242.0,220.0,242.0,220.0,14:33:44 710
下载,0,0,0,0,14:33:48 142
+1,289.0,184.0,56.4275,225.0449,14:33:50 654
+1,301.0,184.0,109.0,236.0,14:33:51 425
+1,296.0,185.0,45.0,223.0,14:33:53 106
任务3, 结束
+2,178.0,25.0,155.0,208.0,14:33:59 773
＊主菜单＊,0,0,0,0,14:33:59 826
任务4, 开始
-1,43.0,224.0,289.0,128.0,14:34:04 296
-1,40.0,189.0,302.0,179.0,14:34:04 780
-1,44.0,224.0,252.0,158.0,14:34:05 191
-1,37.0,197.0,271.0,178.0,14:34:05 758
-1,42.0,219.0,265.0,151.0,14:34:06 757
-1,51.0,196.0,304.0,151.0,14:34:07 317
0,96.0,101.0,96.0,101.0,14:34:08 399
健康运动,0,0,0,0,14:34:08 448
+1,297.0,150.0,81.35534,104.32574,14:34:13 143
+1,243.0,162.0,37.0,226.0,14:34:13 644
+1,274.0,167.0,72.71092,167.1189,14:34:14 659
任务4, 结束
+2,170.0,31.0,123.44831,280.51794,14:34:19 677
＊主菜单＊,0,0,0,0,14:34:19 721
任务5, 开始
+1,268.0,159.0,56.0,226.0,14:34:22 609
+1,298.0,179.0,37.5,217.5,14:34:23 730
+1,272.0,174.0,122.0,181.0,14:34:25 148
+1,293.0,160.0,78.0,157.0,14:34:27 609
0,94.0,217.0,94.0,217.0,14:34:28 612
卡包,0,0,0,0,14:34:28 653
+1,205.0,185.0,74.0139,202.35281,14:34:32 158
+1,254.0,175.0,61.34987,250.10008,14:34:33 645
+1,300.0,177.0,73.47947,203.72762,14:34:35 156
任务5, 结束
＊＊＊＊＊＊＊＊＊＊＊＊＊＊＊＊＊＊＊＊＊＊＊＊＊＊＊＊＊＊
