任务1, 开始
+1,306.0,168.0,53.0,206.0,16:13:51 839
+1,269.0,175.0,76.785805,199.88818,16:13:52 674
+1,280.0,146.0,60.0,192.0,16:13:53 632
+1,277.0,152.0,32.85827,233.24225,16:13:54 432
-1,86.0,186.0,269.0,151.0,16:13:54 920
-1,107.0,162.0,249.0,153.0,16:13:55 232
-1,101.0,171.0,232.0,156.0,16:13:55 532
0,214.0,106.0,214.0,106.0,16:13:56 434
音乐,0,0,0,0,16:13:56 479
+1,298.0,152.0,85.89363,236.59198,16:13:59 127
+1,275.0,146.0,128.86035,183.85754,16:14:00 427
+1,305.0,151.0,95.16346,207.33392,16:14:01 743
-1,80.0,205.0,262.0,176.0,16:14:03 120
任务1, 结束
任务2, 开始
-1,80.0,177.0,318.92853,158.93822,16:14:14 610
+2,165.0,48.0,165.0,266.0,16:14:15 255
＊主菜单＊,0,0,0,0,16:14:15 323
-1,111.0,180.0,294.0,168.0,16:14:17 362
-1,94.0,157.0,287.0,135.0,16:14:17 707
-1,83.0,175.0,280.0,143.0,16:14:18 169
-1,73.0,171.0,270.0,144.0,16:14:18 450
0,128.0,232.0,128.0,232.0,16:14:20 225
运动秒表,0,0,0,0,16:14:20 315
+2,164.0,36.0,137.0,239.0,16:14:21 366
＊主菜单＊,0,0,0,0,16:14:21 408
0,109.0,112.0,109.0,112.0,16:14:23 229
健康运动,0,0,0,0,16:14:23 271
+1,297.0,160.0,85.0,219.0,16:14:28 038
+1,293.0,183.0,63.0,235.0,16:14:28 641
+1,266.0,179.0,54.838943,242.48317,16:14:29 536
任务2, 结束
+2,203.0,27.0,149.0,238.0,16:14:34 461
＊主菜单＊,0,0,0,0,16:14:34 529
+1,282.0,145.0,62.0,218.0,16:14:37 312
任务3, 开始
0,113.0,241.0,113.0,241.0,16:14:40 633
0,130.0,227.0,130.0,227.0,16:14:42 421
短信息,0,0,0,0,16:14:42 504
0,218.0,79.0,218.0,79.0,16:14:46 209
0,204.0,87.0,204.0,87.0,16:14:47 044
+1,293.0,159.0,54.058254,243.91263,16:14:47 707
+1,287.0,183.0,71.9689,256.01822,16:14:48 479
+1,273.0,189.0,45.445908,270.00635,16:14:49 242
+1,298.0,157.0,37.59815,235.98218,16:14:49 825
-1,86.0,150.0,302.0,136.0,16:14:50 328
-1,83.0,192.0,329.91882,139.639,16:14:51 408
+2,180.0,31.0,176.75288,269.52695,16:14:55 649
＊主菜单＊,0,0,0,0,16:14:55 729
0,211.0,105.0,211.0,105.0,16:14:57 585
微信,0,0,0,0,16:14:57 652
0,296.0,159.0,296.0,159.0,16:15:01 383
+1,287.0,142.0,59.291527,220.65988,16:15:03 031
+1,267.0,152.0,77.425186,212.77106,16:15:03 990
+1,277.0,141.0,54.799774,228.25468,16:15:05 239
+1,282.0,148.0,117.0,211.0,16:15:06 850
+1,271.0,179.0,156.0,215.0,16:15:08 144
-1,56.0,150.0,330.5,143.5,16:15:08 605
-1,90.0,180.0,291.0,162.0,16:15:09 097
-1,64.0,217.0,309.42215,141.03752,16:15:09 627
-1,78.0,191.0,304.0,151.0,16:15:10 468
0,226.0,116.0,226.0,116.0,16:15:12 037
0,205.0,147.0,205.0,147.0,16:15:12 766
0,219.0,147.0,219.0,147.0,16:15:13 230
-1,65.0,225.0,309.67352,203.64691,16:15:17 396
+2,146.0,28.0,175.35608,196.63203,16:15:18 348
＊主菜单＊,0,0,0,0,16:15:18 391
0,111.0,231.0,111.0,231.0,16:15:21 164
短信息,0,0,0,0,16:15:21 198
+1,287.0,191.0,51.58017,269.6374,16:15:26 579
+1,272.0,210.0,174.56227,194.0,16:15:29 147
任务3, 结束
+1,280.0,129.0,28.0,191.0,16:15:37 142
+2,139.0,49.0,183.3363,284.0744,16:15:37 550
＊主菜单＊,0,0,0,0,16:15:37 627
任务4, 开始
+1,281.0,130.0,35.0,228.0,16:15:40 864
+1,306.0,165.0,58.0,264.0,16:15:41 543
+1,288.0,180.0,64.0,261.0,16:15:42 384
+1,286.0,179.0,83.843475,275.78308,16:15:43 297
+1,307.0,167.0,68.0,263.0,16:15:44 470
0,228.0,232.0,228.0,232.0,16:15:45 267
下载,0,0,0,0,16:15:45 335
+1,303.0,169.0,78.0,255.0,16:15:47 654
+1,276.0,190.0,84.0413,274.9876,16:15:48 520
+1,305.0,167.0,89.0,268.0,16:15:49 701
任务4, 结束
+2,203.0,28.0,135.61447,252.28046,16:15:54 732
＊主菜单＊,0,0,0,0,16:15:54 807
-1,93.0,186.0,263.0,185.0,16:15:56 836
-1,108.0,187.0,305.0,184.0,16:15:57 180
-1,113.0,189.0,250.36224,184.0,16:15:58 041
0,97.0,246.0,97.0,246.0,16:15:58 642
0,135.0,223.0,135.0,223.0,16:15:59 428
卡包,0,0,0,0,16:15:59 521
任务5, 开始
+1,300.0,115.0,55.0,178.0,16:16:03 922
+1,251.0,149.0,37.757027,198.4299,16:16:05 673
-1,86.0,177.0,308.5457,181.9301,16:16:06 472
-1,90.0,189.0,296.0,180.0,16:16:07 169
+1,299.0,159.0,63.0,253.0,16:16:08 628
+1,288.0,166.0,52.0,248.0,16:16:09 422
+1,275.0,160.0,96.0,229.0,16:16:12 114
+1,302.0,155.0,33.759315,239.9181,16:16:13 548
+1,258.0,198.0,85.0,257.0,16:16:14 842
任务5, 结束
＊＊＊＊＊＊＊＊＊＊＊＊＊＊＊＊＊＊＊＊＊＊＊＊＊＊＊＊＊＊
+2,115.0,30.0,97.527336,277.59906,16:16:17 656
＊主菜单＊,0,0,0,0,16:16:17 829
