任务1, 开始
0,213.0,120.0,213.0,120.0,16:10:00 722
睡眠,0,0,0,0,16:10:00 780
+1,298.0,156.0,159.0,200.0,16:10:04 113
+1,293.0,154.0,128.0,213.0,16:10:10 657
+1,221.0,181.0,99.67956,208.93204,16:10:11 662
任务1, 结束
+2,178.0,23.0,134.14255,280.48096,16:10:19 122
＊主菜单＊,0,0,0,0,16:10:19 159
-1,108.0,176.0,296.0,179.0,16:10:20 217
+1,252.0,171.0,32.0,221.0,16:10:20 837
+1,306.0,155.0,58.0,235.0,16:10:21 329
任务2, 开始
+1,307.0,158.0,122.0,232.0,16:10:23 850
0,219.0,138.0,219.0,138.0,16:10:24 571
0,220.0,130.0,220.0,130.0,16:10:27 121
音乐,0,0,0,0,16:10:27 164
+1,307.0,174.0,77.5,224.5,16:10:29 616
+1,298.0,165.0,142.0,257.0,16:10:33 990
任务2, 结束
+2,178.0,25.0,171.41713,248.36075,16:10:37 259
＊主菜单＊,0,0,0,0,16:10:37 318
任务3, 开始
+1,256.0,181.0,100.0,231.0,16:10:44 570
+1,297.0,151.0,92.0,194.0,16:10:45 530
+1,304.0,154.0,133.75606,186.0,16:10:47 594
0,108.0,122.0,108.0,122.0,16:10:48 676
浏览器,0,0,0,0,16:10:48 720
+1,297.0,135.0,120.0,156.5,16:10:51 611
+1,286.0,132.0,115.73328,192.26672,16:10:54 127
+1,280.0,145.0,120.8813,158.13983,16:10:54 362
+2,175.0,23.0,179.0,262.0,16:10:55 092
＊主菜单＊,0,0,0,0,16:10:55 139
+1,305.0,160.0,96.0,204.0,16:10:58 294
+1,295.0,150.0,123.0,190.0,16:10:59 091
-1,86.0,194.0,290.0,192.0,16:11:00 768
-1,92.0,181.0,307.0,181.0,16:11:01 328
-1,117.0,157.0,303.0,169.0,16:11:01 788
-1,96.0,185.0,296.0,178.0,16:11:02 578
0,100.0,223.0,100.0,223.0,16:11:04 124
新浪微博,0,0,0,0,16:11:04 156
0,255.0,146.0,255.0,146.0,16:11:12 628
任务3, 结束
+2,180.0,36.0,108.0,260.0,16:11:20 128
＊主菜单＊,0,0,0,0,16:11:20 214
任务4, 开始
+1,253.0,169.0,91.90092,228.37683,16:11:26 864
+1,290.0,141.0,60.0,210.0,16:11:27 376
+1,223.0,141.0,72.0,186.0,16:11:27 841
+1,301.0,157.0,90.0,186.0,16:11:28 584
0,201.0,230.0,201.0,230.0,16:11:29 289
下载,0,0,0,0,16:11:29 358
任务4, 结束
+2,179.0,20.0,146.94356,196.22627,16:11:43 120
＊主菜单＊,0,0,0,0,16:11:43 223
任务5, 开始
+1,263.0,177.0,139.0,186.0,16:11:46 818
+1,273.0,176.0,95.0,197.0,16:11:47 742
-1,139.0,180.0,292.0,160.0,16:11:48 364
-1,139.0,159.0,316.65543,186.51723,16:11:49 294
-1,138.0,184.0,304.0,179.0,16:11:50 580
-1,149.0,184.0,307.0,158.0,16:11:53 794
-1,173.0,182.0,311.0,172.0,16:11:54 625
-1,95.0,172.0,314.64496,153.18277,16:11:55 322
-1,156.0,181.0,306.0,154.0,16:11:57 128
+1,256.0,174.0,58.0,253.0,16:11:58 103
+1,236.0,179.0,80.0,232.0,16:11:58 459
+1,298.0,183.0,36.23458,239.32043,16:11:58 961
0,216.0,242.0,216.0,242.0,16:11:59 859
0,245.0,219.0,245.0,219.0,16:12:01 552
0,219.0,228.0,219.0,228.0,16:12:02 991
笔记,0,0,0,0,16:12:03 033
+1,255.0,175.0,93.83288,158.20822,16:12:05 030
+1,277.0,149.0,145.0,167.0,16:12:06 282
任务5, 结束
＊＊＊＊＊＊＊＊＊＊＊＊＊＊＊＊＊＊＊＊＊＊＊＊＊＊＊＊＊＊
+2,139.0,31.0,145.9924,238.33257,16:12:18 630
＊主菜单＊,0,0,0,0,16:12:18 713
