任务1, 开始
+1,305.0,183.0,60.0,242.0,16:17:56 219
+1,235.0,195.0,76.0,228.0,16:17:56 485
+1,285.0,154.0,29.0,220.0,16:17:57 080
+1,263.0,184.0,86.0,196.0,16:17:57 454
0,131.0,126.0,131.0,126.0,16:17:58 028
系统设置,0,0,0,0,16:17:58 081
任务1, 结束
任务2, 开始
+2,157.0,17.0,134.481,290.139,16:18:12 660
＊主菜单＊,0,0,0,0,16:18:13 172
+1,238.0,157.0,48.0,205.0,16:18:13 905
-1,38.0,141.0,294.0,138.0,16:18:14 491
0,89.0,126.0,89.0,126.0,16:18:15 163
股票,0,0,0,0,16:18:15 238
+1,256.0,150.0,88.08757,190.69124,16:18:18 667
+1,203.0,151.0,61.0,217.77151,16:18:19 877
+1,304.0,154.0,49.0,221.0,16:18:20 591
+1,272.0,147.0,44.0,231.0,16:18:21 220
+1,304.0,154.0,11.17293,235.69696,16:18:22 259
任务2, 结束
+2,184.0,25.0,274.06665,279.19748,16:18:42 962
＊主菜单＊,0,0,0,0,16:18:43 034
任务3, 开始
-1,94.0,186.0,298.0,177.0,16:18:45 843
-1,93.0,204.0,284.0,147.0,16:18:47 126
0,195.0,99.0,195.0,99.0,16:18:47 791
音乐,0,0,0,0,16:18:47 846
+1,297.0,144.0,104.0,191.0,16:18:50 891
+1,254.0,186.0,51.51273,216.4618,16:18:51 529
+1,304.0,149.0,5.3282804,213.31398,16:18:52 126
+1,296.0,152.0,6.2339487,182.49664,16:18:52 913
任务3, 结束
+2,203.0,24.0,176.11131,273.17026,16:18:58 680
＊主菜单＊,0,0,0,0,16:18:58 760
任务4, 开始
-1,82.0,146.0,260.0,217.0,16:19:01 905
-1,69.0,184.0,291.0,167.0,16:19:02 009
-1,106.0,173.0,272.0,182.0,16:19:03 747
-1,145.0,193.0,241.0,186.0,16:19:04 711
0,259.0,108.0,259.0,108.0,16:19:06 106
0,181.0,110.0,181.0,110.0,16:19:07 712
睡眠,0,0,0,0,16:19:07 756
任务4, 结束
任务5, 开始
+2,172.0,20.0,179.72845,229.56494,16:19:18 493
＊主菜单＊,0,0,0,0,16:19:18 613
+1,250.0,149.0,59.0,215.0,16:19:20 900
+1,253.0,173.0,47.0,224.0,16:19:21 430
0,215.0,118.0,215.0,118.0,16:19:22 520
联系人,0,0,0,0,16:19:22 556
+1,276.0,143.0,78.27535,198.38249,16:19:25 227
+1,283.0,153.0,80.0,220.0,16:19:26 310
+1,268.0,110.0,71.0,190.0,16:19:27 328
+1,256.0,143.0,44.0,200.0,16:19:28 039
+1,297.0,140.0,96.0,204.0,16:19:30 968
-1,90.0,203.0,288.0,187.0,16:19:32 138
0,116.0,190.0,116.0,190.0,16:19:32 937
-1,148.0,166.0,182.0,262.0,16:19:33 993
+1,265.0,155.0,55.691242,241.2281,16:19:34 461
+1,291.0,142.0,49.0,225.0,16:19:34 968
-1,87.0,178.0,257.0,164.0,16:19:38 912
-1,90.0,185.0,261.0,158.0,16:19:39 630
-1,119.0,184.0,326.0,177.5,16:19:40 037
-1,122.0,166.0,305.0,163.0,16:19:40 811
+1,270.0,163.0,85.0,260.0,16:19:41 457
-1,112.0,149.0,282.0,135.0,16:19:42 459
-1,126.0,183.0,304.0,151.0,16:19:43 331
+1,304.0,177.0,44.0,246.5,16:19:44 158
+1,303.0,152.0,51.0,245.0,16:19:44 934
+1,241.0,178.0,50.13456,270.15552,16:19:46 219
+1,289.0,168.0,76.0,267.0,16:19:52 857
任务5, 结束
＊＊＊＊＊＊＊＊＊＊＊＊＊＊＊＊＊＊＊＊＊＊＊＊＊＊＊＊＊＊
