+2,188.0,39.0,160.09082,287.5459,20:00:13 431
＊主菜单＊,0,0,0,0,20:00:13 459
任务1, 开始
-1,219.0,159.0,304.0,155.0,20:00:26 025
+1,258.0,139.0,47.37603,186.18927,20:00:26 822
0,203.0,225.0,203.0,225.0,20:00:27 408
下载,0,0,0,0,20:00:27 490
任务1, 结束
+2,179.0,74.0,174.80365,268.6574,20:00:35 604
＊主菜单＊,0,0,0,0,20:00:35 640
任务2, 开始
-1,190.0,147.0,269.25287,136.7318,20:00:43 678
-1,198.0,167.0,306.0,174.0,20:00:44 133
-1,175.0,167.0,301.0,179.0,20:00:45 282
0,108.0,228.0,108.0,228.0,20:00:46 292
视频,0,0,0,0,20:00:46 360
+1,222.0,174.0,39.0,199.0,20:00:48 374
+1,247.0,141.0,117.0,183.0,20:00:50 018
+2,187.0,29.0,165.42117,275.45514,20:00:56 625
＊主菜单＊,0,0,0,0,20:00:56 655
+1,194.0,116.0,48.80358,183.61705,20:00:59 591
-1,109.0,159.0,291.0,150.0,20:01:00 219
-1,181.0,161.0,299.71655,147.55223,20:01:01 383
-1,175.0,156.0,298.0,141.0,20:01:02 792
+1,260.0,110.0,20.0,168.0,20:01:04 546
+1,256.0,132.0,29.0,160.0,20:01:05 022
+1,248.0,122.0,104.0,155.0,20:01:06 321
+1,242.0,115.0,98.0,147.0,20:01:07 294
+1,254.0,111.0,89.0,137.0,20:01:08 815
+1,243.0,105.0,93.0,135.0,20:01:09 977
-1,126.0,153.0,279.0,144.0,20:01:11 610
-1,152.0,179.0,299.0,180.0,20:01:12 403
0,222.0,220.0,222.0,220.0,20:01:13 227
笔记,0,0,0,0,20:01:13 300
+2,203.0,44.0,169.12132,281.2382,20:01:16 132
＊主菜单＊,0,0,0,0,20:01:16 169
-1,173.0,133.0,295.0,108.0,20:01:18 691
0,119.0,213.0,119.0,213.0,20:01:21 148
视频,0,0,0,0,20:01:21 188
+1,234.0,135.0,73.0,171.0,20:01:23 607
任务2, 结束
任务3, 开始
+2,156.0,21.0,99.25382,241.166,20:01:35 437
＊主菜单＊,0,0,0,0,20:01:35 541
-1,107.0,153.0,251.0,144.0,20:01:38 279
-1,147.0,155.0,305.0,150.0,20:01:39 545
0,225.0,233.0,225.0,233.0,20:01:40 942
邮箱,0,0,0,0,20:01:40 995
+1,239.0,124.0,50.0,141.0,20:01:46 300
-1,103.0,149.0,278.0,160.0,20:01:46 991
+1,269.0,115.0,64.617805,144.23743,20:01:52 333
+1,260.0,107.0,102.0,130.0,20:01:53 383
+1,258.0,111.0,58.661476,168.77493,20:01:54 771
+1,297.0,117.0,68.0,163.0,20:01:56 049
+1,286.0,127.0,64.11819,154.7629,20:01:57 193
任务3, 结束
任务4, 开始
+2,177.0,29.0,132.45493,300.99365,20:02:09 276
＊主菜单＊,0,0,0,0,20:02:09 406
-1,189.0,111.0,295.0,107.0,20:02:11 900
0,106.0,122.0,106.0,122.0,20:02:12 912
健康运动,0,0,0,0,20:02:12 949
+1,289.0,101.0,110.0,123.0,20:02:20 003
+1,248.0,135.0,42.097088,188.13593,20:02:21 315
任务4, 结束
任务5, 开始
+2,174.0,28.0,146.0971,274.3406,20:02:34 578
＊主菜单＊,0,0,0,0,20:02:34 691
+1,233.0,103.0,103.0,109.0,20:02:36 677
+1,217.0,136.0,56.0,162.0,20:02:37 498
+1,212.0,133.0,89.0,160.0,20:02:38 493
0,124.0,214.0,124.0,214.0,20:02:39 303
视频,0,0,0,0,20:02:39 368
+1,256.0,134.0,60.0,167.0,20:02:41 201
任务5, 结束
＊＊＊＊＊＊＊＊＊＊＊＊＊＊＊＊＊＊＊＊＊＊＊＊＊＊＊＊＊＊
