任务1, 开始
0,181.0,29.0,181.0,29.0,20:04:08 564
+2,198.0,36.0,152.4962,250.93126,20:04:08 645
＊主菜单＊,0,0,0,0,20:04:08 764
-1,124.0,162.0,304.0,163.0,20:04:11 772
-1,150.0,150.0,302.0,146.0,20:04:12 118
-1,131.0,180.0,313.0,147.0,20:04:12 724
0,102.0,125.0,102.0,125.0,20:04:13 548
健康运动,0,0,0,0,20:04:13 586
+2,214.0,38.0,185.0,270.0,20:04:15 366
＊主菜单＊,0,0,0,0,20:04:15 403
0,219.0,99.0,219.0,99.0,20:04:17 627
睡眠,0,0,0,0,20:04:17 661
+1,273.0,173.0,25.0,216.0,20:04:21 445
任务1, 结束
任务2, 开始
+2,219.0,33.0,173.5,286.0,20:04:30 997
＊主菜单＊,0,0,0,0,20:04:31 061
+1,271.0,172.0,62.0,177.0,20:04:33 346
+1,280.0,152.0,45.988735,138.03621,20:04:34 094
+1,283.0,144.0,98.0,161.0,20:04:34 924
+1,271.0,148.0,86.0,146.0,20:04:35 893
0,222.0,243.0,222.0,243.0,20:04:36 723
0,230.0,229.0,230.0,229.0,20:04:39 161
笔记,0,0,0,0,20:04:39 201
+1,257.0,131.0,45.457893,172.0,20:04:41 304
+1,286.0,135.0,61.152813,94.36461,20:04:48 155
+1,283.0,110.0,110.35213,109.0,20:04:52 052
任务2, 结束
任务3, 开始
+2,186.0,47.0,178.04723,281.13394,20:04:58 609
＊主菜单＊,0,0,0,0,20:04:58 672
+1,282.0,150.0,53.0,141.0,20:05:00 895
+1,287.0,140.0,78.0,151.0,20:05:01 718
0,235.0,227.0,235.0,227.0,20:05:02 488
下载,0,0,0,0,20:05:02 533
任务3, 结束
任务4, 开始
+2,213.0,35.0,105.78745,285.1696,20:05:11 264
＊主菜单＊,0,0,0,0,20:05:11 316
-1,130.0,154.0,280.0,107.0,20:05:15 259
-1,137.0,133.0,311.0,124.0,20:05:16 519
-1,125.0,133.0,310.5,128.5,20:05:17 743
-1,149.0,115.0,283.0,96.0,20:05:18 936
-1,160.0,133.0,279.0,98.0,20:05:20 661
0,117.0,236.0,117.0,236.0,20:05:22 437
短信息,0,0,0,0,20:05:22 480
0,209.0,73.0,209.0,73.0,20:05:25 750
+1,242.0,105.0,58.0,142.0,20:05:26 817
+1,268.0,127.0,46.0,146.0,20:05:27 497
+2,197.0,28.0,143.62538,284.93655,20:05:30 622
＊主菜单＊,0,0,0,0,20:05:30 738
+1,289.0,113.0,69.0,135.0,20:05:33 119
0,221.0,121.0,221.0,121.0,20:05:33 765
联系人,0,0,0,0,20:05:33 802
+1,241.0,100.0,38.5,135.5,20:05:36 654
+1,264.0,123.0,57.0,149.0,20:05:37 119
+1,281.0,147.0,60.0,111.0,20:05:37 969
任务4, 结束
+2,215.0,35.0,166.79253,292.98245,20:05:45 361
＊主菜单＊,0,0,0,0,20:05:45 434
任务5, 开始
-1,153.0,149.0,312.3629,148.3701,20:05:48 847
-1,190.0,137.0,280.0,109.0,20:05:49 801
+1,262.0,140.0,45.0,126.0,20:05:51 261
+1,216.0,153.0,49.0,112.0,20:05:51 710
+1,284.0,141.0,62.0,154.0,20:05:52 498
+1,292.0,138.0,43.0,163.0,20:05:53 642
0,212.0,99.0,212.0,99.0,20:05:54 831
音乐,0,0,0,0,20:05:54 915
+1,246.0,178.0,55.0,188.0,20:05:57 262
+1,290.0,159.0,70.0,151.0,20:05:58 204
+1,268.0,140.0,85.56493,101.0,20:06:01 537
任务5, 结束
＊＊＊＊＊＊＊＊＊＊＊＊＊＊＊＊＊＊＊＊＊＊＊＊＊＊＊＊＊＊
