任务1, 开始
任务1, 结束
任务1, 开始
0,138.0,82.0,138.0,82.0,19:55:29 650
健康运动,0,0,0,0,19:55:29 678
0,120.0,92.0,120.0,92.0,19:55:30 502
+1,283.0,188.0,86.0,184.0,19:55:34 657
+1,298.0,146.0,115.0,211.0,19:55:36 578
任务1, 结束
任务2, 开始
+2,178.0,39.0,134.6928,282.12112,19:55:49 110
＊主菜单＊,0,0,0,0,19:55:49 150
+1,274.0,142.0,69.5,192.0,19:55:51 514
0,250.0,99.0,250.0,99.0,19:55:52 331
0,231.0,120.0,231.0,120.0,19:55:54 018
微信,0,0,0,0,19:55:54 063
+1,215.0,130.0,27.810158,154.06529,19:55:59 111
+1,175.0,134.0,18.544437,180.91913,19:56:00 104
+1,251.0,141.0,85.77801,192.93459,19:56:03 400
+1,233.0,140.0,60.0,209.0,19:56:04 747
+1,197.0,134.0,54.0,219.0,19:56:06 022
+1,178.0,155.0,59.401955,184.3987,19:56:06 772
+1,238.0,141.0,63.0,236.0,19:56:07 577
+1,178.0,128.0,10.0,146.0,19:56:08 335
+1,262.0,195.0,39.0,166.0,19:56:09 095
+1,261.0,213.0,14.705746,144.52075,19:56:10 322
+1,258.0,174.0,40.0,149.0,19:56:10 891
-1,81.0,138.0,292.33893,192.38553,19:56:11 896
-1,115.0,159.0,272.0,188.0,19:56:12 551
-1,190.0,171.0,243.22205,59.981625,19:56:13 581
-1,103.0,137.0,275.10922,220.18344,19:56:14 160
-1,147.0,163.0,207.04517,99.89439,19:56:22 349
0,213.0,137.0,213.0,137.0,19:56:24 063
0,140.0,105.0,140.0,105.0,19:56:25 311
+1,244.0,137.0,37.84165,191.26392,19:56:32 353
0,127.0,102.0,127.0,102.0,19:56:34 013
0,215.0,120.0,215.0,120.0,19:56:41 070
微信,0,0,0,0,19:56:41 149
+1,263.0,99.0,231.94571,113.99173,19:56:42 295
+1,263.0,146.0,132.0,194.0,19:56:43 600
+1,253.0,152.0,46.0,199.0,19:56:44 306
+1,262.0,160.0,118.0,175.0,19:56:45 613
+1,261.0,157.0,139.0,147.0,19:56:46 895
-1,117.0,172.0,318.69922,154.9624,19:56:47 780
0,294.0,180.0,294.0,180.0,19:56:50 574
+1,260.0,194.0,107.0,198.0,19:56:53 613
任务2, 结束
任务3, 开始
+2,181.0,48.0,140.0,281.0,19:57:03 526
＊主菜单＊,0,0,0,0,19:57:03 589
+2,182.0,27.0,198.0,278.0,19:57:04 635
+1,216.0,158.0,76.0,181.0,19:57:06 595
+1,194.0,138.0,70.0,186.0,19:57:08 664
0,104.0,228.0,104.0,228.0,19:57:10 395
视频,0,0,0,0,19:57:10 443
+1,226.0,133.0,83.86242,205.86194,19:57:12 765
任务3, 结束
+2,168.0,41.0,182.05847,287.11694,19:57:20 278
＊主菜单＊,0,0,0,0,19:57:20 336
任务4, 开始
+1,254.0,140.0,16.0,182.0,19:57:23 949
+1,240.0,125.0,69.5,147.0,19:57:25 790
-1,89.0,194.0,297.12604,141.53714,19:57:26 824
+1,264.0,161.0,14.0,164.0,19:57:27 723
+1,255.0,138.0,11.5,161.0,19:57:29 308
0,110.0,71.0,110.0,71.0,19:57:31 224
系统设置,0,0,0,0,19:57:31 278
-2,228.0,233.0,214.0,54.0,19:57:36 271
+2,182.0,90.0,156.0,281.0,19:57:37 373
＊主菜单＊,0,0,0,0,19:57:37 428
+2,143.0,54.0,157.5,305.5,19:57:38 185
+1,255.0,141.0,22.851534,150.87997,19:57:39 565
0,245.0,110.0,245.0,110.0,19:57:40 448
0,206.0,106.0,206.0,106.0,19:57:41 632
自带导航,0,0,0,0,19:57:41 695
+2,162.0,28.0,148.5,199.5,19:57:45 665
＊主菜单＊,0,0,0,0,19:57:45 788
+1,233.0,130.0,38.0,153.0,19:57:47 899
-1,119.0,156.0,327.94272,184.84714,19:57:49 076
-1,149.0,141.0,308.0,156.0,19:57:50 386
-1,145.0,147.0,304.0,149.0,19:57:51 586
-1,150.0,164.0,303.0,151.0,19:57:52 721
-1,171.0,165.0,299.0,175.0,19:57:54 104
-1,152.0,188.0,309.0,145.0,19:57:55 108
-1,185.0,196.0,311.40244,161.67845,19:57:57 061
任务4, 结束
+1,275.0,148.0,63.0,205.0,19:58:04 736
+1,279.0,126.0,42.0,146.0,19:58:05 206
+1,268.0,141.0,57.0,180.0,19:58:06 415
+1,260.0,137.0,59.0,182.0,19:58:07 547
+1,276.0,136.0,21.0,169.0,19:58:08 655
+1,256.0,95.0,14.0,153.0,19:58:09 846
0,98.0,110.0,98.0,110.0,19:58:10 568
系统设置,0,0,0,0,19:58:10 661
任务5, 开始
任务5, 结束
＊＊＊＊＊＊＊＊＊＊＊＊＊＊＊＊＊＊＊＊＊＊＊＊＊＊＊＊＊＊
+1,105.0,263.0,61.821728,241.4158,19:58:27 809
