0,259.0,247.0,259.0,247.0,08:47:10 656
任务1, 开始
+2,136.0,70.0,134.0,266.0,08:47:17 104
＊主菜单＊,0,0,0,0,08:47:17 141
-1,149.0,143.0,273.0,141.0,08:47:20 861
+1,257.0,179.0,153.0,184.0,08:47:21 639
+1,238.0,156.0,170.0,184.0,08:47:22 759
+1,235.0,148.0,109.0,181.0,08:47:24 631
0,209.0,103.0,209.0,103.0,08:47:25 634
音乐,0,0,0,0,08:47:25 889
+1,230.0,147.0,129.7407,158.62593,08:47:28 641
+1,248.0,151.0,119.0,170.0,08:47:30 143
任务1, 结束
任务2, 开始
+2,134.0,62.0,202.0,279.0,08:47:45 178
＊主菜单＊,0,0,0,0,08:47:45 222
-1,135.0,126.0,285.0,144.0,08:47:48 432
-1,113.0,157.0,298.0,152.0,08:47:49 566
-1,137.0,145.0,267.0,150.0,08:47:50 468
0,114.0,100.0,114.0,100.0,08:47:54 712
健康运动,0,0,0,0,08:47:54 780
+1,244.0,153.0,152.0,187.0,08:47:57 644
+1,242.0,148.0,95.677,163.999,08:47:58 374
+1,268.0,139.0,61.0,176.0,08:47:59 114
+1,248.0,138.0,89.0,155.0,08:47:59 774
+1,252.0,124.0,92.0,153.0,08:48:00 557
+1,271.0,141.0,100.0,152.0,08:48:03 277
-1,139.0,148.0,263.0,177.0,08:48:03 920
-1,137.0,182.0,247.0,191.0,08:48:04 217
-1,131.0,180.0,290.0,196.0,08:48:04 596
-1,95.0,176.0,299.0,184.0,08:48:04 986
-1,89.0,178.0,261.0,180.0,08:48:05 351
-1,120.0,146.0,276.0,156.0,08:48:06 103
+2,179.0,63.0,179.0,269.0,08:48:07 252
＊主菜单＊,0,0,0,0,08:48:07 387
0,221.0,99.0,221.0,99.0,08:48:10 149
睡眠,0,0,0,0,08:48:10 184
+1,254.0,168.0,90.06689,219.79634,08:48:15 162
+1,240.0,141.0,104.0,142.0,08:48:18 109
任务2, 结束
+2,144.0,61.0,213.0,298.5,08:48:27 456
＊主菜单＊,0,0,0,0,08:48:27 556
任务3, 开始
+1,257.0,132.0,130.0,148.0,08:48:34 280
0,119.0,225.0,119.0,225.0,08:48:35 737
短信息,0,0,0,0,08:48:35 782
+2,254.0,102.0,243.0,259.0,08:48:38 797
＊主菜单＊,0,0,0,0,08:48:38 917
0,118.0,226.0,118.0,226.0,08:48:40 987
短信息,0,0,0,0,08:48:41 025
0,247.0,74.0,247.0,74.0,08:48:43 237
0,223.0,92.0,223.0,92.0,08:48:44 640
+1,281.0,139.0,138.0,169.0,08:48:45 203
-1,143.0,172.0,267.0,177.0,08:48:46 439
+1,267.0,175.0,103.0,193.0,08:48:47 134
-1,161.0,158.0,289.0,179.0,08:48:50 705
+1,236.0,159.0,131.0,176.0,08:48:51 707
-1,188.0,179.0,297.0,194.0,08:48:53 509
+1,258.0,180.0,95.27958,180.5835,08:48:55 204
-2,174.0,259.0,219.0,26.5,08:48:56 549
-2,173.0,238.0,221.75781,40.60427,08:48:57 672
-2,167.0,220.0,142.3978,23.270565,08:48:58 615
+2,184.0,80.0,167.95758,286.99243,08:48:59 310
＊主菜单＊,0,0,0,0,08:48:59 382
+1,254.0,154.0,132.0,152.0,08:49:02 734
0,219.0,100.0,219.0,100.0,08:49:08 656
联系人,0,0,0,0,08:49:08 695
-1,182.0,133.0,302.0,159.0,08:49:11 659
+1,256.0,153.0,114.78638,149.36157,08:49:11 736
+1,243.0,142.0,81.5006,149.94649,08:49:12 562
+1,232.0,139.0,93.0,161.0,08:49:13 367
+1,240.0,145.0,95.0,144.0,08:49:14 781
-1,144.0,132.0,263.0,182.0,08:49:15 452
任务3, 结束
+2,182.0,72.0,179.0,288.37933,08:49:21 160
＊主菜单＊,0,0,0,0,08:49:21 196
任务4, 开始
+1,239.0,162.0,139.0,178.0,08:49:24 350
+1,237.0,142.0,97.0,178.0,08:49:25 248
+1,243.0,142.0,66.0,179.0,08:49:26 153
+1,255.0,151.0,89.0,171.0,08:49:27 050
+1,226.0,148.0,99.0,155.0,08:49:28 044
0,218.0,226.0,218.0,226.0,08:49:28 785
下载,0,0,0,0,08:49:28 887
任务4, 结束
任务5, 开始
+2,176.0,60.0,142.0,283.0,08:49:52 011
＊主菜单＊,0,0,0,0,08:49:52 052
-1,144.0,119.0,278.0,136.0,08:49:54 778
-1,140.0,160.0,264.0,151.0,08:49:55 984
0,222.0,228.0,222.0,228.0,08:49:58 163
笔记,0,0,0,0,08:49:58 205
+1,242.0,147.0,120.0,189.0,08:50:00 647
+1,249.0,151.0,102.0,188.0,08:50:04 406
-1,111.0,179.0,321.31216,166.5905,08:50:05 685
+1,293.0,167.0,135.72444,177.0,08:50:06 810
+1,233.0,158.0,122.0,175.0,08:50:07 514
-1,110.0,148.0,258.0,148.0,08:50:08 167
-1,119.0,147.0,265.0,149.0,08:50:10 660
+1,267.0,160.0,66.0,181.0,08:50:10 940
+1,265.0,154.0,121.0,169.0,08:50:13 652
+1,268.0,140.0,136.0,145.0,08:50:15 500
-1,105.0,154.0,296.0,179.0,08:50:16 193
-1,140.0,136.0,288.0,152.0,08:50:19 943
+1,219.0,144.0,49.0,175.0,08:50:20 674
-1,139.0,120.0,262.0,143.0,08:50:26 165
+1,229.0,142.0,62.0,155.0,08:50:26 206
+1,233.0,137.0,102.0,148.0,08:50:26 717
+1,256.0,149.0,98.0,162.0,08:50:28 068
-1,106.0,152.0,291.0,183.0,08:50:28 988
-1,110.0,146.0,293.0,160.0,08:50:29 712
-1,104.0,179.0,329.04855,171.13916,08:50:30 517
任务5, 结束
＊＊＊＊＊＊＊＊＊＊＊＊＊＊＊＊＊＊＊＊＊＊＊＊＊＊＊＊＊＊
