任务1, 开始
+1,176.0,191.0,31.0,186.0,08:30:56 892
+1,250.0,177.0,58.0,211.0,08:30:58 279
+1,240.0,179.0,64.0,184.0,08:30:59 387
+1,260.0,173.0,105.0,188.0,08:31:00 637
-1,130.0,145.0,303.0,176.0,08:31:02 099
-1,174.0,148.0,293.44928,174.21558,08:31:03 091
-1,175.0,161.0,304.0,153.0,08:31:04 195
-1,135.0,178.0,297.0,180.0,08:31:05 125
-1,138.0,159.0,302.0,179.0,08:31:05 734
-1,136.0,173.0,298.0,186.0,08:31:07 053
+1,260.0,186.0,63.0,182.0,08:31:08 564
+1,293.0,185.0,87.0,156.0,08:31:09 140
+1,254.0,154.0,92.0,162.0,08:31:10 530
+1,257.0,175.0,89.65271,190.63931,08:31:11 640
+1,256.0,138.0,49.0,151.0,08:31:13 202
+1,274.0,185.0,113.0,187.0,08:31:14 649
-1,140.0,190.0,290.16168,209.7925,08:31:15 683
-1,160.0,185.0,290.0,193.0,08:31:16 191
-1,132.0,180.0,298.0,152.0,08:31:16 582
-1,121.0,188.0,281.54202,200.12793,08:31:16 956
-1,142.0,167.0,288.0,174.0,08:31:17 380
-1,110.0,171.0,297.0,217.0,08:31:17 790
-1,112.0,198.0,281.0,227.0,08:31:18 198
+1,257.0,129.0,95.0,180.0,08:31:21 217
+1,284.0,185.0,71.0,174.0,08:31:22 360
+1,255.0,183.0,59.0,160.0,08:31:23 334
+1,247.0,177.0,94.0,191.0,08:31:25 529
+1,261.0,173.0,63.0,191.0,08:31:26 836
+1,268.0,163.0,55.0,184.0,08:31:28 790
+1,271.0,187.0,43.0,160.0,08:31:30 917
+1,225.0,153.0,49.0,159.0,08:31:31 746
-1,138.0,136.0,301.0,153.0,08:31:32 205
-1,157.0,153.0,304.0,163.0,08:31:33 508
-1,124.0,148.0,300.68515,152.81256,08:31:34 164
-1,180.0,142.0,288.0,143.0,08:31:35 199
0,107.0,229.0,107.0,229.0,08:31:35 949
视频,0,0,0,0,08:31:36 010
+1,223.0,177.0,101.0,192.0,08:31:39 062
+1,254.0,171.0,18.0,158.0,08:31:39 410
任务1, 结束
任务2, 开始
+2,180.0,120.0,142.48274,292.65485,08:31:59 587
＊主菜单＊,0,0,0,0,08:31:59 673
+1,246.0,156.0,97.0,170.0,08:32:05 057
+1,258.0,146.0,64.0,181.0,08:32:05 716
+1,286.0,155.0,40.0,171.0,08:32:06 591
+1,235.0,140.0,47.0,155.0,08:32:07 433
-1,93.0,108.0,305.0,159.0,08:32:07 913
-1,93.0,145.0,316.0,174.0,08:32:08 636
-1,104.0,151.0,308.0,184.0,08:32:09 597
-1,120.0,155.0,306.0,179.0,08:32:10 279
-1,113.0,160.0,305.0,159.0,08:32:11 969
0,220.0,113.0,220.0,113.0,08:32:12 750
微信,0,0,0,0,08:32:12 786
+1,241.0,172.0,53.5,189.0,08:32:17 689
+1,224.0,148.0,79.0,171.0,08:32:19 419
+1,223.0,148.0,42.0,176.0,08:32:20 464
+1,235.0,142.0,60.0,174.0,08:32:21 529
+1,229.0,121.0,25.0,153.0,08:32:22 824
+1,218.0,133.0,73.0,154.0,08:32:23 377
-1,118.0,134.0,306.0,153.0,08:32:23 653
-1,126.0,145.0,293.0,151.0,08:32:24 178
-1,103.0,147.0,295.0,152.0,08:32:24 888
-1,123.0,150.0,288.0,159.0,08:32:25 579
0,226.0,84.0,226.0,84.0,08:32:29 070
0,213.0,105.0,213.0,105.0,08:32:29 120
0,184.0,118.0,184.0,118.0,08:32:30 026
0,131.0,114.0,131.0,114.0,08:32:30 863
0,138.0,128.0,138.0,128.0,08:32:32 163
-1,152.0,143.0,314.38074,175.5011,08:32:33 496
+1,256.0,158.0,70.82849,185.0132,08:32:34 437
+1,224.0,144.0,48.0,173.0,08:32:36 143
+1,256.0,156.0,42.20062,175.4333,08:32:36 790
+1,241.0,140.0,39.290085,178.51813,08:32:39 768
+1,232.0,140.0,46.163532,154.06541,08:32:40 916
+1,254.0,149.0,37.0,156.0,08:32:41 835
-1,63.0,131.0,305.97455,175.5382,08:32:42 640
-1,109.0,148.0,294.0,160.0,08:32:43 006
-1,123.0,143.0,286.0,149.0,08:32:43 399
-1,140.0,144.0,307.0,167.0,08:32:43 948
-1,147.0,147.0,286.85074,155.93924,08:32:45 868
+1,232.0,149.0,77.397514,183.21687,08:32:47 906
+1,228.0,146.0,44.0,172.0,08:32:48 612
+1,237.0,151.0,45.0,185.0,08:32:49 660
+1,268.0,159.0,23.463022,177.2389,08:32:50 383
+1,226.0,143.0,26.0,176.0,08:32:51 074
+1,278.0,145.0,23.0,182.0,08:32:51 902
任务2, 结束
任务3, 开始
+2,183.0,121.0,174.0,284.96194,08:33:05 786
＊主菜单＊,0,0,0,0,08:33:05 873
+1,255.0,154.0,55.0,172.0,08:33:09 499
-1,118.0,142.0,303.0,155.0,08:33:10 653
-1,135.0,151.0,303.0,175.0,08:33:11 088
0,100.0,102.0,100.0,102.0,08:33:12 366
健康运动,0,0,0,0,08:33:12 464
+1,256.0,177.0,56.0,173.0,08:33:16 647
+1,245.0,150.0,34.26214,157.0,08:33:22 030
-1,133.0,148.0,309.0,162.0,08:33:23 674
+1,272.0,155.0,48.038696,176.06529,08:33:24 476
+1,250.0,150.0,29.0,182.0,08:33:25 065
+1,254.0,150.0,32.0,158.0,08:33:25 805
+1,260.0,168.0,32.0,169.0,08:33:26 517
+1,246.0,150.0,21.0,162.0,08:33:29 551
任务3, 结束
任务4, 开始
+2,176.0,96.0,168.75851,283.1167,08:33:42 097
＊主菜单＊,0,0,0,0,08:33:42 137
-1,141.0,159.0,307.0,176.0,08:33:45 391
+1,250.0,171.0,58.0,148.0,08:33:46 010
+1,248.0,159.0,65.0,165.0,08:33:47 182
+1,258.0,150.0,31.0,167.0,08:33:48 595
+1,245.0,148.0,35.0,146.0,08:33:49 784
+1,252.0,152.0,31.0,162.0,08:33:51 682
+1,256.0,169.0,86.0,174.0,08:33:54 705
0,216.0,101.0,216.0,101.0,08:33:56 024
自带导航,0,0,0,0,08:33:56 086
+1,247.0,137.0,23.0,172.0,08:33:58 446
+1,251.0,149.0,43.486095,190.8287,08:33:59 342
-1,135.0,134.0,294.45285,154.04382,08:34:00 711
+2,186.0,93.0,234.88013,284.5773,08:34:04 609
＊主菜单＊,0,0,0,0,08:34:04 696
0,102.0,79.0,102.0,79.0,08:34:08 576
系统设置,0,0,0,0,08:34:08 615
+1,249.0,188.0,43.0,183.0,08:34:11 126
+1,252.0,172.0,30.13783,179.51723,08:34:12 354
-2,156.0,202.0,175.222,13.261653,08:34:13 113
+2,192.0,87.0,225.22887,278.13077,08:34:16 077
＊主菜单＊,0,0,0,0,08:34:16 115
+2,171.0,100.0,202.0,281.0,08:34:16 330
+1,259.0,153.0,61.0,158.0,08:34:18 256
0,218.0,108.0,218.0,108.0,08:34:19 662
自带导航,0,0,0,0,08:34:19 706
+2,206.0,61.0,205.98361,279.9836,08:34:22 642
＊主菜单＊,0,0,0,0,08:34:22 710
+1,254.0,141.0,98.0,178.0,08:34:25 063
-1,149.0,142.0,302.0,165.0,08:34:26 151
0,222.0,241.0,222.0,241.0,08:34:27 347
0,222.0,188.0,222.0,188.0,08:34:28 244
指南针,0,0,0,0,08:34:28 288
0,240.0,197.0,240.0,197.0,08:34:29 127
+2,192.0,84.0,193.5,290.0,08:34:30 857
＊主菜单＊,0,0,0,0,08:34:30 947
-1,121.0,176.0,306.57565,172.50739,08:34:33 070
-1,119.0,184.0,299.0,147.0,08:34:33 741
-1,142.0,171.0,283.0,189.0,08:34:34 450
-1,139.0,151.0,312.0,177.0,08:34:36 551
-1,143.0,145.0,308.0,163.0,08:34:37 940
-1,144.0,186.0,296.0,184.0,08:34:39 038
-1,129.0,162.0,305.0,177.0,08:34:40 017
-1,151.0,150.0,300.0,177.0,08:34:42 078
+1,264.0,144.0,26.0,181.0,08:34:42 861
+1,264.0,149.0,22.0,160.0,08:34:43 413
+1,280.0,147.0,58.0,146.0,08:34:44 188
+1,278.0,144.0,46.0,105.0,08:34:44 947
+1,257.0,134.0,40.0,155.0,08:34:45 944
+1,260.0,153.0,28.0,175.0,08:34:46 770
+1,259.0,154.0,32.0,173.0,08:34:47 941
0,220.0,117.0,220.0,117.0,08:34:49 538
自带导航,0,0,0,0,08:34:49 629
+2,178.0,86.0,215.89662,286.89664,08:34:56 632
＊主菜单＊,0,0,0,0,08:34:56 680
0,120.0,101.0,120.0,101.0,08:34:58 756
系统设置,0,0,0,0,08:34:58 785
+2,186.0,112.0,209.0,275.0,08:35:01 082
＊主菜单＊,0,0,0,0,08:35:01 136
+1,267.0,179.0,46.0,193.0,08:35:02 128
0,101.0,113.0,101.0,113.0,08:35:03 078
系统设置,0,0,0,0,08:35:03 120
+1,244.0,147.0,63.0,174.0,08:35:05 080
任务4, 结束
任务5, 开始
+2,108.0,76.0,122.673355,267.60745,08:35:16 540
＊主菜单＊,0,0,0,0,08:35:16 585
-1,137.0,194.0,296.0,187.0,08:35:19 168
-1,132.0,182.0,275.0,161.0,08:35:20 042
-1,139.0,193.0,256.0,193.0,08:35:20 923
-1,104.0,206.0,301.0,187.0,08:35:22 162
-1,137.0,177.0,284.0,191.0,08:35:23 315
-1,142.0,187.0,312.81467,180.51544,08:35:24 645
-1,126.0,203.0,276.0,192.0,08:35:25 828
-1,117.0,177.0,305.0,175.0,08:35:26 763
-1,130.0,165.0,281.0,186.0,08:35:28 428
+1,280.0,183.0,112.0,191.0,08:35:29 477
-1,133.0,166.0,300.0,189.0,08:35:30 438
+1,290.0,176.0,54.0,181.0,08:35:31 883
+1,292.0,174.0,57.0,187.0,08:35:32 376
+1,266.0,150.0,51.0,155.0,08:35:33 396
+1,270.0,156.0,59.0,173.0,08:35:34 016
+1,264.0,151.0,44.0,170.0,08:35:34 779
+1,246.0,146.0,33.0,182.0,08:35:35 914
0,129.0,108.0,129.0,108.0,08:35:36 896
系统设置,0,0,0,0,08:35:36 956
任务5, 结束
＊＊＊＊＊＊＊＊＊＊＊＊＊＊＊＊＊＊＊＊＊＊＊＊＊＊＊＊＊＊
