+2,110.0,60.0,123.89382,293.53436,08:39:46 847
＊主菜单＊,0,0,0,0,08:39:46 938
任务1, 开始
-1,135.0,191.0,294.0,190.0,08:40:25 811
-1,111.0,186.0,308.0,187.0,08:40:27 017
-1,136.0,183.0,295.0,177.0,08:40:28 899
-1,141.0,184.0,293.0,176.0,08:40:30 045
-1,125.0,166.0,322.09695,187.55943,08:40:31 121
-1,149.0,173.0,296.0,179.0,08:40:32 454
-1,131.0,144.0,302.0,158.0,08:40:35 197
+1,260.0,177.0,76.0,179.0,08:40:35 600
+1,286.0,177.0,50.0,166.0,08:40:38 260
+1,256.0,169.0,49.0,182.0,08:40:39 408
+1,255.0,153.0,41.0,172.0,08:40:40 833
+1,258.0,183.0,42.0,164.0,08:40:43 753
+1,257.0,172.0,43.0,181.0,08:40:45 798
0,185.0,227.0,185.0,227.0,08:40:48 447
下载,0,0,0,0,08:40:48 524
任务1, 结束
任务2, 开始
+2,191.0,124.0,188.0,325.0,08:41:06 762
＊主菜单＊,0,0,0,0,08:41:06 852
-1,145.0,170.0,327.5277,171.37924,08:41:11 216
-1,138.0,175.0,267.5407,183.35587,08:41:12 032
-1,137.0,191.0,260.0,204.0,08:41:14 701
+1,238.0,160.0,28.0,179.0,08:41:17 730
0,122.0,142.0,122.0,142.0,08:41:18 208
0,114.0,124.0,114.0,124.0,08:41:19 733
浏览器,0,0,0,0,08:41:19 815
任务2, 结束
+2,213.0,72.0,194.0,282.13235,08:41:26 997
＊主菜单＊,0,0,0,0,08:41:27 123
任务3, 开始
+1,266.0,178.0,147.4944,179.80482,08:41:39 701
-1,102.0,155.0,302.0,173.0,08:41:41 419
-1,143.0,181.0,307.0,174.0,08:41:41 577
-1,137.0,181.0,302.0,183.0,08:41:41 873
-1,151.0,171.0,307.0,167.0,08:41:42 320
-1,126.0,156.0,314.0,169.0,08:41:42 653
-1,113.0,183.0,307.0,186.0,08:41:43 208
-1,76.0,181.0,298.0,187.0,08:41:43 576
+1,257.0,163.0,72.0,171.0,08:41:46 165
0,231.0,219.0,231.0,219.0,08:41:47 586
邮箱,0,0,0,0,08:41:47 623
+1,213.0,148.0,19.0,177.0,08:42:01 130
+1,255.0,170.0,31.60274,179.49315,08:42:01 465
-1,67.0,225.0,229.72388,221.42036,08:42:03 384
+1,248.0,136.0,21.154451,182.45366,08:42:11 114
+1,257.0,172.0,26.0,193.0,08:42:11 677
+1,254.0,146.0,36.83695,204.6739,08:42:12 417
+1,271.0,153.0,60.0,192.0,08:42:13 936
+1,260.0,162.0,31.0,219.0,08:42:15 435
+1,273.0,158.0,69.0,180.0,08:42:17 198
-1,110.0,154.0,310.0,176.0,08:42:20 951
-1,122.0,142.0,208.66023,167.67711,08:42:21 581
-1,184.0,175.0,305.0,180.0,08:42:22 801
-1,141.0,164.0,300.0,154.0,08:42:26 739
-1,97.0,156.0,304.0,160.0,08:42:27 772
-1,130.0,157.0,321.0468,179.53186,08:42:28 528
+1,270.0,149.0,34.758434,174.51723,08:42:33 924
+1,200.0,190.0,61.0,203.0,08:42:34 404
+1,188.0,172.0,22.0,192.0,08:42:34 894
任务3, 结束
任务4, 开始
-1,176.0,141.0,211.0,264.0,08:42:45 940
+2,161.0,105.0,182.0,262.0,08:42:47 253
＊主菜单＊,0,0,0,0,08:42:47 402
-1,85.0,185.0,170.0,189.0,08:42:50 659
-1,98.0,196.0,251.0,199.0,08:42:52 282
+1,270.0,170.0,54.0,214.0,08:42:52 868
+1,250.0,169.0,38.0,194.0,08:42:54 092
+1,258.0,156.0,64.0,205.0,08:42:55 459
0,108.0,238.0,108.0,238.0,08:42:56 554
视频,0,0,0,0,08:42:56 591
+1,266.0,158.0,30.0,193.0,08:42:59 102
+1,257.0,152.0,58.0,155.0,08:43:00 713
-1,106.0,168.0,189.86125,173.30768,08:43:02 084
任务4, 结束
+2,148.0,118.0,188.0919,324.1064,08:43:10 769
＊主菜单＊,0,0,0,0,08:43:10 857
任务5, 开始
+1,271.0,147.0,56.0,173.0,08:43:15 386
+1,265.0,158.0,58.0,152.0,08:43:16 717
-1,104.0,173.0,307.0,165.0,08:43:17 433
-1,145.0,164.0,298.0,190.0,08:43:18 013
-1,125.0,164.0,251.0,152.0,08:43:18 657
-1,124.0,168.0,323.63577,184.34448,08:43:19 966
-1,137.0,183.0,289.0,193.0,08:43:21 250
0,149.0,227.0,149.0,227.0,08:43:22 968
0,108.0,225.0,108.0,225.0,08:43:25 600
运动秒表,0,0,0,0,08:43:25 643
+2,171.0,118.0,222.66853,298.8489,08:43:27 294
＊主菜单＊,0,0,0,0,08:43:27 403
0,98.0,130.0,98.0,130.0,08:43:29 437
健康运动,0,0,0,0,08:43:29 600
-1,83.0,174.0,296.0,176.0,08:43:38 991
+1,255.0,152.0,32.83499,176.00052,08:43:39 789
+1,254.0,188.0,78.0,177.0,08:43:42 667
0,142.0,213.0,142.0,213.0,08:44:14 655
