任务1, 开始
+1,276.0,167.0,125.0,189.0,09:44:18 047
+1,238.0,181.0,135.0,200.0,09:44:19 389
+1,263.0,183.0,105.0,219.0,09:44:20 839
0,107.0,222.0,107.0,222.0,09:44:22 651
视频,0,0,0,0,09:44:22 698
+1,243.0,183.0,115.21837,228.37717,09:44:25 339
任务1, 结束
任务2, 开始
+2,169.0,95.0,182.96379,293.35962,09:44:40 078
＊主菜单＊,0,0,0,0,09:44:40 124
0,193.0,101.0,193.0,101.0,09:44:40 658
音乐,0,0,0,0,09:44:40 726
-1,101.0,165.0,297.0,161.0,09:44:41 937
+2,152.0,100.0,178.5,265.0,09:44:43 359
＊主菜单＊,0,0,0,0,09:44:43 446
-1,69.0,192.0,257.0,194.0,09:44:46 500
-1,87.0,199.0,267.0,180.0,09:44:46 660
0,219.0,108.0,219.0,108.0,09:44:47 363
微信,0,0,0,0,09:44:47 464
+1,250.0,190.0,103.0,238.0,09:44:52 867
+1,239.0,198.0,109.74882,257.1952,09:44:53 580
+1,242.0,213.0,93.34048,251.87984,09:44:55 047
-1,83.0,212.0,286.76456,187.57303,09:44:55 977
-1,128.0,212.0,247.33247,195.07402,09:44:56 216
-1,120.0,224.0,267.351,202.7363,09:44:56 781
+1,230.0,199.0,120.5,232.5,09:45:01 863
+1,174.0,211.0,131.59904,226.87816,09:45:02 935
+1,252.0,197.0,119.84043,240.10205,09:45:04 947
+1,242.0,194.0,77.26076,254.79065,09:45:06 291
+1,251.0,198.0,66.59783,263.0,09:45:08 866
-1,113.0,185.0,313.57535,168.03625,09:45:09 201
-1,106.0,195.0,293.0,184.0,09:45:09 811
-1,115.0,207.0,313.89685,176.25644,09:45:10 333
-1,112.0,200.0,304.0,169.0,09:45:11 943
-1,119.0,192.0,243.0,181.0,09:45:14 368
-1,33.0,216.0,247.0,190.0,09:45:14 959
0,185.0,217.0,185.0,217.0,09:45:15 491
+2,214.0,107.0,186.0,266.0,09:45:16 134
＊主菜单＊,0,0,0,0,09:45:16 184
+1,274.0,172.0,93.0,240.0,09:45:19 354
-1,95.0,214.0,270.0,218.0,09:45:19 908
任务2, 结束
任务3, 开始
-1,154.0,164.0,298.0,173.0,09:45:30 405
+1,279.0,167.0,141.0,191.0,09:45:32 222
+1,274.0,160.0,157.0,185.0,09:45:33 024
+1,254.0,178.0,106.0,196.0,09:45:34 378
+1,274.0,179.0,128.86624,188.01672,09:45:35 831
+1,271.0,173.0,77.0,204.0,09:45:37 113
+1,247.0,196.0,49.0,236.0,09:45:37 991
+1,251.0,182.0,66.0,233.0,09:45:39 741
+1,260.0,178.0,87.0,232.0,09:45:42 978
0,219.0,118.0,219.0,118.0,09:45:43 875
自带导航,0,0,0,0,09:45:43 914
+1,263.0,182.0,69.02193,238.3345,09:45:47 047
-1,60.0,203.0,308.52664,158.5381,09:45:47 971
0,150.0,180.0,150.0,180.0,09:45:48 363
+2,163.0,102.0,161.33122,264.39084,09:45:49 019
＊主菜单＊,0,0,0,0,09:45:49 107
0,95.0,121.0,95.0,121.0,09:45:52 833
系统设置,0,0,0,0,09:45:52 869
+1,203.0,237.0,52.50778,189.5521,09:45:56 165
+1,257.0,158.0,85.0,213.0,09:45:56 574
+1,214.0,193.0,54.809982,235.0229,09:45:57 073
+1,297.0,175.0,63.724,212.569,09:45:57 643
-1,127.0,186.0,274.0,181.0,09:45:58 311
+2,121.0,106.0,142.0,265.0,09:45:58 924
＊主菜单＊,0,0,0,0,09:45:58 987
+1,256.0,173.0,64.0,223.0,09:46:02 018
+1,217.0,186.0,48.0,227.0,09:46:02 177
-1,139.0,196.0,302.0,173.0,09:46:02 481
-1,127.0,192.0,305.0,173.0,09:46:05 429
-1,108.0,190.0,275.0,144.0,09:46:07 986
-1,136.0,185.0,303.0,173.0,09:46:09 381
-1,116.0,203.0,327.67953,150.77348,09:46:10 564
-1,112.0,216.0,310.66464,168.60365,09:46:11 345
-1,145.0,187.0,283.2437,160.56155,09:46:12 028
任务3, 结束
任务4, 开始
+1,282.0,155.0,138.0,192.0,09:46:22 726
+1,283.0,159.0,134.29953,180.49002,09:46:24 085
+1,281.0,168.0,138.0,199.0,09:46:25 469
+1,289.0,153.0,139.0,192.0,09:46:28 451
+1,242.0,179.0,109.0,220.0,09:46:29 616
+1,275.0,166.0,113.0,211.0,09:46:30 918
0,100.0,108.0,100.0,108.0,09:46:31 662
系统设置,0,0,0,0,09:46:31 709
任务4, 结束
任务5, 开始
+2,142.0,102.0,158.40446,299.99002,09:46:41 815
＊主菜单＊,0,0,0,0,09:46:41 888
-1,92.0,192.0,292.14297,186.81319,09:46:44 543
-1,97.0,200.0,293.0,183.0,09:46:45 094
-1,96.0,190.0,295.0,158.0,09:46:45 330
-1,59.0,220.0,230.0,182.0,09:46:45 551
-1,142.0,195.0,331.42166,154.23427,09:46:45 746
-1,97.0,196.0,283.0,171.0,09:46:46 517
0,107.0,115.0,107.0,115.0,09:46:47 492
健康运动,0,0,0,0,09:46:47 532
+1,166.0,210.0,72.0,235.0,09:46:52 119
任务5, 结束
＊＊＊＊＊＊＊＊＊＊＊＊＊＊＊＊＊＊＊＊＊＊＊＊＊＊＊＊＊＊
