+2,188.0,26.0,119.68666,284.57446,14:09:01 565
＊主菜单＊,0,0,0,0,14:09:01 602
0,83.0,51.0,83.0,51.0,14:09:03 948
任务1, 开始
+2,219.0,35.0,167.61447,291.8622,14:09:10 332
+2,195.0,29.0,130.0,282.0,14:09:12 580
+2,202.0,29.0,138.52571,283.73904,14:09:13 088
-1,68.0,231.0,288.0,180.0,14:09:14 112
-1,53.0,212.0,260.0,149.0,14:09:14 843
-1,51.0,226.0,292.0,160.0,14:09:16 588
-1,44.0,207.0,260.0,146.0,14:09:18 093
-1,47.0,208.0,282.0,157.0,14:09:20 168
-1,48.0,229.0,299.0,153.0,14:09:22 324
0,185.0,120.0,185.0,120.0,14:09:22 508
睡眠,0,0,0,0,14:09:22 572
+1,302.0,163.0,66.0,222.0,14:09:25 567
任务1, 结束
任务2, 开始
+2,180.0,29.0,109.975044,284.5153,14:09:34 531
＊主菜单＊,0,0,0,0,14:09:35 036
+1,245.0,181.0,49.0,235.5,14:09:37 114
+1,265.0,182.0,90.0,223.0,14:09:37 657
+1,305.0,181.0,69.5,235.5,14:09:38 919
+1,301.0,180.0,68.0,227.0,14:09:41 007
+1,302.0,182.0,60.0,221.0,14:09:41 407
+1,280.0,183.0,67.0,227.0,14:09:43 101
-1,62.0,239.0,291.0,168.0,14:09:45 646
-1,48.0,222.0,263.0,163.0,14:09:47 642
-1,55.0,227.0,294.0,166.0,14:09:48 259
0,215.0,115.0,215.0,115.0,14:09:50 013
音乐,0,0,0,0,14:09:50 051
+1,294.0,186.0,42.0,231.5,14:09:52 460
+1,296.0,184.0,97.0,228.0,14:09:53 977
任务2, 结束
任务3, 开始
+2,217.0,40.0,194.0,300.33707,14:10:05 541
＊主菜单＊,0,0,0,0,14:10:05 579
+1,300.0,177.0,66.0,211.0,14:10:07 921
0,307.0,169.0,307.0,169.0,14:10:10 274
0,224.0,223.0,224.0,223.0,14:10:10 471
笔记,0,0,0,0,14:10:10 607
+1,284.0,178.0,29.873978,226.10101,14:10:13 487
+1,298.0,181.0,121.48258,229.24733,14:10:18 298
+1,297.0,173.0,89.0,230.0,14:10:21 489
0,57.0,240.0,57.0,240.0,14:10:23 594
-1,51.0,216.0,290.22775,142.57722,14:10:24 286
-1,61.0,239.0,306.3322,149.85423,14:10:26 491
+2,177.0,30.0,109.0,283.0,14:10:28 008
＊主菜单＊,0,0,0,0,14:10:28 046
任务3, 结束
任务4, 开始
+2,222.0,45.0,116.44795,291.20712,14:10:36 606
+1,301.0,183.0,40.5,240.5,14:10:38 109
+1,301.0,174.0,56.0,240.0,14:10:38 797
0,217.0,223.0,217.0,223.0,14:10:39 496
下载,0,0,0,0,14:10:39 582
任务4, 结束
任务5, 开始
+2,226.0,55.0,123.28962,296.79404,14:10:54 518
＊主菜单＊,0,0,0,0,14:10:54 554
-1,43.0,229.0,297.0,141.0,14:10:57 526
-1,52.0,227.0,303.0,141.0,14:10:58 068
-1,47.0,224.0,303.0,159.0,14:10:58 551
-1,42.0,227.0,306.0,164.0,14:10:59 515
-1,63.0,231.0,310.0,157.0,14:11:00 579
0,111.0,221.0,111.0,221.0,14:11:01 488
短信息,0,0,0,0,14:11:01 533
+1,299.0,175.0,45.691116,225.70119,14:11:05 010
任务5, 结束
＊＊＊＊＊＊＊＊＊＊＊＊＊＊＊＊＊＊＊＊＊＊＊＊＊＊＊＊＊＊
