+2,141.0,86.0,130.01422,272.25986,13:56:52 837
＊主菜单＊,0,0,0,0,13:56:52 851
任务1, 开始
+1,298.0,167.0,97.0,163.0,13:57:10 052
+1,298.0,161.0,56.0,144.0,13:57:12 099
+1,293.0,182.0,36.870255,186.3731,13:57:12 603
-1,45.0,171.0,298.0,193.0,13:57:14 087
-1,29.0,188.0,292.0,162.0,13:57:14 517
-1,20.0,171.0,302.0,151.0,13:57:16 031
-1,27.0,179.0,285.0,186.0,13:57:18 068
+1,257.0,175.0,7.874564,147.71704,13:57:18 541
0,97.0,221.0,97.0,221.0,13:57:19 042
视频,0,0,0,0,13:57:19 144
+1,276.0,185.0,23.49878,179.828,13:57:21 751
任务1, 结束
任务2, 开始
+2,151.0,26.0,132.54094,301.45407,13:57:38 444
＊主菜单＊,0,0,0,0,13:57:38 492
+1,296.0,168.0,175.05447,176.91829,13:57:42 112
+1,288.0,187.0,56.54026,185.0,13:57:44 240
+1,286.0,179.0,36.0,156.0,13:57:46 004
+1,60.0,153.0,17.0,156.0,13:57:46 934
-1,80.0,198.0,233.0,194.0,13:57:48 499
-1,36.0,149.0,290.0,178.0,13:57:48 898
-1,23.0,168.0,220.0,185.0,13:57:49 367
-1,24.0,163.0,304.0,173.0,13:57:50 238
-1,26.0,154.0,221.0,148.0,13:57:51 235
-1,23.0,166.0,220.0,146.0,13:57:52 996
0,95.0,103.0,95.0,103.0,13:57:53 813
健康运动,0,0,0,0,13:57:53 872
0,91.0,136.0,91.0,136.0,13:57:55 953
-2,223.0,241.0,219.5181,33.807724,13:57:57 753
+1,280.0,199.0,32.948875,207.56052,13:57:58 292
+1,294.0,187.0,3.5,180.5,13:57:59 975
+1,242.0,156.0,23.0,168.0,13:58:00 835
+1,280.0,177.0,50.0,196.0,13:58:04 450
+1,280.0,148.0,26.51577,124.52226,13:58:04 629
任务2, 结束
任务3, 开始
+2,140.0,92.0,175.9673,251.86917,13:58:15 963
＊主菜单＊,0,0,0,0,13:58:16 006
+1,290.0,173.0,56.0,151.0,13:58:18 497
+1,300.0,173.0,18.0,171.0,13:58:19 195
+1,225.0,156.0,23.0,180.0,13:58:19 908
+1,292.0,157.0,52.295082,156.45007,13:58:20 719
+1,293.0,178.0,66.0,149.0,13:58:21 589
+1,292.0,160.0,42.0,155.0,13:58:23 085
+1,294.0,150.0,7.0,148.0,13:58:23 575
+1,272.0,176.0,45.0,172.0,13:58:24 504
-1,64.0,166.0,296.0,181.0,13:58:24 985
-1,26.0,178.0,310.6221,147.07253,13:58:26 500
-1,13.0,175.0,304.0,192.0,13:58:27 330
-1,29.0,177.0,294.0,163.0,13:58:27 730
-1,91.0,184.0,301.0,166.0,13:58:28 803
-1,29.0,154.0,303.0,152.0,13:58:29 926
-1,46.0,182.0,246.0,182.0,13:58:35 537
+1,282.0,148.0,40.5627,186.59195,13:58:36 047
+1,282.0,178.0,47.0,176.0,13:58:36 805
+1,298.0,164.0,37.0,177.0,13:58:37 180
-1,27.0,171.0,221.0,183.0,13:58:37 692
-1,22.0,191.0,249.0,183.0,13:58:38 474
-1,56.0,184.0,301.0,166.0,13:58:39 141
+1,293.0,164.0,63.0,159.0,13:58:41 082
+1,273.0,178.0,53.0,180.0,13:58:41 344
+1,288.0,166.0,34.0,154.0,13:58:42 008
+1,297.0,177.0,58.0,141.0,13:58:42 879
+1,284.0,167.0,51.0,188.0,13:58:43 790
+1,295.0,173.0,17.0,163.0,13:58:45 553
0,70.0,117.0,70.0,117.0,13:58:45 979
0,111.0,118.0,111.0,118.0,13:58:48 022
系统设置,0,0,0,0,13:58:48 086
任务3, 结束
任务4, 开始
+2,166.0,28.0,140.6835,299.62057,13:59:01 948
＊主菜单＊,0,0,0,0,13:59:01 987
-1,69.0,179.0,306.0,180.0,13:59:04 088
-1,52.0,181.0,274.0,172.0,13:59:04 859
-1,48.0,169.0,265.0,168.0,13:59:05 757
-1,22.0,192.0,229.0,182.0,13:59:06 658
-1,27.0,191.0,283.0,180.0,13:59:08 527
0,222.0,99.0,222.0,99.0,13:59:09 011
微信,0,0,0,0,13:59:09 047
0,230.0,97.0,230.0,97.0,13:59:13 953
-2,216.0,261.0,217.0,77.0,13:59:15 947
+1,258.0,151.0,54.493217,110.53937,13:59:16 450
+1,301.0,163.0,38.0,164.5,13:59:18 511
+1,254.0,176.0,40.331387,176.17064,13:59:20 450
+1,268.0,181.0,41.031273,174.0,13:59:22 429
-1,41.0,184.0,277.24893,188.0,13:59:23 962
任务4, 结束
任务5, 开始
+2,186.0,30.0,131.26825,280.78174,13:59:35 941
＊主菜单＊,0,0,0,0,13:59:35 984
-1,28.0,173.0,258.0,142.0,13:59:38 536
+1,293.0,181.0,36.0,154.0,13:59:39 218
+1,287.0,181.0,57.0,170.0,13:59:39 833
+1,307.0,168.0,2.8970356,153.08925,13:59:41 527
+1,288.0,186.0,27.0,186.0,13:59:42 054
+1,290.0,185.0,35.0,145.0,13:59:43 002
+1,307.0,171.0,64.0,141.0,13:59:43 825
0,216.0,100.0,216.0,100.0,13:59:44 956
自带导航,0,0,0,0,13:59:45 465
+2,225.0,55.0,178.0,291.0223,13:59:51 446
＊主菜单＊,0,0,0,0,13:59:51 485
-1,40.0,149.0,299.0,174.0,13:59:53 970
-1,43.0,176.0,307.18344,154.82314,13:59:55 504
-1,20.0,176.0,275.0,153.0,13:59:56 035
-1,46.0,179.0,288.0,150.0,13:59:56 877
-1,48.0,192.0,299.0,183.0,13:59:58 603
-1,47.0,183.0,259.0,193.0,13:59:59 218
+1,293.0,157.0,19.0,172.0,14:00:01 551
+1,294.0,176.0,50.0,156.0,14:00:01 691
+1,296.0,171.0,53.0,170.0,14:00:02 447
+1,213.0,156.0,20.0,176.0,14:00:03 261
+1,273.0,147.0,52.0,194.0,14:00:04 192
+1,269.0,147.0,56.0,201.0,14:00:05 129
+1,281.0,158.0,40.0,184.0,14:00:06 983
0,218.0,107.0,218.0,107.0,14:00:13 731
自带导航,0,0,0,0,14:00:13 777
-2,190.0,259.0,215.0,22.5,14:00:17 463
+1,302.0,165.0,54.905956,170.4326,14:00:19 471
-1,68.0,230.0,307.98935,183.6325,14:00:19 509
-2,153.0,225.0,231.95815,58.58115,14:00:19 699
+2,221.0,48.0,176.6177,285.0028,14:00:20 466
＊主菜单＊,0,0,0,0,14:00:21 460
-1,70.0,182.0,311.30734,155.85194,14:00:23 957
-1,79.0,204.0,317.82806,165.55168,14:00:26 020
+1,269.0,170.0,51.0,185.0,14:00:26 143
0,218.0,225.0,218.0,225.0,14:00:26 556
0,220.0,221.0,220.0,221.0,14:00:28 465
指南针,0,0,0,0,14:00:28 503
+2,222.0,44.0,133.72397,285.7588,14:00:32 457
＊主菜单＊,0,0,0,0,14:00:32 502
-1,74.0,159.0,303.0,162.0,14:00:34 372
-1,72.0,218.0,305.0,185.0,14:00:35 177
-1,71.0,213.0,305.0,165.0,14:00:36 003
-1,83.0,208.0,297.0,148.0,14:00:38 092
-1,80.0,174.0,279.0,145.0,14:00:38 499
-1,70.0,208.0,307.0,150.0,14:00:40 049
0,83.0,104.0,83.0,104.0,14:00:43 001
健康运动,0,0,0,0,14:00:43 040
+1,280.0,175.0,59.804153,189.62611,14:00:45 350
+1,305.0,166.0,66.0,178.0,14:00:46 149
0,104.0,175.0,104.0,175.0,14:00:46 762
+1,278.0,154.0,6.6559906,155.97849,14:00:47 406
+1,296.0,163.0,49.0,178.0,14:00:48 035
+1,296.0,176.0,17.0,171.0,14:00:48 765
+2,210.0,28.0,147.61427,292.0266,14:00:54 976
＊主菜单＊,0,0,0,0,14:00:55 008
任务5, 结束
＊＊＊＊＊＊＊＊＊＊＊＊＊＊＊＊＊＊＊＊＊＊＊＊＊＊＊＊＊＊
+2,198.0,33.0,187.32043,298.34705,14:01:12 067
+2,180.0,32.0,196.45094,287.09116,14:01:12 260
+2,199.0,26.0,174.15436,287.4238,14:01:14 585
