任务1, 开始
+1,250.0,140.0,105.0,156.0,14:04:17 071
+1,201.0,161.0,41.700787,168.06178,14:04:22 280
-1,35.0,165.0,294.0,190.0,14:04:23 117
-1,25.0,149.0,299.0,175.0,14:04:23 824
+1,280.0,189.0,90.0,199.0,14:04:25 574
+1,294.0,209.0,18.0,182.0,14:04:26 110
+1,294.0,184.0,16.0,152.0,14:04:27 135
0,86.0,192.0,86.0,192.0,14:04:29 006
视频,0,0,0,0,14:04:29 049
+1,294.0,178.0,22.0,180.0,14:04:31 033
任务1, 结束
任务2, 开始
-1,54.0,203.0,243.0,224.0,14:04:42 504
+2,182.0,26.0,170.51572,281.62622,14:04:43 987
＊主菜单＊,0,0,0,0,14:04:44 025
-1,50.0,161.0,273.0,158.0,14:04:46 499
-1,44.0,180.0,227.0,199.0,14:04:48 077
-1,35.0,180.0,257.0,206.0,14:04:48 336
0,75.0,105.0,75.0,105.0,14:04:50 003
0,100.0,98.0,100.0,98.0,14:04:50 567
健康运动,0,0,0,0,14:04:50 650
+1,307.0,168.0,20.536646,167.4208,14:04:56 487
-1,89.0,155.0,290.85278,185.71037,14:04:59 038
+1,295.0,181.0,18.0,180.0,14:04:59 740
+1,281.0,190.0,21.0,181.0,14:05:00 391
任务2, 结束
任务3, 开始
+2,197.0,44.0,125.739494,277.78217,14:05:14 466
＊主菜单＊,0,0,0,0,14:05:14 511
+1,267.0,155.0,49.6206,223.86217,14:05:16 613
+1,303.0,162.0,40.0,216.0,14:05:17 413
+1,295.0,183.0,29.0,228.0,14:05:18 063
+1,296.0,190.0,35.996124,182.18762,14:05:20 530
0,140.0,237.0,140.0,237.0,14:05:21 295
视频,0,0,0,0,14:05:21 460
+1,181.0,170.0,34.301826,207.50354,14:05:23 977
-1,62.0,223.0,308.54886,164.40883,14:05:24 599
+1,304.0,160.0,42.0,186.0,14:05:25 248
+1,241.0,180.0,54.0,243.0,14:05:26 495
+2,179.0,40.0,103.97341,280.88208,14:05:27 504
＊主菜单＊,0,0,0,0,14:05:27 542
+1,291.0,165.0,50.543385,189.71753,14:05:30 248
-1,47.0,195.0,321.69806,151.92618,14:05:32 657
+1,292.0,187.0,50.0,181.0,14:05:33 292
+1,294.0,185.0,28.0,183.0,14:05:33 912
-1,48.0,181.0,304.0,149.0,14:05:35 533
0,99.0,79.0,99.0,79.0,14:05:39 508
浏览器,0,0,0,0,14:05:39 548
0,100.0,91.0,100.0,91.0,14:05:39 865
任务3, 结束
任务4, 开始
+2,207.0,37.0,141.39885,290.0101,14:05:52 745
＊主菜单＊,0,0,0,0,14:05:52 791
+1,294.0,187.0,62.0,181.0,14:05:55 344
-1,56.0,202.0,283.0,154.0,14:05:56 249
-1,50.0,202.0,289.0,143.0,14:05:56 737
+1,295.0,181.0,26.0,194.0,14:05:58 538
+1,257.0,169.0,27.0,190.0,14:05:59 041
+1,292.0,185.0,105.0,209.0,14:05:59 410
+1,301.0,171.0,102.0,215.0,14:06:01 360
-1,40.0,204.0,287.0,138.0,14:06:03 175
+1,283.0,179.0,32.0,213.0,14:06:03 279
+1,295.0,172.0,42.0,216.0,14:06:05 148
-1,64.0,212.0,304.0,176.0,14:06:05 250
-1,62.0,202.0,305.0,176.0,14:06:05 614
-1,60.0,211.0,275.0,182.0,14:06:07 528
-1,81.0,197.0,255.0,167.0,14:06:08 041
-1,55.0,183.0,275.0,153.0,14:06:10 134
-1,40.0,187.0,303.0,166.0,14:06:10 588
0,203.0,225.0,203.0,225.0,14:06:12 622
邮箱,0,0,0,0,14:06:12 675
+1,305.0,177.0,67.17489,234.08632,14:06:20 256
-1,65.0,235.0,281.0,151.0,14:06:21 477
+1,228.0,179.0,43.62024,257.9659,14:06:22 486
+1,298.0,175.0,51.0,219.0,14:06:22 709
-1,82.0,221.0,303.0,168.0,14:06:24 511
-1,46.0,191.0,283.0,129.0,14:06:24 561
+1,286.0,181.0,75.0,214.0,14:06:34 500
+1,306.0,181.0,86.0,224.0,14:06:34 819
+1,300.0,181.0,50.0,193.0,14:06:36 492
+1,294.0,171.0,46.0,181.0,14:06:37 234
+1,303.0,182.0,76.0,195.0,14:06:38 033
+1,294.0,189.0,28.0,208.0,14:06:38 994
任务4, 结束
+2,165.0,40.0,61.20675,291.31085,14:06:49 010
＊主菜单＊,0,0,0,0,14:06:49 052
-1,92.0,198.0,316.0,162.0,14:06:51 660
-1,34.0,186.0,307.0,181.0,14:06:53 587
+1,298.0,182.0,26.291025,223.18832,14:06:54 235
+1,295.0,211.0,28.0,191.0,14:06:55 078
+1,297.0,184.0,59.0,206.0,14:06:56 582
任务5, 开始
+1,294.0,204.0,53.0,230.0,14:07:00 179
+1,295.0,193.0,32.0,213.0,14:07:02 164
+1,305.0,168.0,22.0,189.0,14:07:04 061
+1,304.0,185.0,67.0,220.0,14:07:06 087
0,194.0,213.0,194.0,213.0,14:07:06 126
下载,0,0,0,0,14:07:06 170
任务5, 结束
＊＊＊＊＊＊＊＊＊＊＊＊＊＊＊＊＊＊＊＊＊＊＊＊＊＊＊＊＊＊
