任务1, 开始
+1,222.0,143.0,27.484962,190.505,10:20:24 024
+1,263.0,179.0,38.5,225.0,10:20:25 447
0,95.0,120.0,95.0,120.0,10:20:26 259
股票,0,0,0,0,10:20:26 363
+1,189.0,143.0,11.034103,196.77954,10:20:31 332
+1,269.0,149.0,25.674934,186.81091,10:20:31 615
+1,258.0,157.0,59.0,211.0,10:20:32 702
+1,246.0,155.0,47.543533,222.49182,10:20:33 416
+1,265.0,153.0,12.535731,206.66582,10:20:38 835
-1,45.0,217.0,296.0,164.0,10:20:39 168
-1,70.0,196.0,299.96143,159.36542,10:20:39 865
-1,67.0,193.0,321.31317,153.64719,10:20:40 750
+1,257.0,161.0,29.0,222.0,10:20:41 363
+1,241.0,155.0,15.0,211.0,10:20:41 920
-1,97.0,197.0,313.24374,146.83144,10:20:45 073
-1,103.0,185.0,317.08667,153.6453,10:20:45 738
-1,96.0,181.0,307.02713,148.96423,10:20:49 092
+1,231.0,175.0,15.0,217.0,10:20:51 427
+1,238.0,157.0,51.0,216.0,10:20:51 919
+1,216.0,151.0,27.543983,195.8677,10:20:52 484
任务1, 结束
任务2, 开始
+2,154.0,28.0,192.34753,205.60762,10:21:11 898
＊主菜单＊,0,0,0,0,10:21:11 935
-1,108.0,193.0,307.0,177.0,10:21:15 025
-1,120.0,194.0,302.0,171.0,10:21:15 741
-1,70.0,191.0,284.0,147.0,10:21:16 742
0,212.0,102.0,212.0,102.0,10:21:17 444
联系人,0,0,0,0,10:21:17 500
+1,251.0,140.0,9.08443,230.21861,10:21:20 354
+1,218.0,158.0,20.359772,230.41823,10:21:20 802
+1,262.0,159.0,43.0,233.0,10:21:21 549
+1,254.0,146.0,37.181313,232.27289,10:21:24 733
任务2, 结束
任务3, 开始
+2,142.0,32.0,156.03836,251.75778,10:21:32 909
＊主菜单＊,0,0,0,0,10:21:32 983
+1,217.0,174.0,42.0,200.0,10:21:35 192
+1,259.0,167.0,10.0,198.0,10:21:36 048
+1,223.0,167.0,11.0,195.0,10:21:36 558
+1,263.0,176.0,45.0,191.0,10:21:37 337
0,103.0,104.0,103.0,104.0,10:21:37 933
系统设置,0,0,0,0,10:21:37 983
任务3, 结束
+2,148.0,42.0,148.15692,285.26648,10:21:44 355
＊主菜单＊,0,0,0,0,10:21:44 406
任务4, 开始
-1,109.0,165.0,297.3911,136.0,10:21:47 368
-1,122.0,189.0,284.01465,187.0,10:21:48 138
-1,75.0,178.0,259.0,181.0,10:21:48 991
0,214.0,109.0,214.0,109.0,10:21:49 657
音乐,0,0,0,0,10:21:49 700
+1,225.0,147.0,9.50146,223.42816,10:21:51 346
+1,184.0,168.0,15.0275345,229.54332,10:21:51 752
任务4, 结束
+2,177.0,29.0,168.29224,288.4964,10:21:56 452
＊主菜单＊,0,0,0,0,10:21:56 506
任务5, 开始
-1,112.0,186.0,294.0,183.0,10:22:00 030
-1,63.0,152.0,302.99567,169.2987,10:22:00 192
-1,83.0,169.0,277.0,158.0,10:22:00 693
-1,77.0,180.0,294.0,180.0,10:22:01 252
0,208.0,110.0,208.0,110.0,10:22:01 724
睡眠,0,0,0,0,10:22:01 763
+1,253.0,143.0,62.052017,199.43651,10:22:06 113
+1,221.0,136.0,48.04349,192.80632,10:22:06 848
+1,188.0,148.0,28.0,214.0,10:22:07 107
任务5, 结束
＊＊＊＊＊＊＊＊＊＊＊＊＊＊＊＊＊＊＊＊＊＊＊＊＊＊＊＊＊＊
