+2,171.0,31.0,195.81462,268.1175,10:10:36 984
＊主菜单＊,0,0,0,0,10:10:37 027
任务1, 开始
+1,218.0,134.0,19.0,176.0,10:11:04 735
+1,279.0,155.0,26.953259,204.85495,10:11:06 517
+1,268.0,147.0,52.0,192.0,10:11:07 158
-1,75.0,166.0,256.0,161.0,10:11:07 547
0,110.0,228.0,110.0,228.0,10:11:08 085
新浪微博,0,0,0,0,10:11:08 146
任务1, 结束
+2,147.0,37.0,193.09499,256.11737,10:11:24 072
＊主菜单＊,0,0,0,0,10:11:24 157
任务2, 开始
-1,95.0,158.0,305.0,162.0,10:11:28 076
-1,108.0,182.0,323.72842,158.29286,10:11:28 227
0,212.0,119.0,212.0,119.0,10:11:29 982
睡眠,0,0,0,0,10:11:30 039
+1,252.0,135.0,17.632996,203.291,10:11:31 691
+1,235.0,150.0,24.0,186.0,10:11:32 851
任务2, 结束
任务3, 开始
+2,160.0,56.0,189.45366,278.78375,10:11:40 553
＊主菜单＊,0,0,0,0,10:11:40 611
+1,230.0,176.0,32.0,221.0,10:11:42 746
+1,262.0,143.0,23.0,197.0,10:11:43 035
+1,264.0,139.0,22.0,199.0,10:11:43 250
+1,250.0,139.0,23.0,209.0,10:11:43 544
+1,276.0,156.0,38.0,223.0,10:11:43 845
+1,274.0,143.0,31.0,210.0,10:11:44 321
0,228.0,236.0,228.0,236.0,10:11:45 030
下载,0,0,0,0,10:11:45 067
任务3, 结束
+2,133.0,27.0,186.38322,273.63583,10:11:52 979
＊主菜单＊,0,0,0,0,10:11:53 493
任务4, 开始
-1,87.0,176.0,305.0,155.0,10:12:03 681
-1,69.0,181.0,294.0,148.0,10:12:06 069
0,212.0,227.0,212.0,227.0,10:12:07 485
笔记,0,0,0,0,10:12:07 524
+1,268.0,151.0,27.289936,199.04942,10:12:08 979
0,289.0,163.0,289.0,163.0,10:12:10 139
+1,272.0,186.0,41.189995,230.886,10:12:11 470
任务4, 结束
+2,167.0,22.0,182.35062,182.45378,10:12:20 978
＊主菜单＊,0,0,0,0,10:12:21 017
任务5, 开始
-1,102.0,158.0,314.0919,168.0,10:12:25 634
0,213.0,102.0,213.0,102.0,10:12:27 003
音乐,0,0,0,0,10:12:27 047
+1,237.0,143.0,33.0,189.5,10:12:29 494
+1,282.0,137.0,34.752075,179.19833,10:12:31 447
-1,75.0,170.0,297.5,140.0,10:12:32 449
任务5, 结束
＊＊＊＊＊＊＊＊＊＊＊＊＊＊＊＊＊＊＊＊＊＊＊＊＊＊＊＊＊＊
+2,144.0,36.0,173.33624,268.41223,10:12:48 047
＊主菜单＊,0,0,0,0,10:12:48 491
