+2,145.0,38.0,177.01984,259.83304,17:19:10 905
＊主菜单＊,0,0,0,0,17:19:11 013
任务1, 开始
+2,231.0,83.0,215.0,260.0,17:19:22 853
+1,293.0,141.0,77.65296,229.9613,17:19:23 764
-1,68.0,226.0,271.0,212.0,17:19:24 386
+1,271.0,150.0,59.0,239.0,17:19:26 508
+1,285.0,160.0,46.0,227.0,17:19:28 625
+1,280.0,166.0,41.0,224.0,17:19:29 787
0,205.0,121.0,205.0,121.0,17:19:31 008
音乐,0,0,0,0,17:19:31 056
+1,279.0,137.0,56.512417,160.75235,17:19:33 664
+1,288.0,138.0,58.0,156.5,17:19:34 615
+1,281.0,130.0,38.228947,196.32011,17:19:35 393
任务1, 结束
任务2, 开始
0,53.0,194.0,53.0,194.0,17:19:46 745
+2,199.0,62.0,188.26068,287.33304,17:19:47 127
＊主菜单＊,0,0,0,0,17:19:47 221
+2,173.0,53.0,181.0,248.0,17:19:47 921
-1,94.0,177.0,297.9375,181.73296,17:19:49 315
+2,102.0,125.0,145.70117,292.15128,17:19:50 171
-1,90.0,168.0,299.0,154.0,17:19:50 822
-1,128.0,205.0,303.0,175.0,17:19:51 665
0,58.0,115.0,58.0,115.0,17:19:52 202
0,106.0,114.0,106.0,114.0,17:19:53 259
健康运动,0,0,0,0,17:19:53 308
+1,251.0,113.0,-1.5738354,161.88162,17:19:58 017
+1,244.0,152.0,19.675022,186.21486,17:19:58 637
+1,266.0,141.0,30.0,181.0,17:19:59 249
+1,269.0,122.0,-4.573286,175.57187,17:19:59 836
+1,260.0,139.0,17.0,189.0,17:20:00 483
+1,281.0,128.0,51.0,157.0,17:20:01 412
-1,91.0,176.0,285.60876,184.95094,17:20:03 114
-1,92.0,145.0,293.0,145.0,17:20:04 004
-1,109.0,156.0,297.0,178.0,17:20:05 260
+1,257.0,138.0,21.069756,190.47115,17:20:06 593
+1,233.0,148.0,46.24918,184.89162,17:20:06 971
+1,278.0,137.0,5.5560265,179.0,17:20:07 576
+1,262.0,108.0,14.585783,167.3794,17:20:11 309
-1,46.0,173.0,259.0,177.0,17:20:12 034
-1,97.0,174.0,206.77773,188.16568,17:20:12 670
-1,105.0,166.0,266.02127,173.4731,17:20:13 422
-1,147.0,142.0,279.0,182.0,17:20:14 138
0,129.0,140.0,129.0,140.0,17:20:14 942
-1,85.0,143.0,338.35962,178.22849,17:20:15 572
+2,183.0,51.0,169.5519,268.7924,17:20:22 209
＊主菜单＊,0,0,0,0,17:20:22 275
0,224.0,101.0,224.0,101.0,17:20:24 220
睡眠,0,0,0,0,17:20:24 297
+1,266.0,123.0,1.6343298,163.4492,17:20:28 041
+1,288.0,113.0,21.0,163.0,17:20:29 193
任务2, 结束
任务3, 开始
+2,195.0,82.0,187.0,281.22443,17:20:42 182
＊主菜单＊,0,0,0,0,17:20:42 225
+1,282.0,127.0,60.0,189.0,17:20:43 653
0,110.0,221.0,110.0,221.0,17:20:44 591
短信息,0,0,0,0,17:20:44 724
+1,278.0,141.0,18.295847,152.1831,17:20:52 778
+1,272.0,107.0,13.248816,148.50237,17:20:53 762
+1,270.0,150.0,22.0,155.0,17:20:54 472
-1,46.0,174.0,282.7464,223.29855,17:20:55 246
0,181.0,142.0,181.0,142.0,17:20:59 229
0,193.0,111.0,193.0,111.0,17:21:00 400
0,189.0,69.0,189.0,69.0,17:21:01 595
0,199.0,71.0,199.0,71.0,17:21:02 305
0,209.0,66.0,209.0,66.0,17:21:03 014
0,200.0,66.0,200.0,66.0,17:21:03 699
0,192.0,87.0,192.0,87.0,17:21:04 184
0,193.0,84.0,193.0,84.0,17:21:04 387
0,195.0,57.0,195.0,57.0,17:21:05 834
0,195.0,126.0,195.0,126.0,17:21:06 863
0,194.0,136.0,194.0,136.0,17:21:08 033
0,145.0,140.0,145.0,140.0,17:21:08 396
0,55.0,141.0,55.0,141.0,17:21:08 661
0,65.0,130.0,65.0,130.0,17:21:10 314
任务3, 结束
+2,143.0,31.0,184.90733,271.49606,17:21:18 790
＊主菜单＊,0,0,0,0,17:21:18 886
任务4, 开始
+2,125.0,40.0,138.0,203.0,17:21:20 732
+1,272.0,141.0,24.0,199.0,17:21:21 280
+1,254.0,147.0,60.0,189.0,17:21:21 679
+1,253.0,147.0,11.0,159.0,17:21:21 862
+1,261.0,132.0,62.0,138.0,17:21:22 573
+1,261.0,132.0,54.0,136.0,17:21:23 292
0,209.0,232.0,209.0,232.0,17:21:24 112
下载,0,0,0,0,17:21:24 159
任务4, 结束
任务5, 开始
+2,217.0,47.0,177.0,222.0,17:21:38 691
＊主菜单＊,0,0,0,0,17:21:38 748
+1,278.0,148.0,57.0,153.0,17:21:42 813
0,217.0,228.0,217.0,228.0,17:21:45 970
下载,0,0,0,0,17:21:46 026
+1,275.0,139.0,53.07367,141.93384,17:21:49 647
+1,275.0,117.0,87.21722,131.89139,17:21:51 379
+1,288.0,127.0,55.097946,130.45103,17:21:52 051
+1,293.0,118.0,69.0,115.0,17:21:53 237
-1,72.0,175.0,247.71619,177.96889,17:21:54 643
+2,176.0,54.0,228.16048,298.9294,17:21:55 037
＊主菜单＊,0,0,0,0,17:21:55 128
-1,110.0,148.0,291.0,188.0,17:21:58 902
+1,256.0,102.0,47.0,159.0,17:21:59 831
0,94.0,230.0,94.0,230.0,17:22:00 117
系统时钟,0,0,0,0,17:22:00 176
+2,180.0,35.0,220.79326,288.48312,17:22:02 673
＊主菜单＊,0,0,0,0,17:22:02 788
-1,100.0,194.0,266.0,200.0,17:22:04 638
0,240.0,109.0,240.0,109.0,17:22:07 181
0,219.0,110.0,219.0,110.0,17:22:09 689
日历,0,0,0,0,17:22:09 720
+1,261.0,123.0,22.189472,137.41109,17:22:13 120
-1,137.0,98.0,322.77106,167.38553,17:22:16 839
-1,98.0,101.0,274.35254,112.78418,17:22:17 608
+2,175.0,48.0,205.2071,235.5176,17:22:17 980
＊主菜单＊,0,0,0,0,17:22:18 172
0,154.0,59.0,154.0,59.0,17:22:18 656
-1,95.0,153.0,247.0,147.0,17:22:20 516
0,222.0,234.0,222.0,234.0,17:22:23 178
笔记,0,0,0,0,17:22:23 215
+1,267.0,97.0,14.111378,151.8536,17:22:26 249
+1,282.0,112.0,69.63495,126.5046,17:22:30 202
+1,292.0,136.0,58.0,155.0,17:22:36 651
-1,96.0,185.0,289.0,172.0,17:22:37 231
0,152.0,227.0,152.0,227.0,17:22:40 179
-1,123.0,168.0,300.0,177.0,17:22:41 578
+1,204.0,154.0,78.0,162.0,17:22:42 269
+1,288.0,135.0,34.0,147.0,17:22:43 871
-1,94.0,202.0,316.08545,150.25528,17:23:00 438
-1,115.0,192.0,310.7872,140.68085,17:23:03 182
+1,263.0,145.0,61.22369,239.9212,17:23:03 564
+1,288.0,110.0,49.0,228.0,17:23:04 225
任务5, 结束
＊＊＊＊＊＊＊＊＊＊＊＊＊＊＊＊＊＊＊＊＊＊＊＊＊＊＊＊＊＊
