任务1, 开始
+1,189.0,195.0,152.06917,207.31027,20:16:53 108
+1,272.0,165.0,162.0,181.0,20:16:54 136
+1,294.0,175.0,141.0,177.0,20:16:55 018
0,199.0,186.0,199.0,186.0,20:16:55 721
+1,271.0,179.0,95.42442,191.93471,20:16:56 475
0,225.0,220.0,225.0,220.0,20:16:57 550
笔记,0,0,0,0,20:16:57 599
-1,118.0,188.0,319.0,181.0,20:17:01 201
-1,142.0,199.0,298.0,192.0,20:17:01 241
+1,281.0,193.0,139.39282,208.9794,20:17:01 290
+1,300.0,161.0,180.0,182.0,20:17:02 596
任务1, 结束
任务2, 开始
+2,183.0,28.0,186.0,220.0,20:17:11 571
＊主菜单＊,0,0,0,0,20:17:11 708
-1,100.0,190.0,257.0,177.0,20:17:15 072
-1,94.0,173.0,262.0,162.0,20:17:16 070
-1,136.0,175.0,287.0,180.0,20:17:17 236
+1,294.0,177.0,91.0,227.0,20:17:18 200
+1,280.0,149.0,110.0,207.0,20:17:18 425
+1,281.0,172.0,178.0,194.0,20:17:18 648
+1,285.0,176.0,133.0,202.0,20:17:18 935
+1,269.0,168.0,152.0,189.0,20:17:19 356
+1,291.0,180.0,206.0,184.0,20:17:19 554
+1,268.0,183.0,168.0,219.0,20:17:20 602
0,214.0,225.0,214.0,225.0,20:17:21 251
下载,0,0,0,0,20:17:21 303
+1,266.0,177.0,75.13888,189.19214,20:17:25 765
任务2, 结束
任务3, 开始
+2,168.0,40.0,145.0,240.0,20:17:32 760
＊主菜单＊,0,0,0,0,20:17:32 792
-1,128.0,174.0,237.0,181.0,20:17:35 301
-1,141.0,185.0,277.0,189.0,20:17:35 667
-1,133.0,182.0,288.0,158.0,20:17:36 582
0,225.0,110.0,225.0,110.0,20:17:37 535
音乐,0,0,0,0,20:17:37 582
+1,263.0,182.0,119.139565,205.08884,20:17:41 217
+1,264.0,167.0,139.0,194.0,20:17:42 227
-1,100.0,185.0,280.1511,147.15288,20:17:43 170
-1,174.0,176.0,289.0,152.0,20:17:45 021
任务3, 结束
任务4, 开始
+2,142.0,30.0,168.0,215.0,20:17:51 100
＊主菜单＊,0,0,0,0,20:17:51 150
-1,120.0,156.0,296.0,156.0,20:17:53 325
-1,133.0,178.0,304.0,170.0,20:17:53 621
-1,141.0,197.0,286.0,173.0,20:17:54 444
0,218.0,105.0,218.0,105.0,20:17:55 498
睡眠,0,0,0,0,20:17:55 585
+1,259.0,178.0,156.14258,188.08574,20:17:58 204
+1,290.0,167.0,141.0,200.0,20:17:59 355
任务4, 结束
任务5, 开始
+2,177.0,66.0,180.91197,245.41545,20:18:09 428
＊主菜单＊,0,0,0,0,20:18:09 557
+1,283.0,191.0,75.0,258.0,20:18:11 815
+1,255.0,195.0,117.0,233.0,20:18:12 283
0,118.0,227.0,118.0,227.0,20:18:13 108
新浪微博,0,0,0,0,20:18:13 177
任务5, 结束
＊＊＊＊＊＊＊＊＊＊＊＊＊＊＊＊＊＊＊＊＊＊＊＊＊＊＊＊＊＊
