任务1, 开始
+2,213.0,60.0,207.92055,223.04662,20:19:38 623
＊主菜单＊,0,0,0,0,20:19:38 653
-1,98.0,144.0,305.0,149.0,20:19:41 342
0,99.0,213.0,99.0,213.0,20:19:42 139
短信息,0,0,0,0,20:19:42 197
+1,288.0,191.0,116.3946,232.93846,20:19:47 766
0,58.0,210.0,58.0,210.0,20:19:50 708
+1,294.0,195.0,119.26723,195.35309,20:19:50 748
-1,122.0,206.0,224.0,192.0,20:19:50 828
-1,110.0,188.0,263.0,182.0,20:19:51 729
0,223.0,79.0,223.0,79.0,20:19:53 431
0,210.0,71.0,210.0,71.0,20:19:53 824
-1,101.0,189.0,306.2385,161.79657,20:19:54 085
+2,200.0,111.0,212.0,281.68054,20:19:54 772
＊主菜单＊,0,0,0,0,20:19:54 876
0,221.0,241.0,221.0,241.0,20:19:57 782
0,194.0,120.0,194.0,120.0,20:20:00 852
微信,0,0,0,0,20:20:00 892
+1,279.0,156.0,23.861807,197.24156,20:20:04 747
+1,227.0,170.0,59.0,170.0,20:20:07 284
+1,224.0,142.0,181.28963,142.0,20:20:08 296
+1,233.0,181.0,130.0,187.0,20:20:09 176
+2,185.0,50.0,177.5616,290.36755,20:20:10 687
＊主菜单＊,0,0,0,0,20:20:10 759
0,234.0,212.0,234.0,212.0,20:20:12 936
邮箱,0,0,0,0,20:20:12 975
+1,292.0,146.0,144.62407,150.36465,20:20:15 670
+1,275.0,174.0,102.0,172.0,20:20:16 666
+1,247.0,183.0,84.0,176.0,20:20:26 558
+1,280.0,155.0,101.0,149.0,20:20:29 361
+1,294.0,212.0,5.3158646,221.67366,20:20:32 084
-1,101.0,188.0,292.0,188.0,20:20:32 815
+1,267.0,181.0,25.0,190.0,20:20:33 202
+1,261.0,185.0,90.0,188.0,20:20:33 660
+1,265.0,192.0,66.0,218.0,20:20:34 076
-1,105.0,185.0,297.0,167.0,20:20:34 563
-1,70.0,169.0,299.0,193.0,20:20:35 025
-1,58.0,139.0,302.0,149.0,20:20:35 728
-1,95.0,183.0,321.4133,195.28413,20:20:37 088
任务1, 结束
任务2, 开始
+2,179.0,70.0,185.0,268.0,20:20:48 787
＊主菜单＊,0,0,0,0,20:20:48 951
-1,46.0,179.0,207.0,186.0,20:20:51 013
+1,274.0,187.0,74.0,217.0,20:20:52 074
+1,285.0,198.0,62.0,228.0,20:20:52 465
+1,234.0,181.0,48.0,196.0,20:20:53 120
0,207.0,97.0,207.0,97.0,20:20:54 031
音乐,0,0,0,0,20:20:54 070
+1,264.0,236.0,87.0,228.0,20:20:56 049
+1,233.0,178.0,29.350708,224.25781,20:20:57 156
-1,59.0,154.0,332.0,190.5,20:20:57 953
任务2, 结束
任务3, 开始
+2,154.0,90.0,172.63461,258.56726,20:21:05 645
＊主菜单＊,0,0,0,0,20:21:05 744
+1,294.0,182.0,46.0,215.0,20:21:07 962
+1,244.0,221.0,59.0,234.0,20:21:08 148
+1,282.0,184.0,68.0,230.0,20:21:08 651
0,227.0,218.0,227.0,218.0,20:21:09 504
下载,0,0,0,0,20:21:09 629
+1,224.0,190.0,105.0,190.0,20:21:12 590
+1,287.0,174.0,34.0,193.0,20:21:13 259
+1,290.0,163.0,60.0,185.0,20:21:14 122
任务3, 结束
任务4, 开始
+2,132.0,65.0,138.18959,225.37555,20:21:20 403
＊主菜单＊,0,0,0,0,20:21:20 487
-1,126.0,185.0,261.0,191.0,20:21:22 452
-1,112.0,185.0,269.0,192.0,20:21:23 128
-1,109.0,182.0,262.0,182.0,20:21:23 398
+1,253.0,194.0,63.0,199.0,20:21:24 189
0,89.0,198.0,89.0,198.0,20:21:24 784
卡包,0,0,0,0,20:21:24 840
0,96.0,235.0,96.0,235.0,20:21:26 037
+1,256.0,149.0,154.34839,151.653,20:21:29 147
+1,213.0,183.0,106.0,200.0,20:21:29 893
+1,280.0,159.0,95.0,176.0,20:21:31 621
+1,268.0,154.0,52.27898,230.69601,20:21:32 384
-1,106.0,180.0,301.85278,171.0724,20:21:32 954
-1,93.0,182.0,267.95667,180.23492,20:21:33 384
任务4, 结束
任务5, 开始
+2,249.0,69.0,210.0,241.0,20:21:37 831
＊主菜单＊,0,0,0,0,20:21:37 928
+2,196.0,53.0,146.0,224.0,20:21:39 448
-1,129.0,172.0,236.0,170.0,20:21:40 318
-1,103.0,170.0,207.0,180.0,20:21:40 548
-1,75.0,180.0,297.0,167.0,20:21:40 976
-1,91.0,157.0,195.0,158.0,20:21:41 222
-1,139.0,165.0,305.0,170.0,20:21:41 544
-1,117.0,163.0,256.0,161.0,20:21:41 748
-1,93.0,214.0,223.0,210.0,20:21:42 363
0,102.0,125.0,102.0,125.0,20:21:43 163
健康运动,0,0,0,0,20:21:43 227
+1,278.0,154.0,102.0,177.0,20:21:46 992
+1,257.0,195.0,72.0,210.0,20:21:47 578
+1,229.0,219.0,66.0,243.0,20:21:48 045
任务5, 结束
＊＊＊＊＊＊＊＊＊＊＊＊＊＊＊＊＊＊＊＊＊＊＊＊＊＊＊＊＊＊
