任务1, 开始
+1,284.0,161.0,97.0,143.0,10:18:28 987
+1,284.0,171.0,77.0,114.0,10:18:29 916
+1,266.0,151.0,54.0,129.0,10:18:30 520
+1,284.0,114.0,79.0,134.0,10:18:31 178
+1,272.0,114.0,100.0,98.0,10:18:31 976
+1,269.0,160.0,40.0,120.0,10:18:32 784
0,216.0,227.0,216.0,227.0,10:18:33 585
下载,0,0,0,0,10:18:33 625
任务1, 结束
任务2, 开始
+2,184.0,107.0,153.0,287.0,10:18:45 489
＊主菜单＊,0,0,0,0,10:18:45 550
-1,110.0,192.0,296.0,178.0,10:18:48 062
-1,135.0,166.0,263.0,141.0,10:18:48 618
-1,127.0,203.0,264.0,180.0,10:18:49 329
0,238.0,130.0,238.0,130.0,10:18:50 344
0,210.0,121.0,210.0,121.0,10:18:50 884
音乐,0,0,0,0,10:18:50 924
0,197.0,133.0,197.0,133.0,10:18:52 142
+1,265.0,133.0,89.82735,94.344574,10:18:54 083
+1,251.0,180.0,128.26213,121.83495,10:18:57 458
-1,119.0,183.0,287.18997,170.33855,10:18:58 099
任务2, 结束
任务3, 开始
+2,180.0,110.0,183.0,292.5,10:19:13 241
＊主菜单＊,0,0,0,0,10:19:13 343
+1,260.0,169.0,65.0,108.0,10:19:16 131
0,219.0,236.0,219.0,236.0,10:19:16 389
笔记,0,0,0,0,10:19:16 436
+1,259.0,169.0,48.39248,87.52331,10:19:18 940
+1,261.0,150.0,96.81016,100.45708,10:19:19 779
任务3, 结束
任务4, 开始
+1,268.0,162.0,31.0,155.0,10:19:34 836
-1,136.0,154.0,175.78354,288.30518,10:19:35 498
+2,180.0,101.0,219.5,289.5,10:19:38 487
＊主菜单＊,0,0,0,0,10:19:38 525
+1,248.0,147.0,50.0,147.0,10:19:42 223
+1,241.0,163.0,17.5,134.0,10:19:44 132
+1,267.0,141.0,44.78138,155.06976,10:19:45 771
-1,121.0,193.0,289.0,164.0,10:19:46 873
-1,132.0,172.0,267.0,142.0,10:19:47 710
0,101.0,113.0,101.0,113.0,10:19:49 238
浏览器,0,0,0,0,10:19:49 312
+2,176.0,117.0,148.79854,281.1978,10:19:51 962
＊主菜单＊,0,0,0,0,10:19:52 002
-2,145.0,278.0,181.0,101.28205,10:19:53 021
-1,89.0,202.0,297.0,146.0,10:19:54 162
-1,146.0,136.0,300.0,165.0,10:19:57 225
-1,87.0,183.0,281.98337,143.19167,10:19:57 818
0,97.0,215.0,97.0,215.0,10:19:59 590
新浪微博,0,0,0,0,10:19:59 649
任务4, 结束
任务5, 开始
+2,181.0,92.0,188.24329,287.59927,10:20:19 983
＊主菜单＊,0,0,0,0,10:20:20 048
-1,76.0,203.0,263.0,149.0,10:20:23 105
-1,100.0,183.0,264.0,127.0,10:20:23 348
0,214.0,120.0,214.0,120.0,10:20:24 230
睡眠,0,0,0,0,10:20:24 385
+1,251.0,148.0,57.19488,155.86115,10:20:26 974
+1,240.0,104.0,36.77751,94.16324,10:20:30 001
+1,262.0,145.0,47.5,93.0,10:20:33 448
任务5, 结束
＊＊＊＊＊＊＊＊＊＊＊＊＊＊＊＊＊＊＊＊＊＊＊＊＊＊＊＊＊＊
+2,240.0,68.0,230.54549,237.79584,10:22:10 735
＊主菜单＊,0,0,0,0,10:22:10 778
任务1, 开始
+1,276.0,217.0,56.0,223.0,10:22:18 462
+1,261.0,177.0,32.0,156.0,10:22:19 206
+1,268.0,177.0,30.0,188.0,10:22:19 989
+1,252.0,156.0,61.0,152.0,10:22:20 695
0,97.0,228.0,97.0,228.0,10:22:21 535
卡包,0,0,0,0,10:22:21 576
+1,241.0,150.0,71.77196,151.66318,10:22:25 331
+1,195.0,152.0,57.0,135.0,10:22:26 135
+1,255.0,168.0,46.586143,136.58615,10:22:27 283
+1,220.0,126.0,19.0,137.5,10:22:28 304
+1,205.0,141.0,18.0,183.0,10:22:28 847
-1,65.0,194.0,265.11542,158.36331,10:22:29 345
-1,64.0,196.0,219.46518,183.03088,10:22:30 651
-1,101.0,186.0,307.48178,154.58629,10:22:31 558
-1,78.0,209.0,320.31122,181.51723,10:22:40 182
+1,276.0,156.0,23.344578,193.03445,10:22:41 716
-1,101.0,176.0,286.0,181.0,10:22:42 528
+1,201.0,180.0,13.573934,183.0,10:22:45 455
+1,244.0,151.0,25.0,157.0,10:22:46 254
+1,252.0,147.0,12.689518,173.79326,10:22:49 485
+1,265.0,182.0,12.038087,183.73456,10:22:49 993
任务1, 结束
任务2, 开始
+2,211.0,73.0,193.96367,301.81885,10:23:02 990
＊主菜单＊,0,0,0,0,10:23:03 031
-1,118.0,185.0,293.62134,173.0,10:23:05 032
-1,101.0,196.0,246.30252,178.46974,10:23:05 534
-1,85.0,207.0,267.89734,187.48277,10:23:06 126
-1,68.0,180.0,244.0,158.0,10:23:06 635
-1,77.0,196.0,255.0,151.0,10:23:07 343
0,59.0,185.0,59.0,185.0,10:23:08 091
0,89.0,111.0,89.0,111.0,10:23:10 280
健康运动,0,0,0,0,10:23:10 450
+1,295.0,134.0,64.0,125.0,10:23:15 013
+1,281.0,152.0,87.99964,180.3794,10:23:16 738
+1,199.0,145.0,53.709126,156.77452,10:23:17 643
+1,232.0,148.0,25.44869,143.6499,10:23:18 486
+1,288.0,161.0,49.0,170.0,10:23:18 970
+1,274.0,148.0,57.0,137.0,10:23:19 522
-1,92.0,167.0,260.0,158.0,10:23:20 443
任务2, 结束
任务3, 开始
+2,221.0,102.0,194.68196,280.88007,10:23:31 751
＊主菜单＊,0,0,0,0,10:23:31 816
+1,255.0,159.0,25.0,181.0,10:23:34 632
+1,217.0,200.0,82.0,184.0,10:23:34 738
+1,297.0,177.0,65.0,223.0,10:23:35 368
+1,290.0,182.0,55.0,233.0,10:23:36 068
+1,301.0,169.0,35.0,183.0,10:23:37 315
+1,159.0,190.0,57.0,231.0,10:23:38 119
0,220.0,212.0,220.0,212.0,10:23:38 795
下载,0,0,0,0,10:23:38 841
0,217.0,219.0,217.0,219.0,10:23:41 994
+1,264.0,163.0,82.831985,215.75203,10:23:43 585
+1,295.0,172.0,47.86404,177.0,10:23:44 288
+1,260.0,158.0,54.0,135.0,10:23:44 934
任务3, 结束
任务4, 开始
+2,176.0,63.0,171.56557,281.04102,10:23:55 980
＊主菜单＊,0,0,0,0,10:23:56 023
-1,136.0,158.0,319.5,142.0,10:23:58 178
-1,146.0,171.0,249.0,183.0,10:23:59 264
-1,147.0,162.0,297.0,154.0,10:24:00 110
0,194.0,111.0,194.0,111.0,10:24:00 740
音乐,0,0,0,0,10:24:00 855
+1,290.0,140.0,72.290085,150.96375,10:24:02 783
+1,278.0,168.0,131.0,137.0,10:24:04 085
-1,101.0,159.0,302.82117,154.84137,10:24:05 233
任务4, 结束
任务5, 开始
+2,193.0,99.0,198.89662,273.34567,10:24:15 394
＊主菜单＊,0,0,0,0,10:24:15 475
-1,131.0,145.0,291.0,139.0,10:24:17 549
-1,134.0,173.0,251.0,173.0,10:24:19 144
0,102.0,222.0,102.0,222.0,10:24:19 537
短信息,0,0,0,0,10:24:19 646
0,219.0,71.0,219.0,71.0,10:24:25 991
0,105.0,90.0,105.0,90.0,10:24:26 027
0,207.0,81.0,207.0,81.0,10:24:26 901
+1,273.0,119.0,36.68785,137.22849,10:24:27 365
+1,227.0,142.0,19.683216,147.67656,10:24:28 739
+1,265.0,152.0,37.0,156.0,10:24:29 340
-1,100.0,179.0,269.3205,149.68681,10:24:29 582
0,129.0,84.0,129.0,84.0,10:24:31 960
0,97.0,89.0,97.0,89.0,10:24:32 500
0,175.0,74.0,175.0,74.0,10:24:33 035
0,208.0,72.0,208.0,72.0,10:24:33 392
0,219.0,74.0,219.0,74.0,10:24:33 579
0,213.0,96.0,213.0,96.0,10:24:34 186
0,99.0,96.0,99.0,96.0,10:24:34 495
0,190.0,68.0,190.0,68.0,10:24:35 060
+2,224.0,114.0,228.89986,301.96924,10:24:37 976
＊主菜单＊,0,0,0,0,10:24:38 015
-1,125.0,182.0,296.0,156.0,10:24:41 980
+1,271.0,150.0,74.0,168.0,10:24:43 317
0,210.0,119.0,210.0,119.0,10:24:44 004
微信,0,0,0,0,10:24:44 063
+1,286.0,133.0,41.393936,150.97812,10:24:49 495
+1,248.0,163.0,27.0,144.0,10:24:49 980
+1,260.0,139.0,41.863342,117.485466,10:24:51 029
+1,260.0,151.0,31.834951,148.02913,10:24:52 252
+1,257.0,142.0,58.0,144.0,10:24:52 991
+2,155.0,100.0,145.83752,295.39816,10:24:53 586
＊主菜单＊,0,0,0,0,10:24:53 629
0,101.0,109.0,101.0,109.0,10:24:56 000
腾讯QQ,0,0,0,0,10:24:56 058
0,104.0,123.0,104.0,123.0,10:25:01 496
0,107.0,106.0,107.0,106.0,10:25:01 534
0,97.0,129.0,97.0,129.0,10:25:01 572
任务5, 结束
＊＊＊＊＊＊＊＊＊＊＊＊＊＊＊＊＊＊＊＊＊＊＊＊＊＊＊＊＊＊
