任务1, 开始
+1,187.0,135.0,149.0,242.0,10:27:06 511
+2,143.0,82.0,159.17393,300.89642,10:27:07 402
＊主菜单＊,0,0,0,0,10:27:07 470
+1,238.0,176.0,88.0,128.0,10:27:10 134
+1,226.0,150.0,54.981167,96.39941,10:27:10 478
-1,95.0,133.0,300.0,116.0,10:27:11 103
+1,275.0,130.0,39.0,181.0,10:27:12 096
+1,271.0,157.0,64.0,155.0,10:27:12 571
+1,261.0,132.0,32.0,133.5,10:27:13 541
0,220.0,113.0,220.0,113.0,10:27:14 358
音乐,0,0,0,0,10:27:14 409
+1,244.0,124.0,83.0,109.0,10:27:17 498
+1,228.0,149.0,48.38775,90.53316,10:27:18 432
+1,227.0,152.0,51.036263,102.03626,10:27:19 178
+1,284.0,140.0,1.1765175,133.78018,10:27:19 794
任务1, 结束
+2,160.0,87.0,122.518105,282.4819,10:27:27 399
＊主菜单＊,0,0,0,0,10:27:27 554
任务2, 开始
-1,98.0,170.0,263.0,142.0,10:27:31 301
-1,67.0,179.0,306.0,170.0,10:27:32 293
-1,108.0,127.0,291.0,118.0,10:27:33 146
0,217.0,107.0,217.0,107.0,10:27:33 944
睡眠,0,0,0,0,10:27:33 999
任务2, 结束
任务3, 开始
+2,176.0,118.0,133.57722,294.6293,10:27:49 142
＊主菜单＊,0,0,0,0,10:27:49 181
+1,257.0,160.0,19.0,164.0,10:27:52 192
+1,257.0,126.0,45.0,191.0,10:27:52 368
+1,163.0,175.0,24.0,139.0,10:27:52 849
+1,260.0,139.0,24.0,142.0,10:27:53 602
+1,237.0,124.0,22.0,146.0,10:27:54 407
0,98.0,96.0,98.0,96.0,10:27:55 296
股票,0,0,0,0,10:27:55 347
+1,263.0,138.0,76.0,119.0,10:27:58 096
+1,258.0,145.0,44.880222,113.123825,10:28:01 005
+1,256.0,146.0,41.547237,102.31075,10:28:01 086
+1,284.0,138.0,48.5,93.0,10:28:12 583
-1,73.0,183.0,331.69885,121.86653,10:28:14 423
任务3, 结束
任务4, 开始
+2,141.0,83.0,196.33011,283.45367,10:28:24 741
＊主菜单＊,0,0,0,0,10:28:24 831
+1,298.0,134.0,124.0,142.0,10:28:27 648
0,96.0,132.0,96.0,132.0,10:28:28 449
系统设置,0,0,0,0,10:28:28 487
任务4, 结束
任务5, 开始
+2,149.0,107.0,196.18037,285.47913,10:28:46 477
＊主菜单＊,0,0,0,0,10:28:46 559
-1,138.0,172.0,253.0,145.0,10:28:48 570
-1,95.0,190.0,233.0,141.0,10:28:49 399
-1,49.0,187.0,269.0,132.0,10:28:50 216
-1,59.0,175.0,214.0,155.0,10:28:51 027
0,205.0,130.0,205.0,130.0,10:28:51 982
联系人,0,0,0,0,10:28:52 025
+1,288.0,151.0,84.20347,140.68893,10:28:55 146
+1,257.0,157.0,44.903942,95.7816,10:28:56 426
+1,240.0,149.0,43.792892,105.79289,10:28:57 996
+1,206.0,140.0,34.072407,98.73531,10:28:58 773
+1,260.0,109.0,64.5,127.5,10:28:59 442
+1,229.0,144.0,47.0,108.0,10:29:06 156
任务5, 结束
＊＊＊＊＊＊＊＊＊＊＊＊＊＊＊＊＊＊＊＊＊＊＊＊＊＊＊＊＊＊
