+2,190.0,69.0,178.21938,273.2164,21:36:42 115
＊主菜单＊,0,0,0,0,21:36:42 158
任务1, 开始
+1,288.0,161.0,38.170486,267.09116,21:36:46 189
+1,293.0,175.0,84.0,226.0,21:36:46 771
+1,296.0,192.0,41.169785,280.52335,21:36:47 633
+1,283.0,198.0,88.0,262.0,21:36:48 719
0,121.0,213.0,121.0,213.0,21:36:50 107
卡包,0,0,0,0,21:36:50 145
+1,292.0,187.0,71.77054,279.21664,21:36:53 083
+1,289.0,184.0,84.84674,236.94513,21:36:54 578
+1,294.0,195.0,117.01529,234.54247,21:36:55 484
+1,270.0,183.0,95.0,235.0,21:36:57 985
任务1, 结束
+2,215.0,47.0,183.0,304.5,21:37:00 464
＊主菜单＊,0,0,0,0,21:37:00 592
任务2, 开始
+1,261.0,153.0,58.0,255.0,21:37:06 693
+1,285.0,180.0,94.0,225.0,21:37:07 402
+1,267.0,158.0,72.0,223.0,21:37:08 250
-1,100.0,193.0,292.0,173.0,21:37:08 792
-1,93.0,202.0,270.0,181.0,21:37:09 208
-1,99.0,222.0,297.0,189.0,21:37:09 765
-1,89.0,213.0,315.82693,158.65532,21:37:10 313
-1,105.0,209.0,295.0,180.0,21:37:11 190
-1,117.0,183.0,275.0,156.0,21:37:13 662
0,207.0,128.0,207.0,128.0,21:37:13 699
微信,0,0,0,0,21:37:13 753
+1,298.0,178.0,116.95326,233.63739,21:37:19 100
+1,302.0,175.0,106.0,232.0,21:37:19 311
+1,293.0,183.0,150.0,217.0,21:37:20 604
+1,295.0,179.0,60.71158,248.38234,21:37:21 104
+1,307.0,160.0,150.0,197.0,21:37:22 034
+2,148.0,93.0,141.43741,283.8432,21:37:22 521
＊主菜单＊,0,0,0,0,21:37:22 683
0,112.0,229.0,112.0,229.0,21:37:24 953
短信息,0,0,0,0,21:37:25 026
+1,272.0,160.0,138.7438,206.21956,21:37:27 883
+1,284.0,159.0,136.54713,231.81134,21:37:29 607
-1,90.0,234.0,293.0,189.0,21:37:30 099
+2,215.0,68.0,191.50723,282.39145,21:37:33 085
＊主菜单＊,0,0,0,0,21:37:33 188
0,215.0,100.0,215.0,100.0,21:37:35 285
微信,0,0,0,0,21:37:35 324
0,234.0,143.0,234.0,143.0,21:37:39 103
0,192.0,132.0,192.0,132.0,21:37:39 740
+1,281.0,148.0,103.35076,222.11987,21:37:40 083
+1,293.0,154.0,198.0,175.0,21:37:41 602
+1,295.0,168.0,128.61755,244.41379,21:37:41 896
+1,288.0,183.0,137.0,261.0,21:37:42 583
+1,283.0,184.0,142.0,230.0,21:37:43 614
-1,101.0,209.0,258.0,181.0,21:37:44 099
+2,181.0,68.0,147.40442,292.43866,21:37:44 602
＊主菜单＊,0,0,0,0,21:37:44 641
0,109.0,116.0,109.0,116.0,21:37:47 098
腾讯QQ,0,0,0,0,21:37:47 153
任务2, 结束
任务3, 开始
+2,192.0,58.0,177.0,255.80496,21:37:59 205
＊主菜单＊,0,0,0,0,21:37:59 298
+1,294.0,185.0,82.36415,264.14038,21:38:01 720
+1,252.0,194.0,127.0,232.0,21:38:01 799
+1,291.0,190.0,132.0,234.0,21:38:02 220
+1,292.0,189.0,136.0,239.0,21:38:02 920
+1,297.0,186.0,101.0,269.0,21:38:03 554
0,106.0,130.0,106.0,130.0,21:38:04 390
系统设置,0,0,0,0,21:38:04 583
-1,96.0,197.0,218.47177,202.0,21:38:07 347
-1,134.0,112.0,180.0,255.0,21:38:07 816
+2,142.0,53.0,158.0,247.0,21:38:08 510
＊主菜单＊,0,0,0,0,21:38:08 628
任务3, 结束
任务4, 开始
-1,76.0,185.0,288.0,177.0,21:38:18 650
-1,101.0,183.0,278.0,188.0,21:38:18 836
-1,100.0,200.0,282.40445,183.21884,21:38:18 946
-1,113.0,193.0,266.0,188.0,21:38:19 183
-1,112.0,196.0,283.81842,179.07175,21:38:19 508
-1,128.0,190.0,296.0,182.0,21:38:19 841
-1,121.0,191.0,283.10284,182.91429,21:38:20 200
0,118.0,124.0,118.0,124.0,21:38:22 932
健康运动,0,0,0,0,21:38:22 976
+1,291.0,183.0,111.0,231.0,21:38:26 625
+1,286.0,188.0,91.0,237.0,21:38:27 124
+1,282.0,183.0,112.52417,218.99033,21:38:27 632
任务4, 结束
+2,220.0,76.0,180.82591,288.5769,21:38:33 446
＊主菜单＊,0,0,0,0,21:38:33 595
+1,286.0,173.0,109.0,264.0,21:38:36 152
+1,302.0,173.0,132.0,233.0,21:38:36 771
+1,252.0,208.0,128.5,250.0,21:38:37 429
0,220.0,87.0,220.0,87.0,21:38:39 187
音乐,0,0,0,0,21:38:39 237
+1,275.0,172.0,108.0,241.0,21:38:41 611
+1,300.0,168.0,107.0,244.5,21:38:43 112
-1,146.0,202.0,287.0,190.0,21:38:43 489
-1,148.0,185.0,316.97247,181.54282,21:38:45 106
任务5, 开始
任务5, 结束
＊＊＊＊＊＊＊＊＊＊＊＊＊＊＊＊＊＊＊＊＊＊＊＊＊＊＊＊＊＊
