任务1, 开始
+1,296.0,147.0,56.0,220.0,21:32:54 702
+1,296.0,155.0,104.0,229.0,21:32:55 697
+1,294.0,177.0,90.0,230.0,21:32:57 181
0,220.0,108.0,220.0,108.0,21:32:57 900
音乐,0,0,0,0,21:32:57 939
+1,288.0,153.0,84.271164,159.72711,21:33:01 053
任务1, 结束
任务2, 开始
+2,177.0,59.0,137.0,269.0,21:33:10 102
＊主菜单＊,0,0,0,0,21:33:10 147
+1,293.0,157.0,66.0,224.0,21:33:12 722
+1,275.0,170.0,145.0,226.0,21:33:17 217
-1,106.0,210.0,317.5,172.0,21:33:17 730
0,224.0,222.0,224.0,222.0,21:33:18 268
笔记,0,0,0,0,21:33:18 323
+1,273.0,154.0,66.4906,160.0327,21:33:20 748
+1,286.0,182.0,47.230164,202.88303,21:33:22 062
+1,261.0,182.0,107.0,215.0,21:33:23 611
-1,83.0,190.0,279.5902,186.85774,21:33:26 134
+1,266.0,174.0,46.5,184.5,21:33:26 442
任务2, 结束
任务3, 开始
+2,189.0,49.0,227.47043,259.4113,21:33:32 094
＊主菜单＊,0,0,0,0,21:33:32 132
0,294.0,181.0,294.0,181.0,21:33:34 894
+1,288.0,187.0,88.48675,235.03487,21:33:35 439
-1,46.0,188.0,301.0,197.0,21:33:36 206
-1,75.0,192.0,296.0,205.0,21:33:36 779
-1,87.0,202.0,319.0,210.5,21:33:37 568
-1,59.0,226.0,258.0,222.0,21:33:39 636
+1,293.0,180.0,52.0,233.0,21:33:40 137
0,96.0,231.0,96.0,231.0,21:33:40 652
新浪微博,0,0,0,0,21:33:40 748
任务3, 结束
任务4, 开始
+2,199.0,49.0,179.0,272.0,21:33:50 858
＊主菜单＊,0,0,0,0,21:33:50 986
+1,299.0,190.0,65.0,258.0,21:33:53 202
+1,291.0,185.0,47.28436,249.70872,21:33:53 745
+1,303.0,172.0,53.0,243.0,21:33:54 291
+1,290.0,192.0,99.0,236.0,21:33:54 840
0,235.0,204.0,235.0,204.0,21:33:55 588
下载,0,0,0,0,21:33:55 633
任务4, 结束
任务5, 开始
+2,188.0,61.0,218.89662,246.86253,21:34:04 099
＊主菜单＊,0,0,0,0,21:34:04 609
-1,80.0,197.0,268.0,214.0,21:34:06 607
-1,64.0,178.0,296.0,178.0,21:34:06 727
-1,57.0,184.0,274.0,185.0,21:34:07 246
-1,62.0,174.0,240.0,172.0,21:34:07 643
-1,53.0,178.0,319.3896,179.94186,21:34:08 271
-1,65.0,189.0,260.0,182.0,21:34:08 825
0,206.0,128.0,206.0,128.0,21:34:09 482
睡眠,0,0,0,0,21:34:09 523
+1,294.0,178.0,72.14554,228.67964,21:34:12 297
+1,263.0,184.0,94.249146,257.1644,21:34:15 093
任务5, 结束
＊＊＊＊＊＊＊＊＊＊＊＊＊＊＊＊＊＊＊＊＊＊＊＊＊＊＊＊＊＊
