+2,155.0,45.0,154.9727,298.04962,21:40:28 538
＊主菜单＊,0,0,0,0,21:40:28 583
任务1, 开始
-1,52.0,181.0,289.0,125.0,21:40:36 557
0,251.0,113.0,251.0,113.0,21:40:37 145
0,191.0,106.0,191.0,106.0,21:40:39 337
联系人,0,0,0,0,21:40:39 376
+1,264.0,138.0,54.0,234.0,21:40:42 071
+1,258.0,147.0,59.15585,258.2146,21:40:44 571
+1,280.0,147.0,83.999275,241.62097,21:40:44 931
任务1, 结束
任务2, 开始
+2,203.0,49.0,189.0,238.0,21:40:59 195
＊主菜单＊,0,0,0,0,21:40:59 282
-1,92.0,183.0,289.0,152.0,21:41:01 811
-1,95.0,208.0,261.0,167.0,21:41:02 418
0,222.0,114.0,222.0,114.0,21:41:04 875
睡眠,0,0,0,0,21:41:04 961
任务2, 结束
任务3, 开始
+2,179.0,67.0,177.0,279.0,21:41:17 590
＊主菜单＊,0,0,0,0,21:41:18 081
+1,305.0,161.0,72.0,258.0,21:41:20 207
+1,304.0,158.0,91.0,211.0,21:41:20 361
+1,270.0,173.0,59.0,218.0,21:41:20 516
+1,274.0,156.0,148.0,203.0,21:41:21 035
+1,271.0,166.0,53.0,230.0,21:41:21 516
+1,302.0,143.0,73.578804,215.18121,21:41:22 418
0,124.0,107.0,124.0,107.0,21:41:23 104
0,125.0,114.0,125.0,114.0,21:41:26 562
系统设置,0,0,0,0,21:41:26 603
任务3, 结束
任务4, 开始
+2,168.0,29.0,189.29349,272.17072,21:41:39 075
＊主菜单＊,0,0,0,0,21:41:39 115
-1,80.0,165.0,242.0,150.0,21:41:42 726
0,120.0,113.0,120.0,113.0,21:41:45 657
股票,0,0,0,0,21:41:45 695
+1,275.0,173.0,73.5,221.5,21:41:47 598
+1,279.0,168.0,58.0,195.0,21:41:49 074
+1,288.0,177.0,81.0,183.0,21:41:49 562
+1,295.0,170.0,89.47568,187.26343,21:41:51 269
-1,89.0,189.0,303.41876,188.49092,21:41:51 973
-1,90.0,178.0,319.96033,181.38553,21:41:56 027
-1,85.0,185.0,243.0,175.0,21:41:57 587
-1,73.0,172.0,293.09525,160.75565,21:41:57 709
+1,268.0,161.0,75.21914,223.83318,21:42:00 589
+1,239.0,169.0,40.0,197.0,21:42:01 125
+1,220.0,151.0,28.86605,206.3465,21:42:01 545
-1,120.0,189.0,190.50568,186.98555,21:42:04 585
-1,105.0,167.0,294.88513,185.94011,21:42:04 863
-1,78.0,188.0,240.0,193.0,21:42:05 470
+1,294.0,163.0,79.64287,209.41269,21:42:07 070
+1,255.0,142.0,41.0,184.0,21:42:07 587
任务4, 结束
+2,162.0,32.0,184.81975,298.789,21:42:14 592
＊主菜单＊,0,0,0,0,21:42:14 632
任务5, 开始
+1,274.0,193.0,62.68725,258.92126,21:42:21 314
-1,104.0,187.0,271.0,147.0,21:42:21 919
-1,143.0,223.0,321.69614,144.79347,21:42:22 277
-1,69.0,151.0,281.0,161.0,21:42:22 975
-1,68.0,192.0,307.0,154.0,21:42:23 539
-1,90.0,180.0,308.0,176.0,21:42:23 999
+1,278.0,173.0,92.0,216.0,21:42:24 670
0,226.0,108.0,226.0,108.0,21:42:25 119
音乐,0,0,0,0,21:42:25 163
+1,306.0,168.0,59.0,207.0,21:42:27 572
+1,302.0,147.0,81.0,224.0,21:42:28 076
任务5, 结束
＊＊＊＊＊＊＊＊＊＊＊＊＊＊＊＊＊＊＊＊＊＊＊＊＊＊＊＊＊＊
