+2,180.0,34.0,200.63214,237.97673,19:23:02 558
＊主菜单＊,0,0,0,0,19:23:02 592
任务1, 开始
-1,117.0,156.0,287.0,121.0,19:23:07 048
0,122.0,217.0,122.0,217.0,19:23:07 089
卡包,0,0,0,0,19:23:07 149
+1,246.0,125.0,130.0,149.0,19:23:10 019
+1,243.0,144.0,107.0,178.0,19:23:11 017
+1,265.0,135.0,138.0,150.0,19:23:12 039
+1,255.0,137.0,115.866615,155.87314,19:23:12 545
任务1, 结束
任务2, 开始
+2,180.0,25.0,215.6381,242.95023,19:23:19 055
＊主菜单＊,0,0,0,0,19:23:19 086
-1,154.0,159.0,282.77808,145.62057,19:23:21 587
0,221.0,108.0,221.0,108.0,19:23:22 063
音乐,0,0,0,0,19:23:22 094
+1,271.0,138.0,152.51532,181.55293,19:23:24 038
+1,244.0,142.0,134.0,187.0,19:23:25 518
-1,146.0,178.0,282.05948,158.70154,19:23:26 527
任务2, 结束
任务3, 开始
+2,175.0,39.0,214.72198,276.19684,19:23:36 053
＊主菜单＊,0,0,0,0,19:23:36 097
-1,123.0,180.0,275.0,176.0,19:23:36 231
-1,134.0,187.0,251.0,182.0,19:23:38 040
0,108.0,225.0,108.0,225.0,19:23:41 260
短信息,0,0,0,0,19:23:41 321
+1,270.0,133.0,139.367,143.95796,19:23:45 025
+1,254.0,143.0,110.07418,182.82137,19:23:46 538
-1,149.0,158.0,280.17264,148.0,19:23:48 057
+1,287.0,131.0,155.12202,139.44543,19:23:50 238
+1,270.0,123.0,84.27948,174.37637,19:23:50 815
-1,147.0,189.0,297.91446,182.89001,19:23:51 513
+2,186.0,30.0,222.5376,207.344,19:23:53 052
＊主菜单＊,0,0,0,0,19:23:53 558
0,227.0,215.0,227.0,215.0,19:23:55 324
邮箱,0,0,0,0,19:23:55 371
+1,255.0,143.0,159.0,154.0,19:23:59 071
+1,282.0,139.0,186.0,153.0,19:24:00 010
+1,253.0,141.0,142.11542,160.5593,19:24:01 527
+1,275.0,134.0,156.8959,157.82771,19:24:03 050
0,216.0,120.0,216.0,120.0,19:24:04 559
-1,149.0,158.0,264.4417,143.93024,19:24:06 546
-1,158.0,184.0,292.0,160.0,19:24:09 555
+1,274.0,133.0,162.07526,170.07274,19:24:10 064
0,183.0,77.0,183.0,77.0,19:24:10 829
0,100.0,74.0,100.0,74.0,19:24:12 562
0,220.0,68.0,220.0,68.0,19:24:13 065
0,215.0,63.0,215.0,63.0,19:24:13 105
0,218.0,64.0,218.0,64.0,19:24:13 144
0,213.0,70.0,213.0,70.0,19:24:13 542
+1,237.0,72.0,133.97499,91.405,19:24:13 938
-1,152.0,107.0,270.0,103.0,19:24:14 582
0,218.0,76.0,218.0,76.0,19:24:15 284
+1,264.0,111.0,177.09068,138.27979,19:24:15 907
-1,175.0,150.0,266.8039,144.83696,19:24:20 559
0,210.0,92.0,210.0,92.0,19:24:20 599
0,217.0,79.0,217.0,79.0,19:24:20 686
0,224.0,75.0,224.0,75.0,19:24:20 835
0,223.0,75.0,223.0,75.0,19:24:21 004
-1,155.0,142.0,315.58533,130.48909,19:24:21 402
-1,123.0,182.0,286.0,163.0,19:24:22 564
任务3, 结束
任务4, 开始
+2,172.0,26.0,184.0685,254.42465,19:24:36 566
＊主菜单＊,0,0,0,0,19:24:36 603
-1,133.0,160.0,284.0,149.0,19:24:38 691
0,131.0,96.0,131.0,96.0,19:24:42 223
健康运动,0,0,0,0,19:24:42 262
+1,281.0,120.0,160.0,142.0,19:24:47 564
+1,264.0,137.0,128.78445,146.98587,19:24:49 573
+1,226.0,90.0,112.0,101.0,19:24:50 117
任务4, 结束
任务5, 开始
+2,164.0,45.0,146.0,279.0,19:24:57 999
＊主菜单＊,0,0,0,0,19:24:58 039
+1,261.0,158.0,190.93033,155.13887,19:25:00 099
+1,260.0,151.0,147.0,161.0,19:25:00 956
+1,261.0,154.0,128.0,155.0,19:25:01 745
+1,265.0,148.0,176.0,155.0,19:25:03 668
+1,262.0,147.0,170.0,146.0,19:25:04 137
+1,258.0,148.0,136.0,162.0,19:25:05 614
0,127.0,100.0,127.0,100.0,19:25:07 428
系统设置,0,0,0,0,19:25:07 471
+1,170.0,109.0,18.0,145.0,19:25:09 851
+1,218.0,155.0,53.473915,189.25076,19:25:10 541
+2,155.0,36.0,178.22963,209.08606,19:25:11 060
＊主菜单＊,0,0,0,0,19:25:11 106
0,230.0,196.0,230.0,196.0,19:25:13 596
下载,0,0,0,0,19:25:13 647
+1,281.0,135.0,158.80498,152.9053,19:25:15 303
+1,247.0,146.0,65.07147,182.42278,19:25:15 946
+1,259.0,149.0,87.68631,185.32841,19:25:16 512
任务5, 结束
＊＊＊＊＊＊＊＊＊＊＊＊＊＊＊＊＊＊＊＊＊＊＊＊＊＊＊＊＊＊
+2,139.0,37.0,144.0,276.0,19:25:32 303
＊主菜单＊,0,0,0,0,19:25:32 376
+1,273.0,182.0,139.0,219.0,19:25:34 703
-1,92.0,121.0,236.0,140.0,19:25:35 166
