任务1, 开始
0,221.0,117.0,221.0,117.0,19:19:25 614
睡眠,0,0,0,0,19:19:25 650
+1,214.0,184.0,98.85464,194.92763,19:19:28 076
+1,223.0,173.0,102.0,217.0,19:19:28 780
任务1, 结束
任务2, 开始
+2,125.0,56.0,133.79326,297.20782,19:19:41 181
＊主菜单＊,0,0,0,0,19:19:41 222
+2,152.0,57.0,185.23662,282.47372,19:19:41 855
+1,245.0,201.0,78.41443,248.64514,19:19:44 178
+1,227.0,225.0,62.0,264.0,19:19:44 748
-1,157.0,193.0,285.60114,200.28757,19:19:45 423
+1,266.0,227.0,56.0,237.0,19:19:46 042
0,112.0,199.0,112.0,199.0,19:19:46 632
新浪微博,0,0,0,0,19:19:46 678
任务2, 结束
任务3, 开始
+1,282.0,215.0,55.642212,266.4561,19:20:06 090
+2,143.0,36.0,174.5726,289.8969,19:20:06 218
＊主菜单＊,0,0,0,0,19:20:06 357
0,262.0,63.0,262.0,63.0,19:20:07 583
+2,214.0,70.0,199.86713,279.01007,19:20:09 702
+1,262.0,205.0,112.0,220.0,19:20:10 550
0,247.0,125.0,247.0,125.0,19:20:12 087
0,219.0,139.0,219.0,139.0,19:20:13 069
0,251.0,63.0,251.0,63.0,19:20:13 505
0,241.0,81.0,241.0,81.0,19:20:13 998
0,204.0,59.0,204.0,59.0,19:20:15 580
0,203.0,118.0,203.0,118.0,19:20:15 620
音乐,0,0,0,0,19:20:15 659
0,229.0,114.0,229.0,114.0,19:20:16 000
+1,249.0,137.0,56.627445,197.91772,19:20:18 057
任务3, 结束
任务4, 开始
+1,183.0,239.0,46.0,237.0,19:20:24 078
+2,152.0,60.0,209.0,265.0,19:20:24 614
＊主菜单＊,0,0,0,0,19:20:24 655
+2,192.0,62.0,226.0,273.0,19:20:24 991
+1,264.0,176.0,88.38949,241.47437,19:20:27 404
+1,253.0,196.0,67.0,204.0,19:20:28 403
+1,260.0,186.0,152.0,215.0,19:20:29 039
0,218.0,227.0,218.0,227.0,19:20:29 661
下载,0,0,0,0,19:20:29 705
0,238.0,215.0,238.0,215.0,19:20:30 423
任务4, 结束
任务5, 开始
+2,195.0,29.0,192.46837,302.70905,19:20:40 683
＊主菜单＊,0,0,0,0,19:20:40 823
-1,141.0,178.0,297.0,145.0,19:20:43 714
-1,200.0,158.0,278.0,127.0,19:20:45 204
-1,134.0,138.0,269.0,147.0,19:20:47 584
0,230.0,208.0,230.0,208.0,19:20:48 201
笔记,0,0,0,0,19:20:48 236
+1,283.0,139.0,90.30451,197.10535,19:20:50 258
+1,262.0,149.0,118.26408,210.36906,19:20:51 579
任务5, 结束
＊＊＊＊＊＊＊＊＊＊＊＊＊＊＊＊＊＊＊＊＊＊＊＊＊＊＊＊＊＊
任务1, 开始
