任务1, 开始
+1,292.0,157.0,60.0,189.0,17:52:00 319
+1,296.0,180.0,57.0,195.0,17:52:00 982
+1,270.0,160.0,85.0,178.0,17:52:01 555
+1,230.0,176.0,60.0,223.0,17:52:01 877
0,101.0,114.0,101.0,114.0,17:52:02 516
系统设置,0,0,0,0,17:52:02 610
0,109.0,136.0,109.0,136.0,17:52:05 650
-1,134.0,178.0,188.0,98.0,17:52:07 919
+2,172.0,31.0,176.0,256.0,17:52:08 541
＊主菜单＊,0,0,0,0,17:52:08 645
0,207.0,227.0,207.0,227.0,17:52:12 176
下载,0,0,0,0,17:52:12 246
+1,255.0,154.0,53.0,264.0,17:52:14 684
+1,273.0,136.0,35.67257,187.94014,17:52:15 670
+1,227.0,160.0,44.0,227.0,17:52:16 728
任务1, 结束
任务2, 开始
+2,173.0,30.0,164.0,223.0,17:52:33 810
＊主菜单＊,0,0,0,0,17:52:33 854
-1,79.0,227.0,211.42236,228.9031,17:52:36 352
-1,63.0,225.0,261.0,213.0,17:52:36 982
-1,28.0,220.0,262.0,206.0,17:52:38 224
-1,63.0,229.0,258.0,214.0,17:52:39 041
-1,52.0,222.0,239.00072,183.10338,17:52:40 305
0,215.0,258.0,215.0,258.0,17:52:40 877
0,207.0,222.0,207.0,222.0,17:52:42 334
邮箱,0,0,0,0,17:52:42 427
0,199.0,233.0,199.0,233.0,17:52:44 632
+1,281.0,156.0,110.0,211.0,17:52:47 463
+1,294.0,176.0,57.42519,247.57481,17:52:50 147
任务2, 结束
+2,191.0,29.0,217.33652,251.01907,17:53:04 613
＊主菜单＊,0,0,0,0,17:53:04 710
任务3, 开始
-1,52.0,200.0,269.0,219.0,17:53:08 724
+1,265.0,188.0,58.0,210.0,17:53:09 451
+1,216.0,195.0,125.0,227.0,17:53:10 532
+1,213.0,179.0,130.11063,186.0,17:53:12 547
0,189.0,225.0,189.0,225.0,17:53:12 740
支付宝,0,0,0,0,17:53:12 812
+1,283.0,191.0,85.0,226.0,17:53:15 622
+2,160.0,56.0,170.0,245.0,17:53:16 932
＊主菜单＊,0,0,0,0,17:53:17 013
+1,291.0,164.0,109.37084,194.05998,17:53:19 475
+1,292.0,178.0,77.0,216.0,17:53:21 282
0,96.0,225.0,96.0,225.0,17:53:22 270
卡包,0,0,0,0,17:53:22 338
+1,296.0,178.0,75.84095,223.8087,17:53:25 855
+1,291.0,159.0,35.858055,193.25273,17:53:26 560
+1,266.0,146.0,55.0,229.0,17:53:30 475
-1,63.0,188.0,266.0,183.0,17:53:31 467
任务3, 结束
任务4, 开始
+2,181.0,38.0,177.962,245.08803,17:53:42 404
＊主菜单＊,0,0,0,0,17:53:42 448
-1,94.0,196.0,290.0,187.0,17:53:44 628
-1,36.0,190.0,287.0,193.0,17:53:45 205
-1,37.0,156.0,260.0,168.0,17:53:45 956
-1,26.0,192.0,266.0,196.0,17:53:46 749
0,110.0,126.0,110.0,126.0,17:53:48 116
健康运动,0,0,0,0,17:53:48 185
+1,275.0,168.0,28.0,216.0,17:53:51 648
+1,259.0,178.0,98.0,196.0,17:53:52 282
+1,252.0,184.0,49.814743,226.59262,17:53:53 005
任务4, 结束
任务5, 开始
+2,132.0,34.0,177.0,231.0,17:54:01 801
＊主菜单＊,0,0,0,0,17:54:01 842
+1,281.0,176.0,131.0,183.0,17:54:04 169
+1,296.0,173.0,137.0,182.0,17:54:04 734
+1,287.0,168.0,72.0,174.0,17:54:05 863
0,219.0,101.0,219.0,101.0,17:54:06 803
音乐,0,0,0,0,17:54:06 873
+1,241.0,157.0,88.41087,185.2108,17:54:08 816
+1,295.0,156.0,146.91035,176.48784,17:54:10 743
-1,93.0,145.0,275.0,146.0,17:54:12 276
任务5, 结束
＊＊＊＊＊＊＊＊＊＊＊＊＊＊＊＊＊＊＊＊＊＊＊＊＊＊＊＊＊＊
+2,223.0,78.0,222.21283,275.1341,17:54:20 788
＊主菜单＊,0,0,0,0,17:54:20 913
