任务1, 开始
-1,94.0,187.0,303.0,157.0,17:57:28 650
-1,55.0,189.0,258.0,200.0,17:57:29 670
-1,48.0,161.0,220.0,175.0,17:57:30 623
+1,279.0,156.0,91.0,180.0,17:57:31 775
+1,266.0,152.0,66.0,187.0,17:57:32 090
+1,208.0,196.0,62.0,231.0,17:57:32 588
+1,255.0,162.0,62.0,208.0,17:57:33 285
+1,249.0,198.0,51.0,237.0,17:57:34 921
0,103.0,110.0,103.0,110.0,17:57:36 432
股票,0,0,0,0,17:57:36 497
+1,261.0,155.0,4.9007835,212.24068,17:57:39 671
+1,302.0,156.0,10.333431,172.9365,17:57:40 773
+1,133.0,184.0,44.0,214.0,17:57:41 519
任务1, 结束
任务2, 开始
+2,101.0,93.0,110.80821,282.7204,17:58:00 164
＊主菜单＊,0,0,0,0,17:58:00 289
+2,161.0,55.0,178.0,256.0,17:58:01 052
-1,26.0,187.0,262.0,187.0,17:58:02 370
-1,125.0,196.0,305.0,177.0,17:58:02 699
-1,15.0,177.0,297.0,176.0,17:58:03 197
-1,33.0,185.0,241.0,180.0,17:58:03 932
-1,50.0,163.0,254.0,175.0,17:58:04 634
0,219.0,88.0,219.0,88.0,17:58:05 384
睡眠,0,0,0,0,17:58:05 466
任务2, 结束
0,192.0,23.0,192.0,23.0,17:58:14 562
0,177.0,124.0,177.0,124.0,17:58:14 604
任务3, 开始
+2,199.0,71.0,214.5449,266.56107,17:58:17 177
＊主菜单＊,0,0,0,0,17:58:17 258
+1,293.0,180.0,49.0,235.0,17:58:19 727
+1,286.0,132.0,114.0,170.0,17:58:20 068
+1,288.0,154.0,86.0,192.0,17:58:20 844
0,204.0,133.0,204.0,133.0,17:58:21 789
0,194.0,110.0,194.0,110.0,17:58:23 690
音乐,0,0,0,0,17:58:23 777
+1,303.0,170.0,53.0,216.0,17:58:25 779
+1,279.0,165.0,29.899181,195.63391,17:58:26 498
任务3, 结束
任务4, 开始
+2,230.0,48.0,218.48682,204.93437,17:58:36 542
＊主菜单＊,0,0,0,0,17:58:36 605
+1,249.0,201.0,58.0,216.0,17:58:39 282
-1,44.0,214.0,301.0,179.0,17:58:39 962
-1,43.0,176.0,299.0,158.0,17:58:40 229
0,224.0,146.0,224.0,146.0,17:58:40 767
0,181.0,99.0,181.0,99.0,17:58:44 202
联系人,0,0,0,0,17:58:44 240
+1,289.0,172.0,63.81771,186.05551,17:58:45 908
+1,231.0,181.0,61.0,195.0,17:58:47 138
+1,296.0,135.0,60.0,174.0,17:58:47 943
任务4, 结束
任务5, 开始
+2,130.0,66.0,142.31107,255.27332,17:58:58 138
＊主菜单＊,0,0,0,0,17:58:58 208
+1,303.0,168.0,46.0,205.0,17:59:00 612
+1,274.0,176.0,60.0,245.0,17:59:00 963
+1,278.0,167.0,39.0,229.0,17:59:01 573
+1,275.0,178.0,58.0,203.0,17:59:02 351
0,117.0,141.0,117.0,141.0,17:59:03 028
0,97.0,140.0,97.0,140.0,17:59:05 680
0,89.0,103.0,89.0,103.0,17:59:06 715
系统设置,0,0,0,0,17:59:06 785
任务5, 结束
＊＊＊＊＊＊＊＊＊＊＊＊＊＊＊＊＊＊＊＊＊＊＊＊＊＊＊＊＊＊
