任务1, 开始
0,221.0,93.0,221.0,93.0,08:42:03 092
音乐,0,0,0,0,08:42:03 127
+1,282.0,152.0,154.0,219.0,08:42:06 809
-2,184.0,242.0,245.37538,86.56246,08:42:09 162
+1,288.0,157.0,152.0,214.0,08:42:09 538
-1,103.0,198.0,245.41702,194.962,08:42:10 462
任务1, 结束
任务2, 开始
+2,170.0,55.0,137.5914,256.28998,08:42:18 653
＊主菜单＊,0,0,0,0,08:42:18 721
-1,131.0,175.0,283.0,179.0,08:42:27 754
-1,134.0,218.0,265.0,223.0,08:42:28 381
-1,114.0,198.0,291.0,202.0,08:42:29 278
+1,286.0,203.0,183.0,228.0,08:42:31 375
-1,181.0,181.0,278.0,187.0,08:42:32 656
-2,212.0,225.0,227.0,40.0,08:42:34 145
+1,277.0,176.0,124.62024,231.5865,08:42:34 521
+1,282.0,185.0,221.0,214.0,08:42:36 408
+1,269.0,159.0,154.0,218.0,08:42:38 151
+1,277.0,195.0,176.0,230.0,08:42:39 181
0,222.0,228.0,222.0,228.0,08:42:40 033
笔记,0,0,0,0,08:42:40 100
+1,251.0,138.0,101.0,190.0,08:42:43 150
+1,276.0,174.0,97.0,229.0,08:42:44 328
任务2, 结束
任务3, 开始
+2,213.0,53.0,208.30089,288.7329,08:42:54 158
＊主菜单＊,0,0,0,0,08:42:54 197
-1,126.0,199.0,223.0,224.0,08:42:55 900
-1,121.0,190.0,234.0,177.0,08:42:56 638
-1,106.0,196.0,242.0,197.0,08:42:57 508
-1,78.0,240.0,239.0,232.0,08:42:59 363
0,246.0,105.0,246.0,105.0,08:43:03 049
0,222.0,99.0,222.0,99.0,08:43:04 053
睡眠,0,0,0,0,08:43:04 101
+1,275.0,179.0,54.0,232.0,08:43:07 285
+1,267.0,175.0,48.45879,234.1804,08:43:08 639
任务3, 结束
任务4, 开始
+2,172.0,33.0,147.96577,240.16992,08:43:21 149
＊主菜单＊,0,0,0,0,08:43:21 189
+1,293.0,147.0,101.0,210.0,08:43:23 400
+1,292.0,177.0,184.0,210.0,08:43:24 012
0,113.0,213.0,113.0,213.0,08:43:24 816
新浪微博,0,0,0,0,08:43:24 856
任务4, 结束
任务5, 开始
+2,181.0,58.0,147.0,243.0,08:43:34 860
＊主菜单＊,0,0,0,0,08:43:34 936
+1,281.0,205.0,171.0,229.0,08:43:36 580
+1,277.0,186.0,214.0,200.0,08:43:38 022
+1,294.0,190.0,157.40987,203.86337,08:43:39 079
+1,252.0,213.0,104.0,232.0,08:43:40 311
0,218.0,204.0,218.0,204.0,08:43:41 723
下载,0,0,0,0,08:43:41 773
任务5, 结束
＊＊＊＊＊＊＊＊＊＊＊＊＊＊＊＊＊＊＊＊＊＊＊＊＊＊＊＊＊＊
