+2,189.0,43.0,165.00218,297.64853,08:52:18 372
任务1, 开始
+1,255.0,135.0,47.0,116.0,08:52:25 134
-1,96.0,137.0,240.0,128.0,08:52:25 358
-1,60.0,172.0,265.56293,180.05629,08:52:27 639
-1,138.0,135.0,264.0,135.0,08:52:28 032
+1,305.0,166.0,99.0,181.0,08:52:28 229
+1,283.0,128.0,129.0,129.0,08:52:30 136
+1,293.0,145.0,93.0,176.0,08:52:31 085
0,213.0,100.0,213.0,100.0,08:52:33 070
音乐,0,0,0,0,08:52:33 111
+1,270.0,127.0,55.861443,248.68988,08:52:35 578
+1,264.0,138.0,55.29286,191.62709,08:52:36 071
任务1, 结束
任务2, 开始
+2,181.0,42.0,168.0,277.0,08:52:45 578
＊主菜单＊,0,0,0,0,08:52:45 616
-1,102.0,171.0,285.83167,151.48859,08:52:48 158
0,202.0,119.0,202.0,119.0,08:52:49 068
联系人,0,0,0,0,08:52:49 132
+1,276.0,139.0,78.60595,189.60114,08:52:53 078
+1,258.0,154.0,29.332527,223.47763,08:52:53 579
+1,303.0,151.0,98.0,238.0,08:52:55 073
+1,287.0,150.0,106.0,180.0,08:53:02 086
任务2, 结束
任务3, 开始
+2,217.0,54.0,102.96518,301.27673,08:53:08 834
＊主菜单＊,0,0,0,0,08:53:08 887
+2,175.0,33.0,100.63819,234.13437,08:53:09 707
+1,263.0,158.0,109.0,198.0,08:53:11 180
+1,306.0,152.0,112.0,172.0,08:53:11 269
+1,291.0,147.0,90.0,195.0,08:53:11 508
+1,270.0,143.0,136.0,178.0,08:53:11 832
+1,292.0,154.0,64.0,229.0,08:53:12 634
0,103.0,94.0,103.0,94.0,08:53:14 065
系统设置,0,0,0,0,08:53:14 099
任务3, 结束
任务4, 开始
+2,174.0,24.0,124.65752,259.2624,08:53:23 082
＊主菜单＊,0,0,0,0,08:53:23 119
+1,265.0,195.0,81.5,208.0,08:53:25 059
-1,130.0,194.0,270.0,178.0,08:53:25 643
0,110.0,90.0,110.0,90.0,08:53:27 594
股票,0,0,0,0,08:53:27 630
+1,275.0,144.0,74.318596,202.62932,08:53:32 418
+1,288.0,142.0,30.05027,240.83586,08:53:33 858
+1,307.0,173.0,130.77364,193.54442,08:53:35 571
+1,298.0,139.0,106.0,205.0,08:53:45 569
-1,133.0,189.0,239.0,158.0,08:53:47 610
-1,144.0,180.0,278.0,151.0,08:53:48 301
-1,141.0,164.0,305.0,140.0,08:53:50 066
-1,114.0,185.0,305.0,179.0,08:53:51 807
-1,122.0,175.0,309.0,183.0,08:53:54 577
-1,100.0,192.0,315.2576,178.0,08:53:55 579
-1,131.0,178.0,305.50873,176.0,08:53:56 577
-1,137.0,192.0,301.0,177.0,08:53:57 569
-1,127.0,197.0,300.97055,156.62218,08:53:58 576
任务4, 结束
任务5, 开始
-1,58.0,141.0,282.251,102.108604,08:54:02 546
+2,204.0,60.0,175.23805,287.42984,08:54:03 080
＊主菜单＊,0,0,0,0,08:54:03 118
-1,92.0,186.0,303.0,176.0,08:54:05 112
-1,85.0,186.0,267.0,152.0,08:54:06 077
-1,58.0,194.0,179.0,182.0,08:54:06 664
-1,138.0,163.0,276.0,175.0,08:54:07 588
-1,99.0,183.0,267.0,146.0,08:54:08 586
0,218.0,84.0,218.0,84.0,08:54:10 568
睡眠,0,0,0,0,08:54:11 089
+1,300.0,164.0,126.31613,140.01291,08:54:15 549
任务5, 结束
＊＊＊＊＊＊＊＊＊＊＊＊＊＊＊＊＊＊＊＊＊＊＊＊＊＊＊＊＊＊
