任务1, 开始
+2,164.0,101.0,126.52044,292.42706,08:45:53 096
＊主菜单＊,0,0,0,0,08:45:53 120
+2,217.0,49.0,175.59415,282.84097,08:45:56 270
+1,296.0,145.0,110.0,159.0,08:45:57 209
0,104.0,99.0,104.0,99.0,08:45:58 136
系统设置,0,0,0,0,08:45:58 554
+1,293.0,125.0,17.40247,183.4051,08:46:03 053
+2,177.0,26.0,126.65591,298.3155,08:46:03 670
＊主菜单＊,0,0,0,0,08:46:03 733
0,220.0,223.0,220.0,223.0,08:46:05 665
下载,0,0,0,0,08:46:05 704
+1,240.0,166.0,49.0,216.0,08:46:07 818
+1,302.0,160.0,20.318594,237.50575,08:46:09 556
+1,155.0,173.0,47.294357,259.64023,08:46:10 111
+1,248.0,121.0,33.0,211.0,08:46:10 657
任务1, 结束
任务2, 开始
+2,187.0,36.0,91.64497,270.59714,08:46:26 358
＊主菜单＊,0,0,0,0,08:46:26 419
-1,117.0,102.0,296.56836,136.2763,08:46:28 676
-1,159.0,106.0,295.0,132.0,08:46:29 129
-1,106.0,148.0,258.0,116.0,08:46:29 927
-1,78.0,207.0,282.0,159.0,08:46:32 134
-1,141.0,135.0,263.0,119.0,08:46:32 796
0,219.0,179.0,219.0,179.0,08:46:35 056
邮箱,0,0,0,0,08:46:35 096
+2,183.0,32.0,167.17621,286.58676,08:46:37 334
＊主菜单＊,0,0,0,0,08:46:37 370
0,273.0,141.0,273.0,141.0,08:46:37 505
0,76.0,223.0,76.0,223.0,08:46:39 580
0,86.0,233.0,86.0,233.0,08:46:42 557
短信息,0,0,0,0,08:46:42 597
+1,246.0,165.0,116.0,172.0,08:46:47 057
+1,252.0,170.0,80.0,189.0,08:46:50 627
+1,268.0,161.0,-11.733013,190.52528,08:46:52 057
-1,105.0,163.0,248.11115,154.29166,08:46:52 097
-1,114.0,186.0,329.18137,167.17294,08:46:53 555
-1,62.0,148.0,303.0,135.0,08:46:55 158
+1,283.0,185.0,82.35642,202.85934,08:46:55 472
+1,291.0,178.0,63.0,217.0,08:46:55 972
+2,193.0,23.0,166.87546,286.18863,08:46:57 582
＊主菜单＊,0,0,0,0,08:46:57 620
0,198.0,208.0,198.0,208.0,08:47:00 566
邮箱,0,0,0,0,08:47:01 065
+1,292.0,135.0,60.0,194.0,08:47:04 186
+1,284.0,147.0,44.21597,173.10101,08:47:06 056
+1,281.0,138.0,157.0,163.0,08:47:08 054
+1,259.0,141.0,22.64221,187.67366,08:47:08 292
+2,199.0,56.0,183.0,267.0,08:47:08 786
＊主菜单＊,0,0,0,0,08:47:08 954
+2,207.0,60.0,168.0,269.0,08:47:10 728
0,220.0,103.0,220.0,103.0,08:47:11 308
微信,0,0,0,0,08:47:11 338
+1,236.0,170.0,23.097466,225.15924,08:47:17 360
+1,279.0,108.0,55.0,184.0,08:47:18 563
+1,289.0,140.0,40.21782,206.94818,08:47:20 033
+1,276.0,124.0,53.0,190.0,08:47:20 744
+1,276.0,146.0,104.0,185.0,08:47:22 567
+2,224.0,39.0,188.00153,283.3236,08:47:22 605
＊主菜单＊,0,0,0,0,08:47:22 645
0,93.0,100.0,93.0,100.0,08:47:24 216
腾讯QQ,0,0,0,0,08:47:24 305
任务2, 结束
任务3, 开始
+2,170.0,59.0,174.48636,251.69475,08:47:37 514
＊主菜单＊,0,0,0,0,08:47:37 558
+2,190.0,44.0,103.88738,297.27097,08:47:38 213
-1,31.0,137.0,238.9045,192.27321,08:47:38 753
-1,92.0,183.0,267.86353,133.72562,08:47:38 997
-1,145.0,222.0,245.0,217.0,08:47:39 438
-1,137.0,178.0,273.0,152.0,08:47:39 699
-1,120.0,203.0,261.0,211.0,08:47:40 060
+1,295.0,134.0,68.0,240.0,08:47:45 193
+1,286.0,128.0,45.0,236.0,08:47:47 248
+1,288.0,158.0,105.0,197.0,08:47:51 144
+1,266.0,113.0,86.0,187.0,08:47:52 785
+1,254.0,190.0,77.0,228.0,08:47:54 594
-1,68.0,171.0,268.0,151.0,08:47:55 348
-1,100.0,189.0,216.0,179.0,08:47:56 309
-1,109.0,156.0,269.0,193.0,08:47:59 625
0,219.0,229.0,219.0,229.0,08:48:01 672
支付宝,0,0,0,0,08:48:01 740
+1,293.0,186.0,145.0,186.0,08:48:04 436
+1,280.0,150.0,53.654697,200.1382,08:48:06 061
+1,242.0,175.0,55.0,210.0,08:48:07 263
-1,90.0,149.0,255.0,146.0,08:48:08 082
-1,130.0,181.0,252.0,166.0,08:48:08 566
+1,269.0,154.0,20.74899,178.78279,08:48:09 215
+1,253.0,178.0,137.0,197.0,08:48:09 676
+2,179.0,37.0,182.0,258.0,08:48:10 015
＊主菜单＊,0,0,0,0,08:48:10 070
-1,183.0,144.0,293.0,153.0,08:48:12 609
-1,89.0,184.0,237.24493,204.43967,08:48:15 319
+1,237.0,148.0,102.0,226.0,08:48:17 878
+1,266.0,102.0,94.0,187.0,08:48:18 303
+1,290.0,114.0,57.0,219.0,08:48:19 114
+1,270.0,137.0,49.0,219.0,08:48:24 146
0,95.0,258.0,95.0,258.0,08:48:25 655
0,102.0,186.0,102.0,186.0,08:48:26 217
卡包,0,0,0,0,08:48:26 260
+1,268.0,113.0,106.0,189.0,08:48:32 539
+1,285.0,114.0,72.53343,206.41983,08:48:33 307
+1,296.0,142.0,53.0,232.0,08:48:35 543
+1,287.0,103.0,49.0,225.0,08:48:37 063
+1,234.0,154.0,47.898434,232.89919,08:48:37 706
-1,132.0,186.0,219.09805,165.34628,08:48:39 058
-1,139.0,182.0,278.0,163.0,08:48:41 258
-1,129.0,189.0,262.0,186.0,08:48:42 545
-1,150.0,149.0,301.0,160.0,08:48:43 544
任务3, 结束
任务4, 开始
+2,148.0,15.0,106.034454,258.06927,08:48:50 539
＊主菜单＊,0,0,0,0,08:48:50 604
-1,148.0,165.0,310.13416,194.76257,08:48:52 666
0,218.0,97.0,218.0,97.0,08:48:54 066
音乐,0,0,0,0,08:48:54 553
+1,299.0,140.0,7.92671,208.11388,08:48:56 067
+1,274.0,169.0,35.27836,188.9276,08:48:57 554
+1,298.0,176.0,43.0,188.0,08:48:59 073
-1,156.0,206.0,258.0,204.0,08:48:59 105
任务4, 结束
任务5, 开始
+2,199.0,27.0,131.89438,284.27533,08:49:06 074
＊主菜单＊,0,0,0,0,08:49:06 583
-1,94.0,186.0,223.13063,182.10164,08:49:08 125
-1,86.0,163.0,254.0,176.0,08:49:08 270
-1,144.0,170.0,293.0,153.0,08:49:09 664
0,90.0,141.0,90.0,141.0,08:49:13 059
0,108.0,72.0,108.0,72.0,08:49:15 062
健康运动,0,0,0,0,08:49:15 100
+1,274.0,104.0,153.0,148.0,08:49:19 156
+1,278.0,176.0,67.78138,261.3522,08:49:20 525
+1,286.0,176.0,38.8788,196.94173,08:49:21 060
任务5, 结束
＊＊＊＊＊＊＊＊＊＊＊＊＊＊＊＊＊＊＊＊＊＊＊＊＊＊＊＊＊＊
