任务1, 开始
+1,235.0,185.0,32.0,190.0,09:14:22 760
+1,257.0,172.0,52.80998,185.0,09:14:23 778
+1,261.0,168.0,65.0,185.0,09:14:25 262
0,219.0,136.0,219.0,136.0,09:14:26 645
音乐,0,0,0,0,09:14:27 153
+1,267.0,137.0,62.378662,184.03883,09:14:29 643
+1,289.0,143.0,58.065414,208.48364,09:14:33 147
任务1, 结束
任务2, 开始
+2,181.0,77.0,149.96486,292.5689,09:14:38 047
＊主菜单＊,0,0,0,0,09:14:38 132
+1,246.0,183.0,65.70919,214.2908,09:14:40 848
+1,291.0,178.0,63.0,211.0,09:14:41 693
+1,232.0,126.0,25.0,136.0,09:14:43 288
+1,185.0,147.0,94.0,144.0,09:14:44 709
+1,228.0,149.0,47.0,144.0,09:14:46 114
+1,221.0,152.0,12.0,157.0,09:14:47 331
+1,206.0,167.0,21.560965,200.2927,09:14:47 532
-1,90.0,150.0,295.0,183.0,09:14:47 807
-1,106.0,176.0,307.58646,181.559,09:14:48 506
-1,122.0,163.0,312.0,184.0,09:14:50 218
-1,116.0,173.0,327.35403,186.47267,09:14:50 724
-1,130.0,166.0,313.0,187.0,09:14:51 312
-1,134.0,141.0,310.0,165.0,09:14:53 136
-1,133.0,153.0,312.55307,164.91985,09:14:54 200
-1,118.0,147.0,281.0,174.0,09:14:55 528
+1,243.0,158.0,73.0,221.0,09:14:56 136
+1,209.0,130.0,25.51892,181.0,09:14:58 290
+1,260.0,118.0,50.535645,172.70428,09:14:58 493
+1,241.0,129.0,53.0,183.0,09:14:59 236
+1,257.0,130.0,49.0,183.0,09:15:00 668
+1,265.0,111.0,89.0,150.0,09:15:02 703
+1,260.0,132.0,96.0,156.0,09:15:03 511
任务2, 结束
0,210.0,237.0,210.0,237.0,09:15:11 167
下载,0,0,0,0,09:15:11 208
任务3, 开始
任务3, 结束
+2,211.0,101.0,221.25514,307.9226,09:15:21 180
＊主菜单＊,0,0,0,0,09:15:21 217
-1,170.0,139.0,335.5,167.5,09:15:23 249
-1,130.0,163.0,253.0,181.0,09:15:23 536
-1,144.0,146.0,295.12402,193.52382,09:15:24 352
任务4, 开始
-1,147.0,180.0,300.0,204.0,09:15:27 094
-1,137.0,152.0,290.0,183.0,09:15:27 991
-1,122.0,167.0,296.0,180.0,09:15:28 942
0,134.0,101.0,134.0,101.0,09:15:30 660
健康运动,0,0,0,0,09:15:30 707
0,226.0,114.0,226.0,114.0,09:15:31 296
+2,181.0,75.0,260.5,290.0,09:15:31 980
＊主菜单＊,0,0,0,0,09:15:32 078
0,226.0,90.0,226.0,90.0,09:15:33 965
睡眠,0,0,0,0,09:15:34 029
+1,254.0,125.0,30.079578,171.9602,09:15:36 941
+1,240.0,154.0,27.336634,179.66832,09:15:38 155
任务4, 结束
+2,180.0,102.0,238.25597,285.08746,09:15:44 791
＊主菜单＊,0,0,0,0,09:15:44 874
+1,257.0,160.0,97.0,184.0,09:15:49 833
任务5, 开始
+1,238.0,129.0,56.0,194.0,09:15:52 395
+1,255.0,144.0,57.0,213.0,09:15:52 967
+1,193.0,112.0,17.48277,167.51723,09:15:53 640
+1,256.0,170.0,18.921867,107.115105,09:15:54 281
+1,267.0,175.0,12.0,133.0,09:15:55 112
+1,276.0,181.0,32.0,111.0,09:15:56 093
+1,282.0,177.0,24.0,126.0,09:15:58 264
+1,288.0,216.0,53.0,118.0,09:15:58 427
+1,298.0,165.0,49.0,93.0,09:15:59 338
-1,146.0,134.0,307.0,150.0,09:16:00 063
-1,117.0,168.0,288.0,151.0,09:16:00 818
任务5, 结束
＊＊＊＊＊＊＊＊＊＊＊＊＊＊＊＊＊＊＊＊＊＊＊＊＊＊＊＊＊＊
