任务1, 开始
+1,190.0,139.0,17.0,149.88261,09:18:41 407
0,123.0,210.0,123.0,210.0,09:18:41 942
卡包,0,0,0,0,09:18:42 044
+1,266.0,151.0,54.0,160.0,09:18:44 661
+1,264.0,148.0,75.84722,142.52777,09:18:45 654
+1,289.0,139.0,92.84123,140.41124,09:18:46 160
-1,102.0,126.0,190.0,143.0,09:18:47 152
-1,98.0,132.0,234.0,151.0,09:18:47 661
-1,90.0,121.0,211.8331,158.31825,09:18:48 633
任务1, 结束
任务2, 开始
+2,188.0,83.0,183.0,263.0,09:18:53 191
＊主菜单＊,0,0,0,0,09:18:53 227
+2,201.0,123.0,203.08087,290.00775,09:18:54 641
-1,99.0,135.0,300.0,183.0,09:18:56 238
0,232.0,107.0,232.0,107.0,09:18:57 176
音乐,0,0,0,0,09:18:57 214
+1,253.0,178.0,96.388954,207.83498,09:18:59 170
+1,253.0,184.0,54.959644,206.01614,09:19:00 168
0,127.0,204.0,127.0,204.0,09:19:01 148
任务2, 结束
任务3, 开始
+2,113.0,155.0,149.12387,325.43008,09:19:08 669
＊主菜单＊,0,0,0,0,09:19:08 712
0,154.0,165.0,154.0,165.0,09:19:09 666
+1,262.0,157.0,86.0,216.0,09:19:12 214
任务3, 结束
任务4, 开始
+1,230.0,141.0,60.6262,221.09344,09:19:14 925
+1,287.0,134.0,77.631805,214.44183,09:19:15 461
+1,230.0,145.0,33.448315,134.55168,09:19:16 177
+1,296.0,144.0,30.0,107.0,09:19:16 909
0,143.0,87.0,143.0,87.0,09:19:18 212
系统设置,0,0,0,0,09:19:18 248
0,260.0,231.0,260.0,231.0,09:19:18 750
+2,128.0,62.0,160.73921,235.03244,09:19:20 170
＊主菜单＊,0,0,0,0,09:19:20 672
+2,222.0,106.0,270.71542,279.50394,09:19:20 956
-1,141.0,162.0,247.96445,144.88568,09:19:23 219
-1,124.0,170.0,291.0,189.0,09:19:23 660
-1,131.0,158.0,226.52576,189.84192,09:19:24 391
-1,160.0,164.0,315.5257,167.21777,09:19:25 678
-1,149.0,162.0,251.09346,180.66225,09:19:26 729
-1,119.0,147.0,298.0,156.0,09:19:27 743
0,131.0,112.0,131.0,112.0,09:19:28 575
健康运动,0,0,0,0,09:19:28 617
+1,268.0,148.0,58.0,199.0,09:19:31 626
-1,143.0,146.0,232.0,180.0,09:19:32 121
任务4, 结束
任务5, 开始
+2,155.0,67.0,245.34094,294.2349,09:19:41 088
＊主菜单＊,0,0,0,0,09:19:41 180
+1,288.0,160.0,60.265076,225.7404,09:19:43 887
0,100.0,226.0,100.0,226.0,09:19:45 166
短信息,0,0,0,0,09:19:45 662
+1,297.0,165.0,56.0,226.0,09:19:48 103
+1,239.0,110.0,46.123463,190.12346,09:19:52 164
+1,263.0,150.0,63.914562,155.94673,09:19:52 223
+1,234.0,164.0,56.06178,136.48456,09:19:52 897
-1,105.0,146.0,362.96698,160.13783,09:19:54 666
-1,156.0,146.0,266.17532,181.29889,09:19:57 174
+2,189.0,74.0,197.45103,326.49817,09:19:57 224
＊主菜单＊,0,0,0,0,09:19:57 255
+1,294.0,158.0,57.77152,194.96379,09:20:00 877
+1,264.0,173.0,93.0,180.0,09:20:02 315
+1,277.0,183.0,61.546337,237.48456,09:20:03 153
-1,123.0,180.0,268.0,214.0,09:20:03 638
0,122.0,172.0,122.0,172.0,09:20:04 092
0,101.0,232.0,101.0,232.0,09:20:05 674
短信息,0,0,0,0,09:20:05 712
+1,284.0,142.0,41.0,212.0,09:20:08 995
+2,129.0,127.0,198.15245,287.85117,09:20:10 667
＊主菜单＊,0,0,0,0,09:20:11 174
0,215.0,100.0,215.0,100.0,09:20:12 676
微信,0,0,0,0,09:20:12 716
0,214.0,108.0,214.0,108.0,09:20:14 175
+1,280.0,150.0,51.189995,224.291,09:20:15 668
+1,261.0,172.0,55.84862,242.90828,09:20:16 189
+1,292.0,151.0,31.693665,220.14435,09:20:16 788
+1,259.0,220.0,59.432014,144.82715,09:20:17 571
+1,289.0,150.0,77.36009,121.95219,09:20:18 661
+1,280.0,159.0,49.900192,107.45105,09:20:19 650
-1,122.0,174.0,243.14368,188.5821,09:20:20 145
任务5, 结束
＊＊＊＊＊＊＊＊＊＊＊＊＊＊＊＊＊＊＊＊＊＊＊＊＊＊＊＊＊＊
-1,85.0,193.0,300.0,192.0,09:20:30 462
-1,142.0,187.0,271.31122,194.93109,09:20:31 028
-1,147.0,182.0,259.0,180.0,09:20:31 448
-1,195.0,160.0,328.75937,183.77147,09:20:31 864
-1,189.0,180.0,237.0,179.0,09:20:32 258
-1,209.0,165.0,309.0,168.0,09:20:32 658
-1,115.0,130.0,284.4395,148.56346,09:20:35 976
