+2,183.0,34.0,187.58102,239.94443,17:37:57 369
＊主菜单＊,0,0,0,0,17:37:57 437
任务1, 开始
+1,267.0,186.0,54.0,229.0,17:38:00 790
+1,298.0,160.0,75.0,212.0,17:38:02 659
+1,273.0,146.0,103.0,186.0,17:38:03 415
-1,120.0,152.0,256.0,152.0,17:38:04 059
-1,123.0,164.0,257.0,173.0,17:38:04 292
-1,113.0,216.0,262.0,198.0,17:38:04 666
0,215.0,114.0,215.0,114.0,17:38:05 417
音乐,0,0,0,0,17:38:05 477
+1,289.0,180.0,142.0,203.0,17:38:08 057
+1,298.0,178.0,173.05495,188.61641,17:38:09 244
-1,113.0,158.0,261.0,143.0,17:38:09 990
任务1, 结束
+2,150.0,59.0,163.0,243.0,17:38:12 572
＊主菜单＊,0,0,0,0,17:38:12 610
任务2, 开始
+1,247.0,178.0,79.76487,218.21486,17:38:16 942
+1,242.0,177.0,113.0,201.0,17:38:17 983
-1,112.0,189.0,234.73056,175.95366,17:38:19 045
-1,118.0,172.0,229.0,155.0,17:38:19 385
-1,183.0,119.0,289.0,115.0,17:38:19 839
-1,140.0,179.0,269.3357,164.82848,17:38:21 054
0,108.0,226.0,108.0,226.0,17:38:22 559
短信息,0,0,0,0,17:38:22 602
+1,277.0,182.0,133.0,216.0,17:38:25 558
-1,112.0,179.0,264.63446,174.58727,17:38:26 600
+2,202.0,66.0,182.20586,278.43912,17:38:29 984
＊主菜单＊,0,0,0,0,17:38:30 103
0,224.0,100.0,224.0,100.0,17:38:31 908
微信,0,0,0,0,17:38:31 950
+1,277.0,196.0,100.0,261.0,17:38:35 935
+1,280.0,198.0,131.21902,245.62042,17:38:36 807
+1,274.0,217.0,99.48241,277.68988,17:38:37 716
+1,277.0,214.0,135.0,262.0,17:38:38 790
-1,152.0,180.0,278.0,154.0,17:38:39 696
+2,219.0,62.0,195.0,230.0,17:38:42 077
＊主菜单＊,0,0,0,0,17:38:42 116
0,126.0,112.0,126.0,112.0,17:38:45 077
腾讯QQ,0,0,0,0,17:38:45 116
任务2, 结束
+2,176.0,23.0,178.33708,292.54062,17:38:49 561
＊主菜单＊,0,0,0,0,17:38:49 650
任务3, 开始
-1,127.0,185.0,306.0,148.0,17:38:53 396
-1,124.0,147.0,286.0,113.0,17:38:55 428
0,108.0,118.0,108.0,118.0,17:38:56 974
健康运动,0,0,0,0,17:38:57 012
任务3, 结束
+1,258.0,223.0,77.98072,229.84183,17:39:08 469
+1,280.0,213.0,95.0,269.0,17:39:09 407
+1,272.0,199.0,110.0,250.0,17:39:10 883
任务4, 开始
+2,180.0,56.0,174.0,245.0,17:39:17 070
＊主菜单＊,0,0,0,0,17:39:17 149
+1,260.0,188.0,103.0,227.0,17:39:18 410
+1,243.0,214.0,60.0,250.0,17:39:19 110
+1,245.0,211.0,69.0,247.0,17:39:19 963
+1,285.0,190.0,135.0,229.0,17:39:20 861
0,121.0,220.0,121.0,220.0,17:39:21 814
卡包,0,0,0,0,17:39:21 890
+1,283.0,214.0,151.97665,249.29306,17:39:25 580
+1,266.0,218.0,126.0,242.0,17:39:26 346
+1,263.0,138.0,98.0,234.0,17:39:29 038
+2,179.0,69.0,140.0,258.0,17:39:29 596
＊主菜单＊,0,0,0,0,17:39:29 679
-1,105.0,184.0,321.077,177.0,17:39:31 688
+1,268.0,195.0,114.0,237.0,17:39:32 778
任务4, 结束
任务5, 开始
+1,262.0,218.0,91.0,251.0,17:39:40 143
+1,271.0,224.0,130.0,253.0,17:39:40 577
+1,267.0,233.0,93.0,271.0,17:39:41 243
0,235.0,227.0,235.0,227.0,17:39:41 547
下载,0,0,0,0,17:39:41 629
+1,292.0,187.0,128.0,230.0,17:39:43 605
+1,275.0,194.0,98.0,240.0,17:39:44 218
+1,263.0,224.0,137.0,253.0,17:39:44 833
任务5, 结束
＊＊＊＊＊＊＊＊＊＊＊＊＊＊＊＊＊＊＊＊＊＊＊＊＊＊＊＊＊＊
