任务1, 开始
+2,141.0,51.0,138.60583,271.24847,17:41:25 629
＊主菜单＊,0,0,0,0,17:41:25 709
-1,125.0,152.0,295.0,160.0,17:41:28 699
-1,137.0,157.0,306.0,168.0,17:41:28 939
-1,118.0,152.0,232.0,148.0,17:41:29 644
-1,122.0,150.0,262.0,170.0,17:41:30 594
-1,104.0,174.0,290.0,171.0,17:41:31 436
+1,296.0,170.0,93.0,195.0,17:41:33 061
0,224.0,111.0,224.0,111.0,17:41:34 899
联系人,0,0,0,0,17:41:35 005
+1,291.0,160.0,114.0,155.0,17:41:37 463
+1,285.0,148.0,72.20638,178.51723,17:41:38 569
+1,261.0,150.0,88.57962,160.21825,17:41:39 579
-1,135.0,137.0,298.14963,138.48364,17:41:43 070
-1,151.0,136.0,237.0,140.0,17:41:43 799
-1,160.0,133.0,250.0,144.0,17:41:44 469
+1,294.0,144.0,162.0,140.0,17:41:45 459
+1,302.0,155.0,134.0,148.0,17:41:45 899
+1,282.0,141.0,142.0,143.0,17:41:46 797
-1,83.0,161.0,268.0,174.0,17:41:49 661
-1,100.0,166.0,259.0,172.0,17:41:49 704
-1,142.0,152.0,241.0,180.0,17:41:49 739
-1,118.0,148.0,265.0,151.0,17:41:50 391
+1,295.0,154.0,166.0,146.0,17:41:51 123
+1,282.0,153.0,199.0,157.0,17:41:51 810
+1,293.0,151.0,161.0,133.0,17:41:52 838
-1,122.0,154.0,275.0,180.0,17:41:54 371
-1,141.0,154.0,305.0,169.0,17:41:55 054
任务1, 结束
任务2, 开始
+2,182.0,45.0,147.48174,201.24092,17:42:04 386
＊主菜单＊,0,0,0,0,17:42:04 511
-1,117.0,146.0,296.0,155.0,17:42:06 623
-1,134.0,157.0,283.0,148.0,17:42:07 338
-1,117.0,120.0,244.36078,111.836426,17:42:08 210
+1,265.0,171.0,37.0,188.0,17:42:09 236
+1,266.0,194.0,113.0,196.0,17:42:09 339
+1,282.0,182.0,101.0,206.0,17:42:10 197
0,228.0,96.0,228.0,96.0,17:42:10 885
音乐,0,0,0,0,17:42:11 034
+1,291.0,179.0,57.0,229.0,17:42:13 565
+1,299.0,174.0,105.0,150.0,17:42:14 154
任务2, 结束
任务3, 开始
+2,154.0,27.0,150.38274,249.43236,17:42:19 860
＊主菜单＊,0,0,0,0,17:42:19 866
-1,113.0,192.0,279.28354,177.15485,17:42:21 088
-1,131.0,180.0,260.0,183.0,17:42:21 858
-1,92.0,165.0,255.0,178.0,17:42:22 570
0,223.0,100.0,223.0,100.0,17:42:23 511
睡眠,0,0,0,0,17:42:23 550
任务3, 结束
+2,224.0,60.0,206.34763,256.63962,17:42:29 557
＊主菜单＊,0,0,0,0,17:42:29 696
任务4, 开始
+2,188.0,49.0,133.8423,282.70877,17:42:34 138
+1,244.0,175.0,86.0,180.0,17:42:35 043
+1,279.0,149.0,100.0,138.0,17:42:36 278
+1,266.0,133.0,141.0,132.0,17:42:37 014
+1,269.0,150.0,105.0,148.0,17:42:37 905
+1,266.0,150.0,131.0,142.0,17:42:38 884
0,111.0,109.0,111.0,109.0,17:42:39 606
股票,0,0,0,0,17:42:39 725
+1,279.0,145.0,153.6824,138.73349,17:42:42 575
+1,270.0,147.0,117.0,126.0,17:42:43 796
+1,260.0,140.0,92.60693,152.70087,17:42:44 534
-1,97.0,139.0,282.444,141.93459,17:42:52 229
+1,286.0,147.0,57.0,175.0,17:42:52 864
+1,263.0,183.0,54.0,219.0,17:42:53 184
-1,60.0,193.0,254.0,177.0,17:42:54 069
-1,106.0,201.0,265.0,214.0,17:42:54 437
-1,88.0,200.0,252.0,218.0,17:42:54 889
-1,67.0,185.0,289.0,216.0,17:42:55 330
-1,82.0,174.0,257.0,181.0,17:42:56 336
+1,273.0,172.0,26.0,195.0,17:42:57 158
+1,292.0,192.0,158.0,202.0,17:42:57 989
+1,282.0,182.0,99.0,192.0,17:42:58 949
任务4, 结束
任务5, 开始
+2,153.0,24.0,136.0,274.86252,17:43:05 109
＊主菜单＊,0,0,0,0,17:43:05 204
+1,289.0,206.0,59.0,225.0,17:43:06 980
0,99.0,106.0,99.0,106.0,17:43:07 759
系统设置,0,0,0,0,17:43:07 839
任务5, 结束
＊＊＊＊＊＊＊＊＊＊＊＊＊＊＊＊＊＊＊＊＊＊＊＊＊＊＊＊＊＊
