任务1, 开始
0,218.0,108.0,218.0,108.0,17:33:42 692
睡眠,0,0,0,0,17:33:42 708
+1,284.0,147.0,124.0,139.0,17:33:45 611
+1,287.0,144.0,116.72484,139.20709,17:33:46 454
任务1, 结束
+2,206.0,45.0,115.0,225.0,17:33:51 633
＊主菜单＊,0,0,0,0,17:33:51 673
任务2, 开始
+1,257.0,186.0,37.0,236.0,17:33:54 997
+1,265.0,194.0,48.0,230.0,17:33:55 436
+1,262.0,186.0,38.0,209.0,17:33:56 171
+1,245.0,151.0,146.0,159.0,17:33:56 577
+1,267.0,196.0,100.0,196.0,17:33:57 455
+1,296.0,180.0,41.0,190.0,17:33:58 354
0,220.0,202.0,220.0,202.0,17:33:59 727
下载,0,0,0,0,17:33:59 787
任务2, 结束
任务3, 开始
+2,130.0,53.0,143.54794,293.30127,17:34:11 626
＊主菜单＊,0,0,0,0,17:34:11 665
-1,99.0,194.0,247.0,199.0,17:34:12 826
-1,83.0,175.0,220.0,188.0,17:34:13 600
-1,78.0,164.0,197.0,171.0,17:34:14 507
-1,99.0,182.0,264.0,183.0,17:34:15 837
-1,100.0,197.0,195.0,188.0,17:34:17 733
-1,95.0,184.0,211.0,185.0,17:34:18 986
0,214.0,232.0,214.0,232.0,17:34:21 373
邮箱,0,0,0,0,17:34:21 411
+1,276.0,150.0,89.37791,155.19508,17:34:25 123
+2,151.0,55.0,169.0,232.0,17:34:25 636
＊主菜单＊,0,0,0,0,17:34:25 695
-1,98.0,174.0,257.0,155.0,17:34:28 706
+1,283.0,181.0,44.0,208.0,17:34:28 870
+1,212.0,182.0,40.0,228.0,17:34:28 936
0,116.0,188.0,116.0,188.0,17:34:29 634
新浪微博,0,0,0,0,17:34:29 692
+1,256.0,154.0,83.0,177.0,17:34:33 039
-1,100.0,164.0,293.0,179.0,17:34:33 516
任务3, 结束
任务4, 开始
+2,139.0,28.0,151.0,255.0,17:34:40 596
＊主菜单＊,0,0,0,0,17:34:40 642
0,94.0,148.0,94.0,148.0,17:34:42 437
-1,100.0,147.0,262.0,165.0,17:34:43 017
+1,262.0,138.0,70.0,143.0,17:34:43 960
+1,255.0,148.0,93.0,148.0,17:34:44 581
0,213.0,117.0,213.0,117.0,17:34:45 333
音乐,0,0,0,0,17:34:45 370
+1,259.0,133.0,119.71706,138.75473,17:34:48 124
+1,284.0,173.0,86.5,192.0,17:34:49 520
-1,91.0,130.0,223.0,135.0,17:34:50 376
任务4, 结束
任务5, 开始
+2,215.0,59.0,186.92915,299.01587,17:34:56 124
＊主菜单＊,0,0,0,0,17:34:56 164
+1,214.0,178.0,81.0,189.0,17:34:58 045
0,202.0,223.0,202.0,223.0,17:34:58 813
笔记,0,0,0,0,17:34:58 969
-1,100.0,144.0,221.0,135.0,17:35:01 617
+1,233.0,139.0,65.0,151.0,17:35:01 686
+1,289.0,148.0,106.0,169.0,17:35:02 722
任务5, 结束
＊＊＊＊＊＊＊＊＊＊＊＊＊＊＊＊＊＊＊＊＊＊＊＊＊＊＊＊＊＊
