任务1, 开始
+1,237.0,177.0,20.0,216.0,10:05:10 556
+1,256.0,184.0,27.0,196.0,10:05:10 633
+1,219.0,176.0,51.0,192.0,10:05:10 706
+1,247.0,179.0,96.0,186.0,10:05:11 153
0,105.0,112.0,105.0,112.0,10:05:12 459
系统设置,0,0,0,0,10:05:12 496
任务1, 结束
任务2, 开始
-1,82.0,155.0,134.0,150.75972,10:05:31 615
+2,162.0,31.0,175.0,272.0,10:05:32 048
＊主菜单＊,0,0,0,0,10:05:32 188
-1,107.0,178.0,303.0,170.0,10:05:34 696
-1,127.0,166.0,295.0,155.0,10:05:34 939
-1,104.0,187.0,312.0,178.0,10:05:35 244
-1,103.0,151.0,307.0,163.0,10:05:35 669
-1,60.0,137.0,289.0,149.0,10:05:35 962
-1,62.0,164.0,303.0,156.0,10:05:37 949
0,95.0,106.0,95.0,106.0,10:06:02 387
健康运动,0,0,0,0,10:06:02 435
+1,236.0,149.0,16.0,147.0,10:06:08 968
+1,279.0,147.0,20.834492,173.3885,10:06:09 723
+1,244.0,155.0,11.372267,182.75328,10:06:10 389
+1,250.0,169.0,21.0,184.0,10:06:11 081
任务2, 结束
+2,160.0,29.0,180.44528,289.29968,10:06:27 558
＊主菜单＊,0,0,0,0,10:06:27 597
任务3, 开始
+1,198.0,175.0,48.410046,221.59381,10:06:30 978
0,215.0,104.0,215.0,104.0,10:06:31 149
微信,0,0,0,0,10:06:31 219
+1,252.0,172.0,18.974247,186.93459,10:06:35 075
+1,215.0,168.0,44.102364,178.45366,10:06:36 466
+1,238.0,179.0,25.0,188.0,10:06:36 938
+1,241.0,182.0,57.119785,198.47005,10:06:38 461
+1,279.0,178.0,38.0,188.0,10:06:38 645
+2,155.0,38.0,176.83977,284.32977,10:06:40 446
＊主菜单＊,0,0,0,0,10:06:40 484
0,104.0,107.0,104.0,107.0,10:06:42 939
腾讯QQ,0,0,0,0,10:06:42 977
+1,204.0,190.0,37.19503,222.29921,10:06:45 223
+1,242.0,172.0,33.0,187.0,10:06:45 995
+1,262.0,182.0,124.0,192.0,10:06:46 690
+2,128.0,38.0,132.0273,274.45407,10:06:47 294
＊主菜单＊,0,0,0,0,10:06:47 367
0,93.0,223.0,93.0,223.0,10:06:49 592
短信息,0,0,0,0,10:06:49 650
+1,258.0,196.0,39.713215,223.30188,10:06:52 543
+1,274.0,182.0,56.0,235.0,10:06:53 955
+1,274.0,177.0,15.184988,189.39621,10:06:54 510
+2,168.0,38.0,160.36978,270.6212,10:06:55 962
＊主菜单＊,0,0,0,0,10:06:55 999
0,216.0,219.0,216.0,219.0,10:06:58 451
邮箱,0,0,0,0,10:06:58 946
+1,253.0,178.0,42.0,219.0,10:07:06 442
+1,243.0,181.0,83.82768,206.65129,10:07:07 958
+1,241.0,184.0,41.417564,230.29121,10:07:09 967
+1,293.0,179.0,41.0,230.0,10:07:11 456
+1,292.0,172.0,15.206747,195.41385,10:07:13 995
+1,225.0,183.0,19.339546,209.47595,10:07:15 440
+1,233.0,180.0,40.0,201.0,10:07:16 255
+2,142.0,31.0,157.82771,239.10373,10:07:18 455
＊主菜单＊,0,0,0,0,10:07:18 494
+1,236.0,166.0,11.227688,193.62376,10:07:20 596
+1,267.0,178.0,43.0,205.0,10:07:22 670
-1,68.0,186.0,266.0,187.0,10:07:24 961
0,101.0,231.0,101.0,231.0,10:07:24 999
新浪微博,0,0,0,0,10:07:25 035
+1,230.0,163.0,57.0,231.0,10:07:27 983
+2,141.0,34.0,134.9046,262.66953,10:07:28 740
＊主菜单＊,0,0,0,0,10:07:28 847
-1,135.0,166.0,295.0,177.0,10:07:32 527
-1,111.0,159.0,303.0,157.0,10:07:33 184
+1,241.0,150.0,22.0,186.0,10:07:35 492
+1,206.0,184.0,24.81069,201.88196,10:07:37 495
+1,268.0,175.0,35.0,222.0,10:07:37 944
+1,271.0,178.0,48.0051,224.71246,10:07:38 548
+1,233.0,178.0,15.216455,206.87013,10:07:40 038
0,198.0,228.0,198.0,228.0,10:07:40 471
笔记,0,0,0,0,10:07:40 512
+1,286.0,150.0,22.0,190.0,10:07:43 459
+1,271.0,167.0,20.328413,195.33432,10:07:45 444
任务3, 结束
任务4, 开始
+2,156.0,28.0,181.0,247.73956,10:07:59 070
＊主菜单＊,0,0,0,0,10:07:59 185
0,90.0,232.0,90.0,232.0,10:08:01 705
卡包,0,0,0,0,10:08:01 756
+1,236.0,177.0,29.0,181.0,10:08:03 658
+1,261.0,191.0,42.0,218.0,10:08:04 358
+1,280.0,205.0,80.0,217.0,10:08:05 959
-1,70.0,186.0,257.0,181.0,10:08:06 718
+2,141.0,30.0,176.2914,241.0199,10:08:07 466
＊主菜单＊,0,0,0,0,10:08:08 450
+1,235.0,179.0,32.0,220.0,10:08:10 576
-1,71.0,195.0,282.0,189.0,10:08:10 791
-1,86.0,186.0,300.0,196.0,10:08:11 406
-1,88.0,194.0,265.0,189.0,10:08:13 039
0,190.0,225.0,190.0,225.0,10:08:14 457
支付宝,0,0,0,0,10:08:14 581
任务4, 结束
+2,150.0,39.0,186.22281,278.6134,10:08:19 480
＊主菜单＊,0,0,0,0,10:08:19 592
任务5, 开始
+1,262.0,172.0,-3.0,180.5,10:08:22 834
0,106.0,219.0,106.0,219.0,10:08:24 476
视频,0,0,0,0,10:08:24 515
+1,249.0,156.0,27.0,189.5,10:08:26 270
+2,141.0,35.0,174.0,278.5,10:08:28 801
＊主菜单＊,0,0,0,0,10:08:28 839
任务5, 结束
＊＊＊＊＊＊＊＊＊＊＊＊＊＊＊＊＊＊＊＊＊＊＊＊＊＊＊＊＊＊
