任务1, 开始
+1,264.0,135.0,25.0,180.0,09:54:34 526
+1,261.0,152.0,31.0,184.0,09:54:36 378
+1,278.0,150.0,21.0,182.0,09:54:38 525
-1,100.0,180.0,297.0,183.0,09:54:39 180
-1,64.0,159.0,298.0,149.0,09:54:40 287
-1,32.0,186.0,295.0,140.0,09:54:40 916
-1,51.0,181.0,310.0,164.0,09:54:42 476
-1,54.0,172.0,306.0,161.0,09:54:43 145
-1,42.0,174.0,270.0,150.0,09:54:44 969
-1,43.0,188.0,305.0,157.0,09:54:45 441
0,219.0,218.0,219.0,218.0,09:54:47 362
国际象棋,0,0,0,0,09:54:47 400
+1,277.0,177.0,37.34897,179.0,09:54:50 648
-1,131.0,177.0,301.22595,162.61298,09:54:52 359
-1,94.0,147.0,311.24292,140.40544,09:54:53 030
+1,267.0,159.0,16.0,176.0,09:54:54 387
任务1, 结束
+2,178.0,51.0,188.0,278.0,09:54:59 563
＊主菜单＊,0,0,0,0,09:54:59 634
任务2, 开始
+1,192.0,168.0,11.958319,185.71118,09:55:02 163
+1,228.0,159.0,32.0,191.0,09:55:02 887
+1,272.0,150.0,24.0,197.0,09:55:03 751
0,190.0,232.0,190.0,232.0,09:55:05 405
相册,0,0,0,0,09:55:05 468
+1,264.0,150.0,11.67652,195.07718,09:55:08 397
+1,284.0,150.0,0.68784904,186.9276,09:55:08 792
-1,67.0,186.0,306.0,148.0,09:55:10 382
+1,260.0,174.0,24.378891,193.59436,09:55:13 389
-1,138.0,191.0,312.783,174.59273,09:55:13 945
任务2, 结束
+2,159.0,45.0,166.73903,285.12085,09:55:19 358
＊主菜单＊,0,0,0,0,09:55:19 408
任务3, 开始
-1,108.0,197.0,309.0,177.0,09:55:22 766
0,96.0,227.0,96.0,227.0,09:55:24 412
新浪微博,0,0,0,0,09:55:24 460
+1,255.0,163.0,12.370684,234.17566,09:55:26 637
+1,246.0,152.0,70.75966,200.0096,09:55:28 401
-1,99.0,191.0,306.0,157.0,09:55:30 788
-1,93.0,182.0,301.0,165.0,09:55:31 499
+1,265.0,152.0,16.0,194.0,09:55:34 397
+1,213.0,159.0,24.0,211.0,09:55:34 481
任务3, 结束
+2,149.0,57.0,207.90646,286.5791,09:55:59 792
＊主菜单＊,0,0,0,0,09:55:59 878
任务4, 开始
+1,257.0,138.0,12.0,176.0,09:56:03 778
+1,217.0,125.0,13.0,176.0,09:56:03 980
+1,263.0,147.0,17.0,180.0,09:56:04 497
+1,232.0,154.0,13.0,182.0,09:56:04 784
+1,255.0,129.0,17.0,170.0,09:56:05 013
+1,277.0,153.0,18.0,174.0,09:56:05 791
+1,289.0,162.0,24.0,184.0,09:56:06 405
+1,262.0,169.0,51.0,222.0,09:56:07 049
+1,242.0,170.0,46.0,199.0,09:56:07 625
0,209.0,222.0,209.0,222.0,09:56:07 737
下载,0,0,0,0,09:56:08 215
0,193.0,213.0,193.0,213.0,09:56:09 885
+1,226.0,155.0,23.54005,194.4325,09:56:10 689
+1,258.0,164.0,41.769833,187.29056,09:56:12 400
+1,259.0,160.0,45.0,187.0,09:56:12 892
任务4, 结束
+2,164.0,35.0,189.06178,288.2683,09:56:17 903
＊主菜单＊,0,0,0,0,09:56:18 091
-1,78.0,183.0,283.0,180.0,09:56:21 909
任务5, 开始
-2,109.0,215.0,173.34715,16.652843,09:56:24 098
0,102.0,210.0,102.0,210.0,09:56:25 412
天气,0,0,0,0,09:56:25 449
+1,258.0,159.0,22.0,196.0,09:56:31 866
+1,253.0,152.0,15.261653,204.83647,09:56:34 062
+1,234.0,168.0,48.207573,188.52075,09:56:35 402
+1,257.0,169.0,3.5560265,220.78377,09:56:35 919
-1,104.0,186.0,304.0,155.0,09:56:37 402
-1,101.0,183.0,303.0,147.0,09:56:38 440
-1,95.0,190.0,305.0,164.0,09:56:40 872
+1,258.0,172.0,39.91055,221.08014,09:56:42 874
+1,292.0,153.0,18.0,221.0,09:56:44 897
+1,254.0,165.0,25.0,217.0,09:56:45 377
-1,84.0,180.0,304.18973,157.39813,09:56:48 911
-1,105.0,172.0,305.0,166.0,09:56:48 957
+1,256.0,141.0,23.205952,210.71037,09:56:51 913
+1,262.0,171.0,42.0,190.0,09:56:51 955
+1,196.0,158.0,29.0,211.0,09:56:52 244
任务5, 结束
＊＊＊＊＊＊＊＊＊＊＊＊＊＊＊＊＊＊＊＊＊＊＊＊＊＊＊＊＊＊
