任务1, 开始
+2,120.0,60.0,195.99031,289.22775,19:06:17 588
＊主菜单＊,0,0,0,0,19:06:17 668
0,100.0,107.0,100.0,107.0,19:06:23 141
健康运动,0,0,0,0,19:06:23 178
+1,273.0,163.0,130.0,178.0,19:06:25 611
+1,270.0,144.0,133.0,145.0,19:06:26 456
+1,247.0,145.0,100.0,173.0,19:06:27 243
+1,238.0,149.0,108.0,178.0,19:06:28 012
+1,247.0,142.0,82.0,153.0,19:06:28 885
任务1, 结束
任务2, 开始
+2,178.0,31.0,178.0,225.0,19:06:39 473
＊主菜单＊,0,0,0,0,19:06:39 525
+1,237.0,148.0,201.0,154.0,19:06:42 668
-1,162.0,176.0,261.0,147.0,19:06:43 983
0,110.0,102.0,110.0,102.0,19:06:45 624
健康运动,0,0,0,0,19:06:45 662
-1,137.0,188.0,277.0,182.0,19:06:48 139
+1,211.0,163.0,84.669395,183.19421,19:06:48 591
+1,248.0,134.0,132.0,145.0,19:06:49 304
+1,199.0,151.0,75.0,185.0,19:06:50 200
-1,185.0,33.0,216.0,145.0,19:06:51 583
+2,180.0,31.0,211.0,217.0,19:06:52 680
＊主菜单＊,0,0,0,0,19:06:52 732
+1,253.0,145.0,136.0,182.0,19:06:55 230
+1,249.0,147.0,100.0,189.0,19:06:56 097
+1,239.0,164.0,96.0,188.0,19:06:57 008
+1,236.0,148.0,100.0,181.0,19:06:58 307
+1,238.0,148.0,194.95398,155.37619,19:06:59 609
+1,250.0,151.0,106.0,188.0,19:07:00 756
0,96.0,103.0,96.0,103.0,19:07:01 643
系统设置,0,0,0,0,19:07:01 753
+2,180.0,30.0,218.06071,190.2318,19:07:08 136
＊主菜单＊,0,0,0,0,19:07:08 175
0,120.0,217.0,120.0,217.0,19:07:11 431
系统时钟,0,0,0,0,19:07:11 494
+1,249.0,157.0,127.37082,185.62599,19:07:14 128
+2,148.0,33.0,182.0,204.0,19:07:16 874
＊主菜单＊,0,0,0,0,19:07:16 983
0,220.0,198.0,220.0,198.0,19:07:19 652
下载,0,0,0,0,19:07:19 679
+1,268.0,139.0,160.39297,160.291,19:07:21 590
+1,256.0,151.0,103.0,189.0,19:07:22 369
+1,256.0,156.0,129.0,183.0,19:07:23 073
任务2, 结束
任务3, 开始
0,217.0,163.0,217.0,163.0,19:07:29 189
+2,199.0,37.0,207.32243,250.01465,19:07:32 164
＊主菜单＊,0,0,0,0,19:07:32 208
+2,180.0,28.0,225.0,179.0,19:07:32 756
0,225.0,104.0,225.0,104.0,19:07:33 917
自带导航,0,0,0,0,19:07:33 955
+1,262.0,112.0,145.0,129.0,19:07:36 561
-1,131.0,168.0,273.0,110.0,19:07:37 251
+2,184.0,53.0,232.0,252.0,19:07:38 011
＊主菜单＊,0,0,0,0,19:07:38 042
-1,197.0,64.0,229.0,167.0,19:07:38 719
-1,151.0,186.0,265.0,151.0,19:07:42 250
0,227.0,222.0,227.0,222.0,19:07:45 131
指南针,0,0,0,0,19:07:45 169
-1,178.0,55.0,215.71146,196.66005,19:07:46 798
-1,191.0,52.0,230.27509,200.24237,19:07:49 279
+2,177.0,41.0,223.0,281.0,19:07:49 783
＊主菜单＊,0,0,0,0,19:07:49 892
-1,137.0,171.0,287.0,172.0,19:07:52 735
-1,180.0,158.0,265.0,138.0,19:07:54 078
-1,127.0,170.0,264.0,154.0,19:07:55 501
-1,164.0,158.0,259.0,145.0,19:07:56 511
-1,150.0,169.0,262.0,147.0,19:07:57 520
+1,169.0,149.0,62.0,167.0,19:07:58 866
+1,263.0,128.0,80.0,146.0,19:07:59 223
+1,233.0,140.0,80.0,148.0,19:07:59 740
+1,199.0,150.0,92.0,176.0,19:08:00 046
+1,212.0,147.0,130.0,168.0,19:08:00 901
+1,236.0,139.0,146.0,160.0,19:08:02 494
0,232.0,104.0,232.0,104.0,19:08:04 506
自带导航,0,0,0,0,19:08:04 557
-1,106.0,182.0,314.99503,140.51364,19:08:06 852
+1,272.0,141.0,91.0,152.0,19:08:07 189
0,216.0,98.0,216.0,98.0,19:08:08 173
+1,267.0,108.0,111.956505,139.0,19:08:08 865
-1,190.0,55.0,227.0001,202.81863,19:08:10 495
+2,181.0,31.0,238.0,228.0,19:08:11 096
＊主菜单＊,0,0,0,0,19:08:11 217
-1,183.0,56.0,218.0,155.0,19:08:11 980
-1,192.0,158.0,288.68558,146.31877,19:08:13 495
-1,167.0,163.0,293.0,148.0,19:08:15 366
0,116.0,94.0,116.0,94.0,19:08:17 113
浏览器,0,0,0,0,19:08:17 153
+1,269.0,154.0,107.57459,211.76796,19:08:19 757
+1,257.0,148.0,132.49985,184.33931,19:08:20 909
-1,174.0,162.0,316.75937,138.64691,19:08:21 592
任务3, 结束
任务4, 开始
+2,176.0,35.0,209.41385,285.93146,19:08:30 990
＊主菜单＊,0,0,0,0,19:08:31 071
+2,169.0,36.0,209.0,253.0,19:08:32 282
-1,130.0,185.0,261.0,179.0,19:08:34 079
0,105.0,226.0,105.0,226.0,19:08:35 673
视频,0,0,0,0,19:08:35 739
任务4, 结束
任务5, 开始
+2,176.0,41.0,151.0,268.0,19:08:48 664
＊主菜单＊,0,0,0,0,19:08:48 705
-1,140.0,179.0,266.0,172.0,19:08:50 717
0,222.0,106.0,222.0,106.0,19:08:51 734
联系人,0,0,0,0,19:08:51 775
+1,232.0,133.0,157.0,154.0,19:08:54 946
+1,256.0,146.0,122.0,187.0,19:08:55 790
+1,215.0,150.0,104.0,178.0,19:08:56 679
+1,266.0,120.0,145.0,148.0,19:08:58 211
-1,174.0,146.0,261.0,143.0,19:08:58 873
-1,193.0,145.0,226.0,145.0,19:08:59 804
-1,172.0,170.0,296.0,153.0,19:09:00 657
-1,145.0,155.0,271.0,139.0,19:09:01 665
-1,121.0,179.0,278.71194,143.0,19:09:02 812
+1,249.0,140.0,164.0,152.0,19:09:03 355
+1,267.0,142.0,150.0,144.0,19:09:04 127
+1,236.0,78.0,115.0,89.0,19:09:05 876
+1,252.0,113.0,176.0,131.0,19:09:08 186
-1,211.0,70.0,258.0,204.0,19:09:08 615
+2,178.0,40.0,179.0,232.0,19:09:11 176
＊主菜单＊,0,0,0,0,19:09:11 218
0,99.0,106.0,99.0,106.0,19:09:14 019
电话,0,0,0,0,19:09:14 093
0,219.0,140.0,219.0,140.0,19:09:17 034
0,164.0,126.0,164.0,126.0,19:09:18 707
0,234.0,128.0,234.0,128.0,19:09:20 402
+1,252.0,133.0,125.44795,141.0,19:09:21 229
任务5, 结束
＊＊＊＊＊＊＊＊＊＊＊＊＊＊＊＊＊＊＊＊＊＊＊＊＊＊＊＊＊＊
