任务1, 开始
+1,237.0,186.0,135.0,188.0,19:15:14 092
+1,220.0,172.0,60.0,211.0,19:15:14 646
+1,265.0,175.0,167.0,183.0,19:15:16 075
0,107.0,207.0,107.0,207.0,19:15:16 663
视频,0,0,0,0,19:15:16 700
+1,227.0,184.0,128.0,186.0,19:15:19 557
任务1, 结束
+1,216.0,164.0,126.24335,173.70992,19:15:23 001
+2,190.0,46.0,220.30284,249.20232,19:15:23 294
＊主菜单＊,0,0,0,0,19:15:23 335
任务2, 开始
+1,179.0,175.0,73.82578,174.23624,19:15:27 369
0,115.0,214.0,115.0,214.0,19:15:29 055
卡包,0,0,0,0,19:15:29 140
+1,269.0,146.0,110.39871,170.55534,19:15:31 143
+1,268.0,122.0,75.0,207.0,19:15:31 839
+1,266.0,154.0,112.0,206.0,19:15:32 848
+1,265.0,164.0,182.0,179.0,19:15:34 555
+1,255.0,176.0,76.766785,184.67256,19:15:35 062
-1,138.0,179.0,293.0,192.0,19:15:35 659
-1,145.0,183.0,298.0,165.0,19:15:36 562
-1,137.0,154.0,298.32376,146.0,19:15:37 525
-1,84.0,185.0,302.0,151.0,19:15:39 097
+1,271.0,177.0,47.702015,179.63878,19:15:41 071
+1,256.0,172.0,84.1991,175.64455,19:15:41 594
0,122.0,148.0,122.0,148.0,19:15:48 036
-1,180.0,151.0,291.0,147.0,19:15:49 607
-1,175.0,178.0,296.0,143.0,19:15:50 191
-1,168.0,146.0,294.0,118.0,19:15:50 947
+1,224.0,172.0,88.89923,182.29358,19:15:51 415
+1,281.0,163.0,42.0,189.0,19:15:51 955
+1,272.0,151.0,110.0,216.0,19:15:53 217
+1,256.0,147.0,80.5,177.5,19:15:55 054
+2,191.0,28.0,225.0,220.0,19:15:55 905
＊主菜单＊,0,0,0,0,19:15:55 997
+1,256.0,173.0,109.0,150.0,19:15:58 710
0,115.0,97.0,115.0,97.0,19:16:00 560
股票,0,0,0,0,19:16:00 601
+2,183.0,61.0,230.5,231.5,19:16:02 376
＊主菜单＊,0,0,0,0,19:16:02 414
+1,222.0,197.0,91.0,236.0,19:16:04 637
+1,284.0,147.0,176.0,154.0,19:16:05 610
-1,131.0,179.0,298.0,149.0,19:16:05 970
-1,134.0,154.0,306.0,161.0,19:16:06 412
-1,143.0,159.0,288.0,122.0,19:16:07 085
-1,110.0,144.0,291.0,144.0,19:16:09 071
-1,139.0,167.0,304.0,169.0,19:16:09 272
-1,140.0,160.0,294.0,135.0,19:16:11 165
任务2, 结束
任务3, 开始
+1,254.0,157.0,79.425186,196.35281,19:16:17 143
+1,250.0,164.0,101.0,150.0,19:16:17 888
+1,236.0,184.0,39.0,217.0,19:16:18 883
+1,252.0,172.0,27.0,192.0,19:16:20 633
+1,249.0,158.0,45.0,190.0,19:16:21 604
+1,252.0,182.0,59.0,219.0,19:16:22 335
0,100.0,129.0,100.0,129.0,19:16:24 082
0,105.0,108.0,105.0,108.0,19:16:24 791
系统设置,0,0,0,0,19:16:24 899
0,135.0,122.0,135.0,122.0,19:16:26 597
任务3, 结束
任务4, 开始
+2,152.0,49.0,176.62788,284.51163,19:16:33 310
＊主菜单＊,0,0,0,0,19:16:33 393
-1,138.0,145.0,276.0,147.0,19:16:39 125
-1,124.0,149.0,297.0,147.0,19:16:39 496
-1,106.0,148.0,279.0,120.0,19:16:40 172
-1,164.0,155.0,296.0,102.0,19:16:42 113
-1,101.0,155.0,294.0,114.0,19:16:42 660
-1,89.0,146.0,278.0,110.0,19:16:43 320
0,137.0,93.0,137.0,93.0,19:16:45 083
健康运动,0,0,0,0,19:16:45 576
+1,265.0,137.0,58.0,152.0,19:16:50 333
+1,225.0,152.0,102.318596,184.72198,19:16:52 034
+1,289.0,135.0,112.0,175.0,19:16:52 773
+1,227.0,146.0,66.0,155.0,19:16:54 573
任务4, 结束
任务5, 开始
+2,174.0,78.0,241.02455,287.7875,19:17:10 402
＊主菜单＊,0,0,0,0,19:17:10 483
+1,225.0,151.0,111.0,179.0,19:17:16 006
+1,224.0,198.0,108.0,212.0,19:17:16 859
+1,234.0,171.0,106.0,202.0,19:17:18 595
+1,270.0,144.0,130.0,173.0,19:17:19 117
+1,213.0,154.0,182.0,166.0,19:17:19 695
0,216.0,228.0,216.0,228.0,19:17:20 354
笔记,0,0,0,0,19:17:20 480
0,232.0,225.0,232.0,225.0,19:17:21 651
+1,258.0,175.0,102.0,193.0,19:17:23 573
+1,279.0,147.0,132.55638,180.62907,19:17:25 578
0,219.0,100.0,219.0,100.0,19:17:27 544
0,204.0,74.0,204.0,74.0,19:17:36 570
0,259.0,104.0,259.0,104.0,19:17:38 552
0,240.0,98.0,240.0,98.0,19:17:38 596
0,265.0,111.0,265.0,111.0,19:17:38 633
0,259.0,107.0,259.0,107.0,19:17:38 682
0,262.0,98.0,262.0,98.0,19:17:38 862
0,227.0,86.0,227.0,86.0,19:17:39 103
0,258.0,113.0,258.0,113.0,19:17:39 223
任务5, 结束
＊＊＊＊＊＊＊＊＊＊＊＊＊＊＊＊＊＊＊＊＊＊＊＊＊＊＊＊＊＊
+2,160.0,21.0,178.0,240.0,19:17:49 980
＊主菜单＊,0,0,0,0,19:17:50 161
