0,213.0,183.0,213.0,183.0,19:01:04 591
+2,177.0,36.0,186.0,268.0,19:01:05 563
＊主菜单＊,0,0,0,0,19:01:05 599
任务1, 开始
+1,206.0,144.0,94.0,225.0,19:01:15 204
-1,124.0,178.0,308.78827,143.98131,19:01:16 021
-1,196.0,150.0,264.0,107.0,19:01:17 237
-1,160.0,180.0,292.1466,172.99382,19:01:18 715
-1,173.0,154.0,302.90555,127.387405,19:01:20 179
0,238.0,218.0,238.0,218.0,19:01:23 131
相册,0,0,0,0,19:01:23 169
+1,227.0,155.0,97.0,168.0,19:01:25 317
+1,224.0,168.0,105.0,209.0,19:01:25 867
-1,132.0,163.0,292.0,169.0,19:01:26 569
任务1, 结束
任务2, 开始
任务2, 结束
任务3, 开始
-1,100.0,165.0,295.0,145.0,19:01:43 120
+2,222.0,36.0,214.0,269.0,19:01:43 179
＊主菜单＊,0,0,0,0,19:01:43 358
-1,179.0,95.0,220.4873,206.5087,19:01:43 661
+2,177.0,72.0,216.0,277.0,19:01:44 152
+1,289.0,222.0,101.0,266.0,19:01:47 214
+1,263.0,193.0,104.43791,213.97197,19:01:48 078
+1,223.0,193.0,120.0,244.0,19:01:49 111
+1,264.0,191.0,61.0,234.0,19:01:50 875
+1,212.0,185.0,53.0,219.0,19:01:51 962
-1,141.0,203.0,282.0,216.0,19:01:52 286
-1,144.0,190.0,293.0,140.0,19:01:52 989
-1,137.0,194.0,245.0,184.0,19:01:53 601
-1,142.0,222.0,267.0,194.0,19:01:54 372
-1,141.0,160.0,286.0,154.0,19:01:55 495
-1,172.0,176.0,279.0,151.0,19:01:59 373
+1,261.0,186.0,95.0,241.0,19:01:59 910
0,102.0,231.0,102.0,231.0,19:02:00 411
新浪微博,0,0,0,0,19:02:00 554
+1,261.0,146.0,57.0,195.0,19:02:05 863
-1,169.0,155.0,321.30164,141.0,19:02:07 165
+1,237.0,194.0,150.0,191.0,19:02:07 805
+1,196.0,185.0,94.0,199.0,19:02:08 482
-1,146.0,176.0,244.0,175.0,19:02:12 051
-1,180.0,174.0,288.0,159.0,19:02:12 970
+1,260.0,178.0,66.0,216.0,19:02:13 664
任务3, 结束
任务4, 开始
+2,196.0,72.0,217.0,237.0,19:02:34 109
＊主菜单＊,0,0,0,0,19:02:34 223
+1,260.0,178.0,104.0,266.0,19:02:37 245
+1,208.0,190.0,56.0,250.0,19:02:38 800
+1,186.0,187.0,58.0,235.0,19:02:42 197
+1,281.0,178.0,65.64019,265.19626,19:02:42 909
0,146.0,140.0,146.0,140.0,19:02:45 316
0,92.0,92.0,92.0,92.0,19:02:47 081
0,63.0,100.0,63.0,100.0,19:02:47 813
0,98.0,97.0,98.0,97.0,19:02:48 740
系统设置,0,0,0,0,19:02:48 780
+1,259.0,197.0,93.687416,242.10538,19:02:52 057
+2,137.0,34.0,105.0,252.0,19:02:52 809
＊主菜单＊,0,0,0,0,19:02:52 903
+2,141.0,52.0,114.120125,271.43842,19:02:53 585
0,247.0,203.0,247.0,203.0,19:02:55 439
0,222.0,196.0,222.0,196.0,19:02:57 120
下载,0,0,0,0,19:02:57 156
+1,226.0,225.0,99.0,230.0,19:02:59 612
+1,182.0,138.0,45.0,182.0,19:03:00 435
-1,114.0,188.0,232.62299,186.04117,19:03:01 234
+2,175.0,90.0,190.0,249.0,19:03:01 797
＊主菜单＊,0,0,0,0,19:03:01 926
-1,174.0,177.0,309.0,172.0,19:03:04 742
-1,177.0,185.0,305.03253,149.6655,19:03:06 072
0,189.0,209.0,189.0,209.0,19:03:06 872
指南针,0,0,0,0,19:03:06 958
-1,110.0,143.0,292.0,178.0,19:03:07 632
-1,96.0,177.0,274.0,187.0,19:03:08 879
+2,209.0,40.0,240.19601,302.54126,19:03:09 205
＊主菜单＊,0,0,0,0,19:03:09 329
+2,205.0,50.0,259.0,238.0,19:03:10 171
-1,161.0,173.0,254.0,186.0,19:03:12 718
-1,182.0,137.0,263.0,140.0,19:03:13 631
-1,70.0,118.0,217.0,177.0,19:03:14 430
-1,197.0,176.0,308.75055,179.5036,19:03:18 658
任务4, 结束
任务5, 开始
+1,259.0,199.0,58.0,262.0,19:03:27 389
+1,255.0,149.0,75.0,220.0,19:03:29 129
+1,210.0,173.0,104.0,239.0,19:03:30 618
+1,231.0,226.0,59.0,239.0,19:03:32 268
+1,209.0,183.0,100.0,206.0,19:03:33 948
-1,138.0,193.0,265.7128,210.58794,19:03:34 462
-1,177.0,175.0,258.0,194.0,19:03:35 111
-1,192.0,166.0,288.80157,177.256,19:03:35 831
-1,179.0,211.0,259.0,222.0,19:03:37 335
-1,207.0,171.0,309.0,176.0,19:03:38 376
-1,141.0,140.0,257.0,150.0,19:03:39 584
-1,177.0,194.0,280.0,181.0,19:03:40 625
-1,143.0,191.0,271.0,206.0,19:03:41 814
0,227.0,186.0,227.0,186.0,19:03:43 750
国际象棋,0,0,0,0,19:03:43 831
0,280.0,205.0,280.0,205.0,19:03:45 305
+1,257.0,168.0,105.0,194.0,19:03:47 626
0,215.0,263.0,215.0,263.0,19:03:51 975
任务5, 结束
＊＊＊＊＊＊＊＊＊＊＊＊＊＊＊＊＊＊＊＊＊＊＊＊＊＊＊＊＊＊
