+2,175.0,31.0,166.37639,287.92438,17:07:50 183
＊主菜单＊,0,0,0,0,17:07:50 272
任务1, 开始
+1,271.0,158.0,164.4679,179.30385,17:07:56 099
+1,285.0,150.0,104.0,185.0,17:07:56 848
+1,273.0,150.0,136.0,183.0,17:07:57 968
0,121.0,221.0,121.0,221.0,17:07:59 261
视频,0,0,0,0,17:07:59 297
+1,294.0,158.0,120.953125,193.25949,17:08:02 089
任务1, 结束
任务2, 开始
+2,218.0,97.0,216.5,306.5,17:08:17 735
＊主菜单＊,0,0,0,0,17:08:17 790
+1,287.0,178.0,134.0132,226.23212,17:08:22 225
+1,295.0,167.0,229.0,183.0,17:08:23 985
-1,184.0,176.0,240.1302,177.10059,17:08:24 526
+1,271.0,202.0,226.0,217.0,17:08:25 364
-1,180.0,181.0,310.04657,177.17294,17:08:26 008
+1,273.0,178.0,172.0,195.0,17:08:26 923
0,87.0,105.0,87.0,105.0,17:08:27 443
浏览器,0,0,0,0,17:08:27 535
任务2, 结束
+2,182.0,35.0,154.56165,263.17807,17:08:40 618
任务3, 开始
＊主菜单＊,0,0,0,0,17:08:40 968
-1,130.0,179.0,266.0,191.0,17:08:42 376
-1,102.0,206.0,155.02777,190.0,17:08:43 777
-1,137.0,160.0,261.0,160.0,17:08:44 592
-1,149.0,157.0,260.0,168.0,17:08:45 856
-1,118.0,157.0,232.0,158.0,17:08:46 576
0,115.0,235.0,115.0,235.0,17:08:50 713
运动秒表,0,0,0,0,17:08:50 755
+2,192.0,64.0,198.16727,302.3453,17:08:53 589
＊主菜单＊,0,0,0,0,17:08:53 630
0,124.0,105.0,124.0,105.0,17:08:55 007
健康运动,0,0,0,0,17:08:55 044
任务3, 结束
任务4, 开始
+2,183.0,81.0,175.23938,270.35123,17:09:07 557
＊主菜单＊,0,0,0,0,17:09:07 672
+1,285.0,171.0,148.0,197.0,17:09:09 813
0,229.0,233.0,229.0,233.0,17:09:10 733
邮箱,0,0,0,0,17:09:10 845
+1,293.0,175.0,185.0,196.0,17:09:19 469
+1,292.0,183.0,150.31891,234.87598,17:09:21 014
-1,144.0,167.0,286.03076,185.37996,17:09:22 565
-1,174.0,179.0,262.0,179.0,17:09:23 042
+1,292.0,184.0,143.0,226.0,17:09:28 700
+1,292.0,188.0,145.73126,225.20044,17:09:30 126
+1,278.0,193.0,182.02496,234.39001,17:09:31 534
-1,166.0,153.0,262.35275,156.16226,17:09:33 485
-1,139.0,182.0,260.0,174.0,17:09:34 144
-1,173.0,165.0,258.0,179.0,17:09:34 908
+1,280.0,184.0,176.0,212.0,17:09:35 588
+1,271.0,185.0,187.0,206.0,17:09:35 938
+1,276.0,193.0,190.0,215.0,17:09:36 392
+1,292.0,190.0,185.0,224.0,17:09:38 217
+1,298.0,199.0,188.0,226.0,17:09:41 124
任务4, 结束
任务5, 开始
+2,225.0,60.0,217.98395,230.91486,17:09:50 224
＊主菜单＊,0,0,0,0,17:09:50 362
+1,269.0,150.0,128.86737,196.53316,17:09:52 287
+1,287.0,157.0,185.0,183.0,17:09:52 951
+1,276.0,147.0,204.0,164.0,17:09:53 702
+1,282.0,148.0,175.0,177.0,17:09:54 544
+1,294.0,159.0,172.0,181.0,17:09:55 402
0,218.0,208.0,218.0,208.0,17:09:56 694
下载,0,0,0,0,17:09:56 774
任务5, 结束
＊＊＊＊＊＊＊＊＊＊＊＊＊＊＊＊＊＊＊＊＊＊＊＊＊＊＊＊＊＊
