+2,179.0,55.0,138.5,234.0,17:11:29 631
＊主菜单＊,0,0,0,0,17:11:29 680
任务1, 开始
+1,264.0,190.0,69.0,176.0,17:11:35 545
0,212.0,219.0,212.0,219.0,17:11:35 955
下载,0,0,0,0,17:11:35 994
任务1, 结束
任务2, 开始
+2,187.0,97.0,175.0,274.0,17:11:46 366
＊主菜单＊,0,0,0,0,17:11:46 445
+1,251.0,177.0,110.0,162.0,17:11:49 213
-1,134.0,140.0,285.0,180.0,17:11:49 313
-1,125.0,169.0,224.9014,170.0742,17:11:49 773
-1,141.0,181.0,234.25262,178.80582,17:11:50 635
0,132.0,179.0,132.0,179.0,17:11:51 775
-1,123.0,175.0,329.42462,187.32968,17:11:52 408
-1,131.0,158.0,276.0,174.0,17:11:54 725
0,103.0,227.0,103.0,227.0,17:11:56 318
短信息,0,0,0,0,17:11:56 395
0,188.0,76.0,188.0,76.0,17:11:59 412
0,103.0,82.0,103.0,82.0,17:12:00 280
0,195.0,85.0,195.0,85.0,17:12:01 284
+1,284.0,148.0,39.029,185.49516,17:12:01 631
-1,97.0,191.0,225.0,185.0,17:12:05 394
+1,297.0,154.0,132.0,164.0,17:12:08 169
任务2, 结束
任务3, 开始
+2,121.0,56.0,128.0,284.61075,17:12:15 864
＊主菜单＊,0,0,0,0,17:12:15 979
-1,115.0,163.0,296.0,168.0,17:12:18 691
+1,291.0,151.0,191.0,157.0,17:12:19 403
+1,272.0,154.0,107.0,148.0,17:12:20 019
+1,258.0,176.0,93.0,194.0,17:12:21 202
+1,290.0,190.0,126.0,189.0,17:12:22 103
0,221.0,242.0,221.0,242.0,17:12:22 878
0,226.0,211.0,226.0,211.0,17:12:25 468
笔记,0,0,0,0,17:12:25 511
+1,274.0,149.0,138.15414,148.95634,17:12:28 633
+1,292.0,139.0,175.0,145.0,17:12:32 132
+1,289.0,152.0,120.27836,134.69911,17:12:35 493
-2,172.0,207.0,188.0,55.0,17:12:37 335
-1,128.0,190.0,279.1586,189.73955,17:12:45 783
-1,133.0,145.0,260.0,175.0,17:12:47 494
任务3, 结束
任务4, 开始
+2,179.0,65.0,145.97849,291.83862,17:12:54 638
＊主菜单＊,0,0,0,0,17:12:54 697
+1,228.0,163.0,142.0,167.0,17:12:56 399
-1,98.0,174.0,225.0,179.0,17:12:57 086
-1,113.0,152.0,282.0,160.0,17:12:57 385
0,216.0,112.0,216.0,112.0,17:12:58 081
音乐,0,0,0,0,17:12:58 148
+1,273.0,165.0,118.01261,158.67087,17:13:01 127
+1,303.0,169.0,91.23851,157.71773,17:13:02 078
0,259.0,137.0,259.0,137.0,17:13:08 641
0,220.0,121.0,220.0,121.0,17:13:09 974
任务4, 结束
任务5, 开始
+2,273.0,70.0,206.0,271.0,17:13:19 646
＊主菜单＊,0,0,0,0,17:13:19 687
+2,163.0,65.0,149.27594,240.80951,17:13:20 469
-1,107.0,143.0,268.0,153.0,17:13:22 277
-1,142.0,210.0,269.28772,218.72795,17:13:22 759
-1,120.0,149.0,303.0,161.0,17:13:23 609
0,103.0,96.0,103.0,96.0,17:13:24 636
健康运动,0,0,0,0,17:13:24 676
+2,199.0,45.0,139.6206,278.86218,17:13:26 529
＊主菜单＊,0,0,0,0,17:13:26 565
0,223.0,110.0,223.0,110.0,17:13:28 264
睡眠,0,0,0,0,17:13:28 326
+1,274.0,141.0,82.88376,155.883,17:13:31 179
任务5, 结束
＊＊＊＊＊＊＊＊＊＊＊＊＊＊＊＊＊＊＊＊＊＊＊＊＊＊＊＊＊＊
-1,112.0,241.0,221.0,255.0,17:13:48 555
+1,141.0,234.0,98.0,223.0,17:13:49 523
+1,146.0,246.0,105.0,235.0,17:13:52 142
-1,93.0,220.0,215.92801,267.77103,17:13:54 189
