任务1, 开始
+1,259.0,147.0,120.0,146.0,17:01:44 686
+1,289.0,144.0,182.0,144.0,17:01:45 997
+1,281.0,151.0,128.0,141.0,17:01:46 962
0,101.0,240.0,101.0,240.0,17:01:48 451
0,124.0,224.0,124.0,224.0,17:01:50 466
视频,0,0,0,0,17:01:50 528
0,112.0,220.0,112.0,220.0,17:01:52 229
+1,278.0,148.0,61.0,149.0,17:01:53 155
任务1, 结束
0,173.0,44.0,173.0,44.0,17:02:05 190
0,186.0,41.0,186.0,41.0,17:02:05 266
0,135.0,40.0,135.0,40.0,17:02:06 957
0,143.0,70.0,143.0,70.0,17:02:07 073
任务2, 开始
+2,169.0,16.0,140.45424,273.85764,17:02:15 586
＊主菜单＊,0,0,0,0,17:02:15 625
-2,176.0,276.0,142.53688,21.852505,17:02:16 044
+1,280.0,151.0,168.0,120.0,17:02:17 914
+1,278.0,190.0,138.0,179.0,17:02:19 324
+1,302.0,157.0,198.0,151.0,17:02:20 291
0,94.0,126.0,94.0,126.0,17:02:21 239
系统设置,0,0,0,0,17:02:21 287
-1,69.0,142.0,190.0,155.0,17:02:31 357
-1,72.0,175.0,267.33554,183.53369,17:02:31 946
任务2, 结束
任务3, 开始
+1,293.0,143.0,13.7625675,185.361,17:02:42 060
0,289.0,158.0,289.0,158.0,17:02:42 729
-1,56.0,147.0,266.5,176.5,17:02:44 170
-1,45.0,197.0,163.0,216.5,17:02:45 492
0,300.0,190.0,300.0,190.0,17:02:46 396
0,303.0,170.0,303.0,170.0,17:02:46 538
+1,258.0,179.0,157.22414,168.79282,17:02:47 605
0,162.0,23.0,162.0,23.0,17:02:48 082
0,148.0,31.0,148.0,31.0,17:02:48 210
+2,95.0,63.0,112.846146,286.15384,17:02:49 780
＊主菜单＊,0,0,0,0,17:02:49 832
+2,183.0,59.0,142.0,283.0,17:02:50 468
0,239.0,112.0,239.0,112.0,17:02:53 847
自带导航,0,0,0,0,17:02:53 928
+2,177.0,99.0,143.51987,285.36093,17:02:55 578
＊主菜单＊,0,0,0,0,17:02:55 638
+1,263.0,153.0,112.160934,144.18575,17:02:59 323
-1,126.0,126.0,160.41522,135.67928,17:02:59 998
-1,78.0,160.0,269.93967,167.18071,17:03:00 639
-1,130.0,143.0,257.0,164.0,17:03:01 838
-1,134.0,158.0,229.0,167.0,17:03:03 329
-1,125.0,131.0,302.0,180.0,17:03:04 363
-1,111.0,150.0,262.0,180.0,17:03:05 012
-1,97.0,151.0,250.0,165.0,17:03:05 879
+1,283.0,151.0,130.0,142.0,17:03:07 967
+1,269.0,147.0,56.0,151.0,17:03:08 318
+1,230.0,140.0,66.0,151.0,17:03:08 453
+1,227.0,141.0,69.0,141.0,17:03:08 784
+1,281.0,146.0,185.0,141.0,17:03:09 768
+1,286.0,144.0,127.0,146.0,17:03:10 442
0,115.0,111.0,115.0,111.0,17:03:11 233
系统设置,0,0,0,0,17:03:11 280
+2,181.0,57.0,144.0,264.5,17:03:17 469
＊主菜单＊,0,0,0,0,17:03:17 555
任务3, 结束
任务4, 开始
+2,180.0,34.0,131.58464,207.0855,17:03:26 667
-1,105.0,135.0,260.0,122.0,17:03:30 015
-1,108.0,163.0,282.27548,167.34651,17:03:30 557
+1,287.0,121.0,253.0,137.0,17:03:31 617
-1,133.0,139.0,277.35486,144.38979,17:03:32 009
-1,145.0,178.0,284.0,185.0,17:03:32 575
+1,275.0,168.0,93.0,179.0,17:03:33 715
+1,261.0,142.0,69.0,174.0,17:03:33 858
+1,197.0,164.0,55.0,175.0,17:03:34 026
+1,222.0,198.0,90.0,212.0,17:03:34 367
+1,261.0,176.0,138.0,189.0,17:03:35 408
-1,159.0,128.0,255.0,147.0,17:03:35 831
-1,130.0,162.0,326.6978,162.44081,17:03:36 124
-1,129.0,166.0,253.0,179.0,17:03:36 341
-1,145.0,148.0,293.0,180.0,17:03:36 703
-1,158.0,158.0,291.0,186.0,17:03:37 412
-1,137.0,165.0,216.2139,172.20126,17:03:37 987
0,245.0,89.0,245.0,89.0,17:03:38 704
0,231.0,109.0,231.0,109.0,17:03:40 135
微信,0,0,0,0,17:03:40 202
+1,259.0,155.0,78.0,161.0,17:03:46 585
-1,171.0,155.0,274.0,164.0,17:03:49 084
0,208.0,123.0,208.0,123.0,17:03:49 739
0,202.0,130.0,202.0,130.0,17:03:51 228
0,226.0,114.0,226.0,114.0,17:03:52 014
+1,293.0,150.0,154.56822,177.44081,17:03:52 564
+1,264.0,189.0,107.0,184.0,17:03:52 991
+1,292.0,186.0,111.0,187.0,17:03:55 190
-1,164.0,180.0,299.5,202.5,17:03:56 449
-1,139.0,159.0,289.63675,182.12921,17:03:56 731
-1,139.0,182.0,268.0,183.0,17:03:56 980
0,134.0,107.0,134.0,107.0,17:03:58 030
0,236.0,112.0,236.0,112.0,17:03:59 105
+1,262.0,151.0,134.0,142.0,17:04:02 605
+1,274.0,156.0,231.0,162.0,17:04:02 646
-1,143.0,140.0,252.7779,149.4645,17:04:05 125
-1,102.0,147.0,253.66006,151.0,17:04:08 056
0,107.0,108.0,107.0,108.0,17:04:08 098
0,223.0,126.0,223.0,126.0,17:04:09 507
0,224.0,138.0,224.0,138.0,17:04:09 620
+1,296.0,181.0,159.5188,174.61613,17:04:10 172
任务4, 结束
+2,180.0,20.0,139.038,289.506,17:04:23 004
＊主菜单＊,0,0,0,0,17:04:23 079
任务5, 开始
-1,105.0,143.0,278.0,153.0,17:04:27 622
0,107.0,105.0,107.0,105.0,17:04:29 338
健康运动,0,0,0,0,17:04:29 377
+1,249.0,153.0,116.0,148.0,17:04:33 149
任务5, 结束
＊＊＊＊＊＊＊＊＊＊＊＊＊＊＊＊＊＊＊＊＊＊＊＊＊＊＊＊＊＊
0,56.0,255.0,56.0,255.0,17:05:01 186
