任务1, 开始
+1,262.0,161.0,103.0,225.0,20:14:10 256
+1,294.0,162.0,107.0,226.0,20:14:11 523
+1,253.0,174.0,145.0,217.0,20:14:12 895
0,213.0,89.0,213.0,89.0,20:14:14 237
音乐,0,0,0,0,20:14:14 275
0,208.0,133.0,208.0,133.0,20:14:16 046
+1,284.0,206.0,82.826454,266.665,20:14:17 384
+1,262.0,212.0,145.0,228.0,20:14:19 294
-1,88.0,188.0,270.80624,184.0,20:14:20 644
-1,220.0,220.0,256.0,103.0,20:14:21 830
-1,100.0,198.0,257.0,148.0,20:14:22 184
任务1, 结束
任务2, 开始
+2,143.0,64.0,142.962,318.69504,20:14:38 329
＊主菜单＊,0,0,0,0,20:14:38 366
+1,267.0,194.0,55.0,237.0,20:14:40 065
+1,275.0,185.0,72.0,264.0,20:14:41 305
-1,117.0,187.0,289.0,146.0,20:14:42 500
0,133.0,229.0,133.0,229.0,20:14:43 016
卡包,0,0,0,0,20:14:43 092
+1,232.0,223.0,130.81493,253.15585,20:14:45 297
+1,243.0,215.0,87.0,269.0,20:14:45 916
+1,290.0,196.0,86.0,273.0,20:14:46 791
+1,265.0,203.0,175.0,232.0,20:14:47 475
+2,199.0,106.0,184.0,273.0,20:14:48 120
＊主菜单＊,0,0,0,0,20:14:48 218
0,223.0,215.0,223.0,215.0,20:14:50 807
笔记,0,0,0,0,20:14:50 848
+1,249.0,188.0,52.641487,267.17926,20:14:53 333
+1,268.0,194.0,100.0,235.0,20:14:53 903
+1,261.0,243.0,131.0,276.0,20:14:54 794
任务2, 结束
+2,151.0,75.0,143.48187,312.73087,20:15:01 966
＊主菜单＊,0,0,0,0,20:15:02 039
任务3, 开始
-1,91.0,184.0,226.0,190.0,20:15:04 905
-1,60.0,182.0,213.0,124.0,20:15:05 415
-1,118.0,178.0,245.0,174.0,20:15:06 263
-1,121.0,190.0,297.0,178.0,20:15:07 233
0,218.0,128.0,218.0,128.0,20:15:08 539
睡眠,0,0,0,0,20:15:08 580
+1,264.0,224.0,130.0,232.0,20:15:11 420
+1,247.0,222.0,93.0,274.0,20:15:13 237
任务3, 结束
任务4, 开始
+2,197.0,103.0,127.99964,311.93182,20:15:20 201
＊主菜单＊,0,0,0,0,20:15:20 267
+1,269.0,193.0,163.66028,202.97932,20:15:21 910
+1,255.0,216.0,86.0,240.0,20:15:22 761
+1,235.0,228.0,57.0,246.0,20:15:23 465
+1,244.0,198.0,64.0,227.0,20:15:24 189
+1,253.0,209.0,101.0,223.0,20:15:24 981
+1,250.0,227.0,99.0,224.0,20:15:25 809
0,224.0,222.0,224.0,222.0,20:15:26 417
下载,0,0,0,0,20:15:26 495
任务4, 结束
任务5, 开始
+2,167.0,62.0,137.83968,226.53868,20:15:40 948
＊主菜单＊,0,0,0,0,20:15:40 987
-1,92.0,183.0,291.0,110.0,20:15:42 829
-1,116.0,189.0,267.0,150.0,20:15:44 173
-1,105.0,184.0,256.0,153.0,20:15:45 076
-1,104.0,178.0,264.0,145.0,20:15:46 129
-1,57.0,178.0,275.0,151.0,20:15:46 942
-1,148.0,182.0,260.0,150.0,20:15:48 576
0,221.0,95.0,221.0,95.0,20:15:49 475
微信,0,0,0,0,20:15:49 562
+1,238.0,184.0,53.0,224.0,20:15:52 323
+1,263.0,191.0,31.0,255.0,20:15:53 036
+1,205.0,186.0,74.0,224.0,20:15:53 946
+1,247.0,185.0,55.0,261.0,20:15:55 349
+2,137.0,68.0,139.0,265.0,20:15:58 268
＊主菜单＊,0,0,0,0,20:15:58 327
0,102.0,111.0,102.0,111.0,20:16:01 324
腾讯QQ,0,0,0,0,20:16:01 365
+1,261.0,166.0,72.0,226.0,20:16:02 667
+2,181.0,66.0,173.0,226.0,20:16:03 726
＊主菜单＊,0,0,0,0,20:16:03 791
0,219.0,224.0,219.0,224.0,20:16:05 742
邮箱,0,0,0,0,20:16:05 814
+1,279.0,181.0,92.0,221.0,20:16:08 551
+1,293.0,177.0,31.0,233.0,20:16:09 305
+1,278.0,196.0,94.0,261.0,20:16:10 115
+2,196.0,99.0,177.96396,265.98712,20:16:14 208
＊主菜单＊,0,0,0,0,20:16:14 301
+1,252.0,199.0,121.0,223.0,20:16:16 031
0,108.0,198.0,108.0,198.0,20:16:17 447
新浪微博,0,0,0,0,20:16:17 531
任务5, 结束
＊＊＊＊＊＊＊＊＊＊＊＊＊＊＊＊＊＊＊＊＊＊＊＊＊＊＊＊＊＊
+1,218.0,117.0,187.0,253.0,20:16:30 991
