+2,177.0,69.0,184.0,225.0,20:18:20 193
＊主菜单＊,0,0,0,0,20:18:20 218
任务1, 开始
+2,118.0,57.0,111.0273,248.95775,20:18:40 541
-1,125.0,215.0,231.0,187.0,20:18:41 237
-1,98.0,167.0,232.03409,153.74644,20:18:41 963
0,102.0,112.0,102.0,112.0,20:18:45 390
健康运动,0,0,0,0,20:18:45 440
+1,226.0,185.0,84.19996,231.32002,20:18:50 003
0,264.0,218.0,264.0,218.0,20:18:51 082
+1,257.0,216.0,53.0,233.0,20:18:51 158
+1,264.0,184.0,45.73898,212.00232,20:18:52 364
任务1, 结束
任务2, 开始
+1,211.0,90.0,180.53574,228.52316,20:19:04 860
+2,198.0,81.0,169.02641,294.81512,20:19:05 803
＊主菜单＊,0,0,0,0,20:19:05 924
+1,259.0,218.0,21.273317,236.99036,20:19:07 846
0,218.0,135.0,218.0,135.0,20:19:09 374
微信,0,0,0,0,20:19:09 419
+1,291.0,206.0,45.417492,183.37567,20:19:14 185
-1,80.0,169.0,305.0,170.0,20:19:14 899
+2,220.0,90.0,177.68951,296.20746,20:19:15 871
＊主菜单＊,0,0,0,0,20:19:15 915
0,97.0,136.0,97.0,136.0,20:19:17 894
腾讯QQ,0,0,0,0,20:19:18 062
任务2, 结束
任务3, 开始
+2,147.0,43.0,145.406,264.28592,20:19:33 377
＊主菜单＊,0,0,0,0,20:19:33 417
+1,254.0,174.0,98.0,198.0,20:19:34 274
+1,255.0,96.0,64.0,166.0,20:19:34 694
+1,208.0,200.0,102.0,223.0,20:19:35 227
+1,239.0,154.0,128.0,184.0,20:19:36 002
+1,250.0,181.0,97.0,178.0,20:19:36 767
0,206.0,192.0,206.0,192.0,20:19:37 396
下载,0,0,0,0,20:19:37 497
+1,265.0,180.0,25.605156,231.11024,20:19:40 133
+1,222.0,177.0,76.0,232.0,20:19:40 600
+1,243.0,218.0,100.0,232.0,20:19:41 098
+1,238.0,215.0,86.0,238.0,20:19:41 567
任务3, 结束
任务4, 开始
+2,195.0,41.0,144.0,263.0,20:19:51 105
＊主菜单＊,0,0,0,0,20:19:51 212
-1,93.0,156.0,255.0,140.0,20:19:52 933
-1,100.0,182.0,267.0,135.0,20:19:53 613
0,78.0,217.0,78.0,217.0,20:19:54 285
0,98.0,224.0,98.0,224.0,20:19:55 989
卡包,0,0,0,0,20:19:56 099
0,111.0,225.0,111.0,225.0,20:19:56 995
+1,266.0,197.0,95.35694,225.31299,20:19:58 596
+1,264.0,210.0,57.0,258.0,20:19:59 104
+1,276.0,191.0,109.0,227.0,20:19:59 553
+1,260.0,162.0,50.0,187.0,20:20:00 114
+1,278.0,206.0,100.0,234.0,20:20:00 782
-1,140.0,134.0,254.0,136.0,20:20:01 173
-1,102.0,180.0,291.0,166.0,20:20:02 383
+2,200.0,53.0,187.73802,236.95789,20:20:03 241
＊主菜单＊,0,0,0,0,20:20:03 309
-1,72.0,188.0,288.0,174.0,20:20:06 484
-1,133.0,182.0,281.0,161.0,20:20:08 336
0,203.0,219.0,203.0,219.0,20:20:09 042
支付宝,0,0,0,0,20:20:09 149
+1,273.0,184.0,69.0,224.0,20:20:11 120
+2,157.0,59.0,166.0,264.0,20:20:12 739
＊主菜单＊,0,0,0,0,20:20:12 824
-1,96.0,221.0,304.0,176.0,20:20:15 488
+1,225.0,178.0,49.38714,231.0496,20:20:15 691
+1,284.0,194.0,78.0,244.0,20:20:16 612
0,216.0,206.0,216.0,206.0,20:20:17 605
笔记,0,0,0,0,20:20:17 644
+1,245.0,174.0,19.929104,206.54845,20:20:19 538
+1,284.0,202.0,69.0,252.0,20:20:20 258
+1,276.0,192.0,123.0,255.0,20:20:21 268
+2,192.0,104.0,178.0,271.0,20:20:22 213
＊主菜单＊,0,0,0,0,20:20:22 300
+1,274.0,217.0,79.0,220.0,20:20:24 250
+1,294.0,193.0,54.0,226.0,20:20:25 601
+1,289.0,188.0,53.0,214.0,20:20:26 772
-1,106.0,189.0,300.0,140.0,20:20:27 437
-1,67.0,169.0,276.0,173.0,20:20:27 656
-1,101.0,173.0,298.0,145.0,20:20:28 713
+1,219.0,170.0,74.56139,184.2885,20:20:29 305
0,125.0,199.0,125.0,199.0,20:20:29 909
卡包,0,0,0,0,20:20:29 993
+1,258.0,182.0,54.805813,227.97379,20:20:34 139
+1,247.0,193.0,55.0,233.0,20:20:34 854
+1,274.0,180.0,49.46602,240.8835,20:20:36 375
+1,289.0,192.0,61.0,224.0,20:20:37 544
任务4, 结束
任务5, 开始
-1,90.0,105.0,347.77917,122.39826,20:20:45 864
+2,181.0,47.0,111.92267,319.07886,20:20:45 955
＊主菜单＊,0,0,0,0,20:20:46 041
-1,107.0,184.0,260.0,196.0,20:20:47 470
-1,95.0,194.0,303.3143,141.01219,20:20:47 900
+1,249.0,149.0,54.0,203.0,20:20:48 775
0,191.0,108.0,191.0,108.0,20:20:49 243
音乐,0,0,0,0,20:20:49 333
+1,282.0,171.0,51.0,225.0,20:20:51 369
+1,281.0,179.0,78.0,194.0,20:20:52 820
-1,35.0,191.0,303.0,172.0,20:20:53 746
任务5, 结束
＊＊＊＊＊＊＊＊＊＊＊＊＊＊＊＊＊＊＊＊＊＊＊＊＊＊＊＊＊＊
