+1,154.0,284.0,69.09812,273.51636,20:22:56 107
任务1, 开始
+2,120.0,77.0,166.79971,236.6488,20:23:21 800
＊主菜单＊,0,0,0,0,20:23:21 864
+1,291.0,177.0,111.0,217.0,20:23:23 950
+1,268.0,221.0,54.0,203.0,20:23:24 957
+1,253.0,168.0,52.0,225.0,20:23:25 966
0,95.0,147.0,95.0,147.0,20:23:26 790
0,132.0,104.0,132.0,104.0,20:23:28 240
系统设置,0,0,0,0,20:23:28 308
任务1, 结束
任务2, 开始
+2,162.0,28.0,153.5638,315.59644,20:23:45 392
＊主菜单＊,0,0,0,0,20:23:45 429
-1,38.0,180.0,293.0,122.0,20:23:45 552
-1,136.0,87.0,265.0,101.0,20:23:45 669
-1,113.0,171.0,225.0,186.0,20:23:46 555
0,212.0,126.0,212.0,126.0,20:23:47 850
音乐,0,0,0,0,20:23:47 956
+1,250.0,178.0,26.0,175.0,20:23:50 852
+1,263.0,142.0,66.0,180.0,20:23:51 382
任务2, 结束
任务3, 开始
+2,201.0,51.0,178.0,216.0,20:24:03 852
＊主菜单＊,0,0,0,0,20:24:03 889
-1,99.0,141.0,331.21155,100.75868,20:24:05 700
-1,91.0,143.0,275.0,193.0,20:24:06 542
-1,100.0,189.0,225.0,223.0,20:24:07 408
0,210.0,106.0,210.0,106.0,20:24:08 682
睡眠,0,0,0,0,20:24:08 727
任务3, 结束
任务4, 开始
+2,149.0,63.0,98.0,240.0,20:24:22 630
＊主菜单＊,0,0,0,0,20:24:22 715
+1,292.0,140.0,112.0,162.0,20:24:25 468
+1,275.0,155.0,55.0,233.0,20:24:26 188
0,230.0,102.0,230.0,102.0,20:24:27 324
0,227.0,103.0,227.0,103.0,20:24:29 188
联系人,0,0,0,0,20:24:29 241
+1,253.0,174.0,49.0,183.0,20:24:31 867
+1,248.0,166.0,2.282936,199.48137,20:24:32 797
+1,231.0,185.0,85.0,208.0,20:24:33 657
-1,68.0,177.0,332.2055,142.75722,20:24:37 656
+1,305.0,167.0,67.05472,234.57811,20:24:38 530
+1,275.0,198.0,94.0,249.0,20:24:38 966
-1,90.0,188.0,291.96857,142.94563,20:24:40 580
-1,93.0,175.0,294.0,168.0,20:24:41 350
-1,93.0,136.0,272.0,112.0,20:24:42 206
+1,277.0,187.0,88.0,196.0,20:24:43 115
+1,233.0,171.0,105.0,177.0,20:24:43 840
+1,295.0,141.0,46.0,184.0,20:24:44 592
任务4, 结束
任务5, 开始
+2,145.0,68.0,145.51878,225.11931,20:25:01 514
＊主菜单＊,0,0,0,0,20:25:01 575
+1,187.0,188.0,26.0,200.0,20:25:03 374
+1,264.0,181.0,98.0,184.0,20:25:04 188
+1,257.0,142.0,111.0,234.0,20:25:05 281
0,131.0,131.0,131.0,131.0,20:25:06 597
股票,0,0,0,0,20:25:06 682
+1,241.0,237.0,118.0,239.0,20:25:09 368
+1,270.0,154.0,35.607616,193.51721,20:25:10 655
+1,256.0,185.0,25.0,190.0,20:25:11 560
+1,294.0,181.0,49.0,234.0,20:25:16 879
-1,68.0,183.0,255.0,170.0,20:25:17 497
-1,96.0,184.0,261.0,177.0,20:25:18 781
+1,161.0,175.0,130.0,182.0,20:25:19 551
+1,274.0,146.0,50.0,221.0,20:25:20 400
任务5, 结束
＊＊＊＊＊＊＊＊＊＊＊＊＊＊＊＊＊＊＊＊＊＊＊＊＊＊＊＊＊＊
-1,138.0,151.0,296.38507,136.47966,20:25:32 780
-1,89.0,170.0,284.5766,139.9191,20:25:33 576
-1,144.0,179.0,320.19528,147.00087,20:25:34 574
+1,279.0,152.0,68.0,240.0,20:25:35 225
+1,213.0,202.0,99.0,227.0,20:25:35 569
+1,257.0,204.0,58.0,225.0,20:25:36 235
-1,131.0,229.0,288.0,177.0,20:25:36 870
+1,253.0,188.0,93.0,196.0,20:25:37 434
+1,226.0,199.0,57.0,231.0,20:25:37 758
+1,261.0,232.0,56.0,262.0,20:25:38 553
