任务1, 开始
+1,195.0,152.0,53.0,188.0,08:37:27 832
+1,223.0,171.0,99.0,197.0,08:37:27 958
0,214.0,197.0,214.0,197.0,08:37:28 627
下载,0,0,0,0,08:37:28 668
0,215.0,222.0,215.0,222.0,08:37:29 395
任务1, 结束
任务2, 开始
+2,134.0,29.0,91.01259,295.25452,08:37:39 853
＊主菜单＊,0,0,0,0,08:37:39 952
-1,150.0,186.0,252.0,185.0,08:37:42 775
-1,188.0,187.0,289.19537,179.0,08:37:43 152
-1,171.0,182.0,271.0,179.0,08:37:44 292
-1,156.0,191.0,306.27155,181.35869,08:37:45 488
-1,163.0,188.0,219.0,182.0,08:37:46 628
-1,149.0,196.0,291.0,173.0,08:37:47 760
0,188.0,110.0,188.0,110.0,08:37:48 711
睡眠,0,0,0,0,08:37:48 750
0,213.0,103.0,213.0,103.0,08:37:49 644
+1,223.0,175.0,77.0,227.0,08:37:52 646
任务2, 结束
任务3, 开始
+2,150.0,25.0,102.69943,247.23853,08:38:02 714
＊主菜单＊,0,0,0,0,08:38:02 755
+1,250.0,180.0,129.93881,220.29013,08:38:07 704
+1,250.0,151.0,129.41838,175.0,08:38:09 735
+1,244.0,173.0,169.40674,185.66542,08:38:10 651
+1,245.0,181.0,133.0,192.0,08:38:12 628
+1,248.0,172.0,158.0,186.0,08:38:14 304
+1,250.0,162.0,118.2546,192.4618,08:38:16 330
+1,227.0,169.0,173.0,190.0,08:38:17 730
+1,226.0,161.0,142.1448,195.4457,08:38:19 936
0,101.0,107.0,101.0,107.0,08:38:20 605
系统设置,0,0,0,0,08:38:20 662
-1,84.0,188.0,128.0,86.0,08:38:25 928
0,227.0,96.0,227.0,96.0,08:38:31 697
-1,59.0,100.0,102.0,96.0,08:38:32 302
0,51.0,99.0,51.0,99.0,08:38:32 686
+1,255.0,98.0,180.12187,142.6586,08:38:34 376
-2,108.0,263.0,141.9673,52.606297,08:38:35 353
0,116.0,66.0,116.0,66.0,08:38:38 172
+2,175.0,22.0,166.0,271.0,08:38:39 790
＊主菜单＊,0,0,0,0,08:38:39 880
+1,200.0,143.0,85.0,194.0,08:38:43 806
-1,135.0,177.0,297.12387,156.0327,08:38:44 223
-1,168.0,166.0,268.0,173.0,08:38:45 608
-1,160.0,165.0,286.0558,142.17421,08:38:46 955
0,217.0,109.0,217.0,109.0,08:38:48 286
音乐,0,0,0,0,08:38:48 333
+1,236.0,153.0,128.0,229.0,08:38:51 159
+1,255.0,135.0,104.329994,228.93158,08:38:51 511
+1,267.0,148.0,95.107925,235.4258,08:38:54 167
任务3, 结束
任务4, 开始
+2,156.0,31.0,133.75745,214.55289,08:39:13 708
＊主菜单＊,0,0,0,0,08:39:13 750
+1,222.0,192.0,62.06834,226.8547,08:39:15 546
0,195.0,214.0,195.0,214.0,08:39:17 077
笔记,0,0,0,0,08:39:17 118
+1,171.0,221.0,53.671707,245.44276,08:39:19 591
+1,214.0,180.0,78.745605,237.23904,08:39:23 094
任务4, 结束
任务5, 开始
0,135.0,50.0,135.0,50.0,08:39:32 203
+2,167.0,55.0,94.0,258.0,08:39:32 958
＊主菜单＊,0,0,0,0,08:39:33 037
+2,169.0,45.0,168.44832,257.65543,08:39:34 184
-1,123.0,215.0,257.0,210.0,08:39:35 439
-1,152.0,220.0,265.03128,209.29099,08:39:36 405
-1,124.0,213.0,255.0,186.0,08:39:38 192
0,103.0,202.0,103.0,202.0,08:39:39 277
短信息,0,0,0,0,08:39:39 320
0,168.0,68.0,168.0,68.0,08:39:45 132
+1,143.0,84.0,56.0,94.034454,08:39:46 006
+1,214.0,100.0,59.0,125.5,08:39:46 730
-1,110.0,73.0,205.0744,58.57639,08:39:47 417
-1,91.0,79.0,233.772,102.038,08:39:48 047
+1,201.0,99.0,13.749967,141.9445,08:39:48 799
任务5, 结束
＊＊＊＊＊＊＊＊＊＊＊＊＊＊＊＊＊＊＊＊＊＊＊＊＊＊＊＊＊＊
