任务1, 开始
+1,204.0,177.0,97.0,182.0,08:21:06 167
+1,299.0,159.0,4.1641426,201.60812,08:21:09 883
+1,143.0,200.0,63.0,236.0,08:21:12 709
+1,269.0,133.0,79.310486,251.93109,08:21:13 816
+1,291.0,123.0,93.0,235.0,08:21:14 703
-1,91.0,174.0,265.0,179.0,08:21:16 324
-1,146.0,196.0,307.0,152.0,08:21:17 036
-1,159.0,192.0,294.0,162.0,08:21:17 871
+1,252.0,156.0,50.879265,243.95045,08:21:20 985
+1,272.0,130.0,138.88213,230.69138,08:21:21 662
+1,268.0,150.0,101.95329,232.02336,08:21:24 695
+1,278.0,162.0,111.0,221.0,08:21:27 564
0,111.0,216.0,111.0,216.0,08:21:31 452
视频,0,0,0,0,08:21:31 545
0,150.0,211.0,150.0,211.0,08:21:32 263
0,113.0,223.0,113.0,223.0,08:21:32 774
+1,185.0,165.0,104.527626,197.0,08:21:34 609
+1,220.0,171.0,99.0,202.0,08:21:35 542
+1,222.0,157.0,55.73694,242.6847,08:21:36 332
-2,148.0,271.0,260.18808,85.67712,08:21:37 265
+1,230.0,171.0,37.48271,240.55426,08:21:37 758
0,203.0,100.0,203.0,100.0,08:21:39 028
任务1, 结束
-1,107.0,194.0,266.34918,173.72928,08:21:47 518
+2,182.0,60.0,143.76157,238.96783,08:21:48 137
＊主菜单＊,0,0,0,0,08:21:48 199
任务2, 开始
+1,182.0,185.0,60.599213,249.7996,08:21:53 187
+1,173.0,162.0,31.641766,244.43294,08:21:53 817
+1,223.0,115.0,50.5,229.0,08:21:54 489
-1,157.0,185.0,306.0,177.0,08:21:55 221
-1,105.0,214.0,253.90219,183.8468,08:21:55 826
-1,134.0,229.0,266.0,203.0,08:21:57 092
-1,156.0,176.0,251.0,175.0,08:21:57 882
-1,141.0,206.0,306.34503,163.93687,08:21:59 662
-2,144.0,263.0,198.0,69.5,08:22:00 401
+1,234.0,187.0,103.470215,269.81158,08:22:02 471
+1,185.0,149.0,46.5,224.5,08:22:03 301
+1,184.0,181.0,50.0,245.0,08:22:06 236
0,214.0,169.0,214.0,169.0,08:22:07 675
0,179.0,180.0,179.0,180.0,08:22:08 207
+1,224.0,139.0,44.0,228.0,08:22:09 060
+1,248.0,176.0,96.4403,226.58488,08:22:12 660
+1,236.0,181.0,97.0,224.0,08:22:15 191
+1,223.0,182.0,101.0,222.0,08:22:16 799
+1,226.0,149.0,60.0,223.0,08:22:19 782
+2,180.0,36.0,169.0,231.0,08:22:22 379
-1,90.0,258.0,273.0,115.0,08:22:23 438
+1,231.0,147.0,67.0,227.0,08:22:24 013
+1,257.0,131.0,114.0,188.0,08:22:24 648
+1,240.0,186.0,74.0,245.0,08:22:27 766
0,105.0,96.0,105.0,96.0,08:22:30 016
系统设置,0,0,0,0,08:22:30 088
0,98.0,105.0,98.0,105.0,08:22:30 768
任务2, 结束
-1,93.0,223.0,213.0,95.0,08:22:44 374
-1,102.0,221.0,257.9742,137.95326,08:22:44 911
+2,142.0,50.0,114.0,279.0,08:22:45 353
＊主菜单＊,0,0,0,0,08:22:45 459
-2,110.0,269.0,189.01048,21.497168,08:22:46 057
-1,122.0,192.0,240.0,188.0,08:22:49 525
任务3, 开始
-1,76.0,219.0,225.0,174.0,08:22:52 230
-1,127.0,202.0,250.0,168.0,08:22:53 154
+1,239.0,177.0,172.0,190.5,08:22:53 686
+1,228.0,149.0,51.0,229.0,08:22:54 444
+1,258.0,168.0,52.93072,243.82771,08:22:54 991
+1,257.0,137.0,53.0,251.0,08:22:55 662
+1,271.0,133.0,45.0,230.0,08:22:56 378
+1,265.0,145.0,57.088882,241.47531,08:22:57 015
+1,241.0,151.0,92.0,241.0,08:22:57 978
+1,224.0,127.0,87.0,230.0,08:22:58 289
+1,231.0,108.0,38.0,191.0,08:22:58 766
-1,108.0,170.0,276.37872,182.03452,08:22:59 184
-1,103.0,209.0,245.0,189.0,08:22:59 827
-1,103.0,188.0,174.0,180.0,08:23:00 549
0,275.0,193.0,275.0,193.0,08:23:00 648
-1,132.0,189.0,256.0,189.0,08:23:01 347
-1,91.0,224.0,312.76498,169.07947,08:23:01 835
-1,89.0,203.0,292.16418,179.02052,08:23:02 351
-1,103.0,178.0,264.0,183.0,08:23:03 212
-1,134.0,189.0,265.0,178.0,08:23:04 186
0,175.0,112.0,175.0,112.0,08:23:04 970
微信,0,0,0,0,08:23:05 056
0,203.0,107.0,203.0,107.0,08:23:05 814
0,211.0,138.0,211.0,138.0,08:23:06 360
+1,242.0,183.0,109.0,221.0,08:23:13 222
+1,229.0,144.0,32.65165,236.78279,08:23:13 935
+1,236.0,164.0,122.80821,221.33682,08:23:16 576
+1,235.0,143.0,125.0,188.0,08:23:17 462
+1,252.0,123.0,57.66202,232.45146,08:23:18 536
0,131.0,176.0,131.0,176.0,08:23:21 844
+1,249.0,124.0,77.562515,219.43748,08:23:23 324
0,258.0,130.0,258.0,130.0,08:23:26 990
0,264.0,111.0,264.0,111.0,08:23:27 713
-1,215.0,141.0,277.3371,134.03621,08:23:28 514
-1,157.0,180.0,273.44574,150.85818,08:23:29 935
-1,140.0,176.0,285.0,143.0,08:23:32 589
-1,145.0,171.0,293.6539,148.68153,08:23:35 579
0,169.0,100.0,169.0,100.0,08:23:37 523
0,210.0,103.0,210.0,103.0,08:23:38 232
0,128.0,142.0,128.0,142.0,08:23:38 777
0,197.0,144.0,197.0,144.0,08:23:39 389
+1,236.0,113.0,122.0,178.5,08:23:40 111
+1,241.0,102.0,69.15199,180.481,08:23:41 401
+1,263.0,139.0,93.05099,219.139,08:23:43 580
0,131.0,174.0,131.0,174.0,08:23:44 924
+1,187.0,140.0,62.08006,173.8106,08:23:50 586
-1,218.0,120.0,303.5724,134.31058,08:23:52 341
-1,178.0,141.0,310.41486,141.11499,08:23:53 071
-1,138.0,164.0,298.24207,118.907,08:23:54 132
任务3, 结束
+2,123.0,54.0,145.0,274.0,08:24:07 593
＊主菜单＊,0,0,0,0,08:24:07 633
+2,177.0,58.0,137.469,276.1037,08:24:07 805
+1,158.0,194.0,56.0,261.0,08:24:10 205
任务4, 开始
-1,65.0,212.0,205.13666,180.05814,08:24:14 217
-1,131.0,206.0,261.0,193.0,08:24:14 790
0,84.0,141.0,84.0,141.0,08:24:15 928
0,100.0,125.0,100.0,125.0,08:24:16 428
健康运动,0,0,0,0,08:24:16 468
0,119.0,120.0,119.0,120.0,08:24:17 706
+1,147.0,205.0,47.5,235.0,08:24:20 592
+1,218.0,165.0,70.0,226.0,08:24:22 397
+1,215.0,173.0,98.37001,225.978,08:24:24 126
+1,214.0,144.0,53.0,229.3212,08:24:25 873
-1,129.0,187.0,309.48312,180.96555,08:24:26 696
-1,139.0,191.0,182.5,46.5,08:24:35 448
0,84.0,189.0,84.0,189.0,08:24:37 023
任务4, 结束
+2,150.0,96.0,130.0,292.5,08:24:46 594
＊主菜单＊,0,0,0,0,08:24:46 644
任务5, 开始
-1,143.0,195.0,234.90182,169.6471,08:24:54 214
+1,209.0,148.0,59.0,235.0,08:24:56 957
+1,254.0,162.0,82.5,229.0,08:24:57 870
+1,260.0,176.0,89.08857,233.91255,08:24:59 070
0,112.0,140.0,112.0,140.0,08:25:00 838
0,95.0,129.0,95.0,129.0,08:25:01 751
相机,0,0,0,0,08:25:01 790
+1,214.0,143.0,74.26195,227.36903,08:25:02 552
+2,168.0,36.0,148.93109,289.86252,08:25:04 281
＊主菜单＊,0,0,0,0,08:25:04 347
+1,175.0,45.0,140.49298,119.05324,08:25:05 196
+1,226.0,164.0,91.55169,202.03445,08:25:06 793
+1,259.0,134.0,65.64419,214.22733,08:25:07 336
+1,220.0,171.0,95.0,224.0,08:25:09 299
+1,225.0,131.0,51.59969,221.06671,08:25:09 990
+1,201.0,144.0,123.0,186.0,08:25:10 435
+1,235.0,159.0,103.0,222.0,08:25:11 860
0,215.0,103.0,215.0,103.0,08:25:15 594
自带导航,0,0,0,0,08:25:15 640
0,177.0,183.0,177.0,183.0,08:25:19 445
+2,177.0,61.0,162.41608,276.591,08:25:20 157
＊主菜单＊,0,0,0,0,08:25:20 254
0,108.0,106.0,108.0,106.0,08:25:22 481
系统设置,0,0,0,0,08:25:22 525
-2,113.0,222.0,184.76126,55.957573,08:25:25 577
+1,138.0,132.0,104.68439,232.63123,08:25:26 425
0,106.0,110.0,106.0,110.0,08:25:28 722
+1,171.0,66.0,132.86995,189.56277,08:25:29 762
+2,152.0,30.0,135.5,233.5,08:25:30 341
＊主菜单＊,0,0,0,0,08:25:30 450
+2,174.0,36.0,111.0,271.0,08:25:31 585
+1,219.0,158.0,106.0,225.0,08:25:32 895
+1,217.0,183.0,79.0,234.0,08:25:33 513
0,204.0,117.0,204.0,117.0,08:25:37 182
自带导航,0,0,0,0,08:25:37 219
0,234.0,107.0,234.0,107.0,08:25:38 098
+2,140.0,58.0,173.20833,226.30952,08:25:45 331
＊主菜单＊,0,0,0,0,08:25:45 387
+2,176.0,75.0,142.0,271.0,08:25:46 311
任务5, 结束
＊＊＊＊＊＊＊＊＊＊＊＊＊＊＊＊＊＊＊＊＊＊＊＊＊＊＊＊＊＊
-1,143.0,147.0,210.0,142.0,08:26:10 985
-1,151.0,153.0,222.0,150.0,08:26:12 743
-1,172.0,154.0,209.0,152.0,08:26:14 461
-1,153.0,155.0,210.0,150.0,08:26:17 223
-1,185.0,143.0,241.0,138.0,08:26:18 643
-1,186.0,143.0,217.0,143.0,08:26:20 178
0,199.0,148.0,199.0,148.0,08:26:20 737
+1,184.0,160.0,66.0,206.0,08:26:21 582
+1,189.0,168.0,97.0,214.0,08:26:22 167
+1,223.0,181.0,146.0,178.0,08:26:28 195
+1,227.0,150.0,184.0,155.0,08:26:29 331
+1,180.0,211.0,105.0,214.0,08:26:30 915
+1,165.0,183.0,134.6889,183.0,08:26:31 660
-1,117.0,191.0,250.0,183.5,08:26:33 133
