任务1, 开始
-2,177.0,268.0,220.81557,52.384354,11:32:11 374
-2,177.0,259.0,171.361,57.617805,11:32:13 870
+2,186.0,90.0,177.10338,303.0352,11:32:15 389
＊主菜单＊,0,0,0,0,11:32:15 444
+1,263.0,213.0,17.457893,231.48364,11:32:19 783
+1,257.0,200.0,62.0,228.0,11:32:20 709
0,189.0,102.0,189.0,102.0,11:32:21 454
音乐,0,0,0,0,11:32:21 535
+1,255.0,225.0,101.0,252.0,11:32:26 394
+1,209.0,185.0,91.25233,203.78076,11:32:26 897
任务1, 结束
任务2, 开始
+2,146.0,112.0,185.1007,268.2685,11:32:37 369
＊主菜单＊,0,0,0,0,11:32:38 375
+1,255.0,180.0,53.062126,194.55667,11:32:40 544
0,215.0,219.0,215.0,219.0,11:32:42 150
笔记,0,0,0,0,11:32:42 187
+1,297.0,216.0,53.23136,252.24902,11:32:46 893
任务2, 结束
任务3, 开始
+2,174.0,127.0,183.0,288.0,11:32:59 552
＊主菜单＊,0,0,0,0,11:32:59 640
-1,100.0,187.0,303.0,138.0,11:33:02 061
-1,104.0,187.0,291.0,142.0,11:33:03 040
-1,98.0,199.0,280.0,159.0,11:33:03 918
-1,89.0,210.0,316.94922,149.67024,11:33:05 946
-1,81.0,208.0,266.0,151.0,11:33:06 100
+1,265.0,217.0,80.0,226.0,11:33:07 562
+1,234.0,218.0,101.0,229.0,11:33:10 928
+1,267.0,188.0,102.0,221.0,11:33:11 516
+1,258.0,215.0,85.0,265.0,11:33:12 281
+1,257.0,215.0,66.0,244.0,11:33:13 228
+1,250.0,211.0,68.0,255.0,11:33:14 366
0,206.0,230.0,206.0,230.0,11:33:15 052
下载,0,0,0,0,11:33:15 160
任务3, 结束
任务4, 开始
+2,175.0,104.0,169.95331,263.10767,11:33:28 915
＊主菜单＊,0,0,0,0,11:33:28 992
0,108.0,216.0,108.0,216.0,11:33:30 793
系统时钟,0,0,0,0,11:33:30 924
+2,184.0,127.0,169.58287,277.58847,11:33:32 540
＊主菜单＊,0,0,0,0,11:33:32 578
-1,74.0,220.0,298.0,177.0,11:33:34 671
-1,85.0,219.0,304.0,152.0,11:33:35 536
-1,88.0,217.0,299.41357,141.71729,11:33:36 140
-1,99.0,189.0,283.28952,222.29921,11:33:36 895
-1,94.0,207.0,278.0,185.0,11:33:37 803
-1,81.0,220.0,304.263,179.59554,11:33:39 476
-1,84.0,200.0,284.3448,183.5731,11:33:39 984
0,105.0,109.0,105.0,109.0,11:33:41 396
健康运动,0,0,0,0,11:33:41 466
+2,181.0,130.0,207.25487,288.50974,11:33:43 405
＊主菜单＊,0,0,0,0,11:33:43 906
0,211.0,109.0,211.0,109.0,11:33:45 436
睡眠,0,0,0,0,11:33:45 872
+1,267.0,187.0,94.689156,232.82771,11:33:47 909
+1,276.0,193.0,57.138096,262.55392,11:33:51 395
任务4, 结束
任务5, 开始
+2,159.0,76.0,185.04051,285.53638,11:34:03 410
＊主菜单＊,0,0,0,0,11:34:03 460
+1,275.0,207.0,70.0,235.0,11:34:05 912
0,105.0,227.0,105.0,227.0,11:34:06 895
短信息,0,0,0,0,11:34:06 933
0,184.0,66.0,184.0,66.0,11:34:16 400
0,162.0,71.0,162.0,71.0,11:34:17 400
0,139.0,104.0,139.0,104.0,11:34:17 909
0,200.0,80.0,200.0,80.0,11:34:18 895
0,182.0,84.0,182.0,84.0,11:34:19 403
0,188.0,88.0,188.0,88.0,11:34:19 908
0,90.0,96.0,90.0,96.0,11:34:20 400
+1,266.0,182.0,66.75807,233.82771,11:34:22 896
+1,289.0,209.0,93.94271,265.66913,11:34:31 386
+1,264.0,201.0,48.116688,230.61786,11:34:31 901
0,173.0,234.0,173.0,234.0,11:34:36 304
+2,181.0,132.0,181.48187,301.10397,11:34:38 416
＊主菜单＊,0,0,0,0,11:34:38 463
+1,229.0,211.0,54.0,229.0,11:34:39 569
0,212.0,105.0,212.0,105.0,11:34:40 919
联系人,0,0,0,0,11:34:40 958
+1,243.0,198.0,40.0,235.0,11:34:43 057
+1,263.0,187.0,68.0,224.0,11:34:43 901
+1,269.0,191.0,49.54391,236.3731,11:34:45 889
+1,238.0,190.0,93.26149,260.3935,11:34:46 655
-1,100.0,220.0,288.53937,182.02003,11:34:48 423
-1,110.0,200.0,312.0016,149.78822,11:34:48 481
-1,106.0,205.0,301.98978,168.7938,11:34:48 847
-1,101.0,209.0,293.30835,187.09795,11:34:49 377
-1,125.0,185.0,320.07578,181.06488,11:34:49 927
任务5, 结束
＊＊＊＊＊＊＊＊＊＊＊＊＊＊＊＊＊＊＊＊＊＊＊＊＊＊＊＊＊＊
