+1,270.0,154.0,62.0,205.0,11:21:27 452
+1,224.0,179.0,55.260548,232.86603,11:21:29 411
+1,263.0,183.0,46.0,181.0,11:21:31 433
任务1, 开始
0,95.0,235.0,95.0,235.0,11:21:36 359
视频,0,0,0,0,11:21:36 398
+1,213.0,149.0,74.280396,201.4299,11:21:38 836
任务1, 结束
任务2, 开始
-2,135.0,262.0,150.5,32.0,11:21:53 424
-2,150.0,256.0,186.0,41.0,11:21:54 143
-1,68.0,232.0,318.33115,150.95856,11:21:55 314
+2,195.0,74.0,147.10898,286.32745,11:21:57 337
＊主菜单＊,0,0,0,0,11:21:57 378
+1,178.0,141.0,141.0,287.5,11:21:57 668
+1,247.0,186.0,35.0,214.0,11:21:59 588
+1,228.0,145.0,70.0,186.0,11:22:01 472
+1,245.0,149.0,64.0,183.0,11:22:02 250
+1,222.0,148.0,58.0,180.0,11:22:03 907
+1,219.0,145.0,46.0,176.0,11:22:04 239
-1,124.0,184.0,266.0,196.0,11:22:06 403
-1,125.0,173.0,308.0,182.0,11:22:08 335
-1,115.0,150.0,325.4085,180.3643,11:22:08 740
-1,104.0,168.0,283.0,173.0,11:22:10 488
-1,90.0,155.0,256.0,176.0,11:22:11 043
-1,86.0,158.0,291.0,183.0,11:22:13 336
-1,106.0,150.0,266.0,199.0,11:22:13 512
-1,75.0,142.0,241.0,146.0,11:22:14 286
0,93.0,110.0,93.0,110.0,11:22:16 346
健康运动,0,0,0,0,11:22:16 392
-2,170.0,267.0,216.46315,32.294796,11:22:21 805
任务2, 结束
-2,154.0,259.0,191.0,33.0,11:22:34 496
-2,185.0,280.0,180.58636,6.4648027,11:22:35 856
任务3, 开始
-2,184.0,281.0,220.0,32.0,11:22:39 333
-2,136.0,276.0,179.4564,-19.575703,11:22:39 846
-2,134.0,275.0,132.4349,1.045681,11:22:40 242
-2,201.0,280.0,238.27924,34.866714,11:22:40 820
+2,215.0,40.0,165.5,248.5,11:22:41 563
＊主菜单＊,0,0,0,0,11:22:41 655
+1,257.0,149.0,27.0,190.0,11:22:45 501
0,209.0,117.0,209.0,117.0,11:22:46 866
微信,0,0,0,0,11:22:46 897
0,197.0,117.0,197.0,117.0,11:22:56 848
0,215.0,140.0,215.0,140.0,11:22:59 346
0,216.0,154.0,216.0,154.0,11:23:01 819
0,202.0,121.0,202.0,121.0,11:23:02 841
+1,260.0,166.0,101.0,196.0,11:23:03 835
+1,230.0,146.0,56.0,178.0,11:23:05 851
+1,219.0,145.0,15.689156,170.44832,11:23:06 987
+1,204.0,129.0,19.5,155.0,11:23:08 467
+1,226.0,107.0,40.0,136.0,11:23:10 843
-1,51.0,147.0,178.70056,147.78104,11:23:11 377
-1,66.0,125.0,191.31992,175.56769,11:23:11 421
0,88.0,118.0,88.0,118.0,11:23:11 745
-1,81.0,168.0,248.40987,144.02003,11:23:12 453
-1,105.0,138.0,220.60526,159.01913,11:23:12 988
-1,111.0,153.0,315.8235,149.21982,11:23:14 334
0,177.0,114.0,177.0,114.0,11:23:15 402
0,186.0,138.0,186.0,138.0,11:23:16 040
+1,265.0,129.0,29.164143,175.03088,11:23:16 451
+1,225.0,112.0,14.426249,179.09724,11:23:17 158
+1,215.0,107.0,51.728924,142.81827,11:23:17 907
+1,231.0,106.0,6.2825413,158.77483,11:23:20 760
+1,208.0,150.0,16.0,175.0,11:23:22 344
-1,76.0,163.0,309.86758,168.90443,11:23:23 140
任务3, 结束
+1,217.0,137.0,173.83516,278.67252,11:23:40 170
+2,177.0,131.0,218.3699,310.57657,11:23:40 727
＊主菜单＊,0,0,0,0,11:23:40 772
+1,247.0,222.0,50.0,230.0,11:23:43 469
+1,217.0,206.0,40.0,228.0,11:23:43 726
+1,216.0,159.0,19.0,195.0,11:23:44 629
+1,200.0,160.0,23.0,187.0,11:23:45 744
+1,233.0,154.0,52.0,200.0,11:23:47 522
任务4, 开始
0,80.0,144.0,80.0,144.0,11:23:51 324
0,123.0,120.0,123.0,120.0,11:23:51 444
系统设置,0,0,0,0,11:23:51 534
-2,87.0,247.0,107.96729,34.516354,11:23:55 661
+2,122.0,99.0,110.0,274.0,11:23:56 850
＊主菜单＊,0,0,0,0,11:23:56 899
+1,258.0,153.0,90.0,188.0,11:23:58 343
0,106.0,112.0,106.0,112.0,11:23:59 852
系统设置,0,0,0,0,11:23:59 892
+1,257.0,173.0,15.834132,205.0,11:24:01 827
-2,140.0,259.0,93.0,56.0,11:24:05 490
-2,93.0,246.0,36.0,83.0,11:24:06 855
+1,184.0,169.0,39.0011,227.40022,11:24:14 371
-1,48.0,191.0,303.6078,146.048,11:24:14 985
-2,140.0,230.0,99.0,7.5,11:24:15 621
-1,56.0,172.0,222.0,154.0,11:24:16 106
-1,60.0,170.0,312.69705,176.82272,11:24:16 617
-1,77.0,152.0,310.0,178.0,11:24:17 052
-1,117.0,137.0,300.11356,156.87546,11:24:17 519
+1,89.0,180.0,35.855312,173.09486,11:24:17 845
0,87.0,167.0,87.0,167.0,11:24:18 454
-1,66.0,166.0,281.2366,161.09317,11:24:20 019
+2,153.0,106.0,119.84801,295.79703,11:24:20 754
＊主菜单＊,0,0,0,0,11:24:21 342
0,216.0,107.0,216.0,107.0,11:24:25 362
自带导航,0,0,0,0,11:24:25 855
0,188.0,140.0,188.0,140.0,11:24:30 353
0,189.0,99.0,189.0,99.0,11:24:31 869
+2,138.0,132.0,112.0,285.18744,11:24:32 372
＊主菜单＊,0,0,0,0,11:24:32 584
任务4, 结束
任务5, 开始
0,126.0,126.0,126.0,126.0,11:24:46 374
系统设置,0,0,0,0,11:24:46 418
任务5, 结束
＊＊＊＊＊＊＊＊＊＊＊＊＊＊＊＊＊＊＊＊＊＊＊＊＊＊＊＊＊＊
