0,66.0,172.0,66.0,172.0,21:07:08 253
-1,52.0,191.0,222.0,231.0,21:07:09 630
+2,137.0,100.0,175.57182,270.76337,21:07:10 376
＊主菜单＊,0,0,0,0,21:07:10 447
+2,174.0,62.0,210.0,264.0,21:07:11 141
任务1, 开始
0,105.0,233.0,105.0,233.0,21:07:17 193
视频,0,0,0,0,21:07:17 236
+1,296.0,191.0,80.39848,242.48488,21:07:19 297
+2,213.0,106.0,210.0,263.0,21:07:21 451
＊主菜单＊,0,0,0,0,21:07:21 559
任务1, 结束
任务2, 开始
-1,55.0,150.0,299.0,172.0,21:07:32 917
-1,59.0,159.0,276.0,182.0,21:07:33 984
-1,55.0,162.0,297.0,164.0,21:07:35 354
+1,263.0,167.0,100.0,191.0,21:07:36 253
+1,281.0,179.0,82.0,183.0,21:07:37 597
0,194.0,222.0,194.0,222.0,21:07:38 275
邮箱,0,0,0,0,21:07:38 352
0,219.0,80.0,219.0,80.0,21:07:41 511
+1,293.0,168.0,97.83551,163.18822,21:07:43 371
-1,88.0,185.0,298.0,201.0,21:07:44 494
-2,207.0,225.0,208.0,30.111408,21:07:50 222
+2,213.0,82.0,214.0,258.0,21:07:50 826
＊主菜单＊,0,0,0,0,21:07:50 896
0,221.0,227.0,221.0,227.0,21:07:53 724
邮箱,0,0,0,0,21:07:53 770
+1,296.0,174.0,127.0,187.0,21:07:55 001
+1,296.0,188.0,55.0,218.0,21:07:56 041
+1,264.0,193.0,43.803246,207.6214,21:07:57 621
+1,292.0,187.0,175.0,181.0,21:07:58 824
-1,96.0,227.0,256.97922,251.34421,21:08:00 321
+1,286.0,181.0,130.40909,185.84492,21:08:04 411
+1,279.0,177.0,42.296684,226.3339,21:08:06 224
+1,264.0,178.0,53.0,224.0,21:08:08 698
-1,72.0,198.0,256.0,219.0,21:08:09 691
-1,95.0,232.0,257.0,181.0,21:08:11 522
任务2, 结束
任务3, 开始
+2,216.0,58.0,174.93153,293.0203,21:08:18 232
＊主菜单＊,0,0,0,0,21:08:18 270
-1,81.0,196.0,298.0,189.0,21:08:20 253
+1,256.0,178.0,106.0,222.0,21:08:21 463
+1,293.0,161.0,68.0,213.0,21:08:22 139
+1,288.0,156.0,140.0,190.0,21:08:23 348
+1,292.0,170.0,85.0,224.0,21:08:24 532
+1,297.0,179.0,120.0,223.0,21:08:26 499
+1,279.0,185.0,140.0,224.0,21:08:27 648
0,217.0,221.0,217.0,221.0,21:08:28 672
下载,0,0,0,0,21:08:28 737
任务3, 结束
任务4, 开始
+2,229.0,69.0,224.0,280.0,21:08:42 729
＊主菜单＊,0,0,0,0,21:08:42 770
+2,190.0,28.0,195.0,281.0,21:08:42 979
-1,124.0,188.0,278.21634,180.99098,21:08:45 772
-1,107.0,182.0,283.0,156.0,21:08:46 924
-1,129.0,162.0,305.0,158.0,21:08:47 593
-1,97.0,191.0,251.0,177.0,21:08:48 100
-1,107.0,195.0,307.0,162.0,21:08:48 639
-1,98.0,195.0,266.0,175.0,21:08:49 323
0,138.0,126.0,138.0,126.0,21:08:50 809
健康运动,0,0,0,0,21:08:50 911
+1,286.0,153.0,92.0,193.0,21:08:57 075
-1,90.0,206.0,253.0,194.0,21:08:58 087
+1,290.0,188.0,51.0,259.0,21:08:58 979
任务4, 结束
+2,205.0,26.0,211.0,281.0,21:09:05 105
＊主菜单＊,0,0,0,0,21:09:05 199
任务5, 开始
+1,303.0,173.0,133.0,194.0,21:09:16 563
+1,261.0,181.0,104.0,215.0,21:09:17 068
+1,281.0,186.0,106.0,221.0,21:09:17 804
0,136.0,228.0,136.0,228.0,21:09:18 546
视频,0,0,0,0,21:09:18 630
+1,292.0,178.0,70.0,247.0,21:09:22 029
+1,281.0,180.0,48.4613,269.07712,21:09:23 088
-1,46.0,217.0,279.5691,188.9559,21:09:23 884
+1,295.0,166.0,55.0,250.0,21:09:26 184
+1,299.0,148.0,138.0,185.0,21:09:26 873
-2,215.0,230.0,212.14536,25.691866,21:09:27 882
+2,181.0,32.0,184.97812,286.8468,21:09:28 472
＊主菜单＊,0,0,0,0,21:09:28 567
+1,292.0,178.0,107.0,229.0,21:09:32 574
+1,283.0,160.0,179.0,180.0,21:09:33 469
+1,295.0,155.0,176.0,215.0,21:09:34 510
+1,303.0,175.0,102.0,262.0,21:09:35 651
-1,120.0,154.0,259.0,162.0,21:09:36 665
-1,109.0,165.0,291.0,171.0,21:09:37 715
-1,98.0,180.0,302.0,182.0,21:09:39 419
-1,31.0,186.0,257.0,198.0,21:09:41 803
-1,65.0,184.0,286.0,187.0,21:09:42 643
-1,62.0,185.0,296.0,185.0,21:09:43 542
+1,287.0,181.0,62.0,231.0,21:09:45 110
+1,271.0,187.0,61.0,226.0,21:09:45 615
+1,264.0,184.0,63.0,199.0,21:09:46 679
0,120.0,237.0,120.0,237.0,21:09:47 542
视频,0,0,0,0,21:09:47 816
+1,288.0,172.0,93.57778,165.30719,21:09:50 886
-2,218.0,258.0,217.66783,27.01736,21:09:52 080
+2,190.0,84.0,229.0,286.5,21:09:52 773
＊主菜单＊,0,0,0,0,21:09:52 846
+1,289.0,176.0,48.0,211.0,21:09:55 895
+1,293.0,185.0,110.0,217.0,21:09:57 660
+1,280.0,192.0,146.32484,203.71793,21:09:59 788
+1,258.0,185.0,32.0,219.0,21:10:00 772
+1,292.0,193.0,79.0,227.5,21:10:03 435
-1,65.0,176.0,304.0,181.0,21:10:03 974
-1,52.0,217.0,297.0,188.0,21:10:04 670
-1,88.0,227.0,273.0,234.0,21:10:05 706
-1,51.0,172.0,302.0,164.0,21:10:06 785
-1,107.0,181.0,288.0,187.0,21:10:11 792
-1,137.0,199.0,293.0,199.0,21:10:13 725
-1,110.0,187.0,254.0,191.0,21:10:15 375
-2,238.0,235.0,261.0,84.51544,21:10:18 894
+1,281.0,185.0,135.0,194.0,21:10:20 151
+1,281.0,183.0,108.0,179.0,21:10:21 301
+1,295.0,181.0,171.0,192.0,21:10:22 290
0,299.0,168.0,299.0,168.0,21:10:24 122
0,227.0,217.0,227.0,217.0,21:10:24 639
相册,0,0,0,0,21:10:24 699
+1,292.0,171.0,53.525135,207.29921,21:10:27 166
+1,297.0,174.0,75.0,216.0,21:10:28 021
+1,282.0,182.0,68.0,219.0,21:10:29 671
+2,179.0,61.0,209.0,281.0,21:10:30 391
＊主菜单＊,0,0,0,0,21:10:30 487
0,110.0,221.0,110.0,221.0,21:10:32 390
视频,0,0,0,0,21:10:32 455
+1,276.0,173.0,47.818924,239.36331,21:10:34 281
+1,273.0,184.0,62.013134,239.99344,21:10:35 196
-2,212.0,238.0,253.47752,68.29962,21:10:35 923
+2,178.0,57.0,172.48819,283.32288,21:10:36 474
＊主菜单＊,0,0,0,0,21:10:36 598
+1,240.0,190.0,74.0,233.0,21:10:38 902
0,122.0,111.0,122.0,111.0,21:10:40 236
浏览器,0,0,0,0,21:10:40 279
任务5, 结束
＊＊＊＊＊＊＊＊＊＊＊＊＊＊＊＊＊＊＊＊＊＊＊＊＊＊＊＊＊＊
