任务1, 开始
0,118.0,115.0,118.0,115.0,21:01:01 758
健康运动,0,0,0,0,21:01:01 784
+1,249.0,165.0,179.0,177.0,21:01:05 122
+1,277.0,176.0,35.056023,196.992,21:01:06 614
-1,78.0,181.0,297.0,193.0,21:01:10 475
+1,271.0,164.0,30.007057,182.16197,21:01:11 834
任务1, 结束
任务2, 开始
+2,175.0,36.0,197.0,272.0,21:01:22 620
＊主菜单＊,0,0,0,0,21:01:22 660
+1,278.0,145.0,49.0,197.0,21:01:27 803
+1,280.0,187.0,49.0,229.0,21:01:29 134
+1,255.0,177.0,60.0,209.0,21:01:30 143
+1,261.0,177.0,33.689156,223.24156,21:01:31 238
+1,302.0,160.0,41.0,219.0,21:01:32 486
+1,278.0,161.0,53.0,201.0,21:01:33 415
0,102.0,134.0,102.0,134.0,21:01:34 211
系统设置,0,0,0,0,21:01:34 269
任务2, 结束
任务3, 开始
+2,97.0,109.0,136.0,277.0,21:01:48 123
＊主菜单＊,0,0,0,0,21:01:48 160
-2,95.0,250.0,136.0,94.75861,21:01:49 229
0,218.0,104.0,218.0,104.0,21:01:52 607
自带导航,0,0,0,0,21:01:52 649
+2,176.0,31.0,145.0,279.0,21:01:56 012
＊主菜单＊,0,0,0,0,21:01:56 123
-1,60.0,185.0,289.0,189.0,21:01:59 273
+1,297.0,150.0,18.0,182.0,21:01:59 913
0,103.0,125.0,103.0,125.0,21:02:00 261
系统设置,0,0,0,0,21:02:00 346
-1,107.0,112.0,139.0,69.0,21:02:03 568
-2,116.0,239.0,140.46996,42.080112,21:02:04 297
+2,102.0,100.0,131.0,267.0,21:02:05 103
＊主菜单＊,0,0,0,0,21:02:05 144
-1,57.0,157.0,302.91656,180.0,21:02:08 241
-1,48.0,173.0,274.0,185.0,21:02:08 686
-1,60.0,164.0,304.0,165.0,21:02:10 115
-1,60.0,192.0,294.0,184.0,21:02:11 537
-1,36.0,176.0,281.0,179.0,21:02:12 853
-1,24.0,160.0,293.0,179.0,21:02:13 646
0,106.0,108.0,106.0,108.0,21:02:20 103
健康运动,0,0,0,0,21:02:20 142
+1,295.0,165.0,60.0,234.0,21:02:23 614
+1,289.0,192.0,45.89321,237.44417,21:02:23 649
+1,301.0,169.0,54.0,203.0,21:02:24 203
+1,305.0,170.0,96.0,211.0,21:02:24 935
-1,43.0,191.0,262.0,188.0,21:02:25 354
+2,171.0,32.0,145.0,282.0,21:02:25 913
＊主菜单＊,0,0,0,0,21:02:25 956
+1,289.0,151.0,67.0,195.0,21:02:28 756
+1,292.0,154.0,29.0,204.0,21:02:29 434
+1,297.0,170.0,91.0,219.0,21:02:30 402
+1,292.0,180.0,79.0,225.0,21:02:31 846
+1,289.0,173.0,31.0,212.0,21:02:33 331
+1,296.0,180.0,46.0,225.0,21:02:34 776
0,96.0,113.0,96.0,113.0,21:02:37 570
系统设置,0,0,0,0,21:02:37 643
-1,94.0,225.0,130.17918,101.15772,21:02:40 609
任务3, 结束
任务4, 开始
+2,142.0,44.0,128.97997,291.59943,21:02:48 625
＊主菜单＊,0,0,0,0,21:02:48 716
+1,280.0,183.0,70.0,227.0,21:02:51 743
-1,66.0,171.0,330.26636,161.38292,21:02:51 883
-1,28.0,189.0,311.0,170.0,21:02:52 298
-1,44.0,153.0,302.0,171.0,21:02:53 024
-1,37.0,146.0,306.0,176.0,21:02:53 855
-1,56.0,175.0,285.0,182.0,21:02:54 843
0,217.0,107.0,217.0,107.0,21:02:55 701
微信,0,0,0,0,21:02:55 813
+1,293.0,175.0,16.90107,217.20879,21:02:59 357
0,221.0,223.0,221.0,223.0,21:03:01 325
0,217.0,230.0,217.0,230.0,21:03:04 139
0,95.0,133.0,95.0,133.0,21:03:04 612
0,223.0,113.0,223.0,113.0,21:03:11 082
微信,0,0,0,0,21:03:11 186
+1,286.0,141.0,63.0,183.0,21:03:14 105
0,116.0,221.0,116.0,221.0,21:03:14 564
+1,295.0,176.0,32.221172,188.43474,21:03:16 227
+1,270.0,173.0,64.0,218.0,21:03:17 298
-1,92.0,181.0,289.8452,200.92958,21:03:18 390
-1,57.0,181.0,306.32263,173.4707,21:03:19 254
0,98.0,221.0,98.0,221.0,21:03:20 024
0,108.0,227.0,108.0,227.0,21:03:21 959
0,122.0,227.0,122.0,227.0,21:03:23 802
0,118.0,231.0,118.0,231.0,21:03:23 925
+1,286.0,184.0,43.535282,242.8898,21:03:25 102
+1,275.0,149.0,55.0,188.0,21:03:25 673
+1,297.0,175.0,36.175934,226.25356,21:03:26 360
+1,295.0,168.0,35.0,211.0,21:03:27 264
-1,97.0,195.0,323.87933,158.64763,21:03:27 895
-1,89.0,185.0,308.11667,175.11198,21:03:28 769
-1,73.0,210.0,305.51904,219.9124,21:03:35 670
+1,288.0,188.0,95.0,218.0,21:03:39 115
-1,101.0,210.0,281.15387,220.0228,21:03:39 905
任务4, 结束
+2,171.0,53.0,172.89662,280.44904,21:03:50 021
＊主菜单＊,0,0,0,0,21:03:50 097
-1,96.0,154.0,310.48703,177.16605,21:03:53 216
任务5, 开始
+1,292.0,167.0,29.0,225.0,21:03:56 476
+1,297.0,155.0,39.0,225.0,21:03:57 373
+1,300.0,163.0,61.0,229.0,21:03:58 125
0,98.0,218.0,98.0,218.0,21:03:59 576
视频,0,0,0,0,21:03:59 615
+1,282.0,171.0,43.307396,195.86943,21:04:02 124
任务5, 结束
＊＊＊＊＊＊＊＊＊＊＊＊＊＊＊＊＊＊＊＊＊＊＊＊＊＊＊＊＊＊
