+2,208.0,51.0,181.4234,267.22006,21:13:00 865
＊主菜单＊,0,0,0,0,21:13:00 971
任务1, 开始
-1,65.0,164.0,291.0,172.0,21:13:11 236
-1,62.0,161.0,285.0,175.0,21:13:11 921
-1,97.0,153.0,303.0,182.0,21:13:12 544
-1,48.0,177.0,278.0,195.0,21:13:13 520
0,216.0,115.0,216.0,115.0,21:13:14 562
睡眠,0,0,0,0,21:13:14 663
+1,293.0,161.0,99.0,228.0,21:13:18 068
任务1, 结束
任务2, 开始
+2,173.0,42.0,171.0,279.0,21:13:28 950
＊主菜单＊,0,0,0,0,21:13:29 075
+1,283.0,193.0,75.0,256.0,21:13:32 197
0,113.0,234.0,113.0,234.0,21:13:32 973
短信息,0,0,0,0,21:13:33 012
+1,269.0,192.0,50.0,253.0,21:13:38 109
-1,65.0,201.0,307.53595,155.0,21:13:39 200
+1,289.0,190.0,37.061142,228.4819,21:13:40 249
-1,53.0,232.0,304.38983,166.04005,21:13:42 566
+2,188.0,80.0,158.96222,281.25497,21:13:45 308
＊主菜单＊,0,0,0,0,21:13:45 397
+1,298.0,166.0,64.0,238.0,21:13:48 987
0,226.0,102.0,226.0,102.0,21:13:49 664
联系人,0,0,0,0,21:13:49 733
+1,303.0,175.0,77.0,258.0,21:13:53 070
+1,305.0,153.0,35.32165,230.02867,21:13:53 820
+1,292.0,172.0,64.0,237.0,21:13:54 909
+1,261.0,184.0,66.0,233.0,21:13:58 470
-1,74.0,205.0,304.6036,194.73936,21:13:59 667
任务2, 结束
任务3, 开始
+2,177.0,25.0,149.74257,289.57822,21:14:09 566
＊主菜单＊,0,0,0,0,21:14:09 670
-1,58.0,208.0,285.0,145.0,21:14:12 172
-1,104.0,206.0,270.3922,187.60857,21:14:13 160
-1,63.0,232.0,273.0,189.0,21:14:16 785
+1,304.0,171.0,82.0,238.0,21:14:18 264
+1,305.0,177.0,58.0,247.0,21:14:19 340
0,293.0,195.0,293.0,195.0,21:14:20 258
+1,295.0,188.0,98.0,244.0,21:14:20 559
0,224.0,113.0,224.0,113.0,21:14:21 498
音乐,0,0,0,0,21:14:21 537
+1,283.0,186.0,106.0,270.0,21:14:24 076
+1,281.0,179.0,123.0,270.0,21:14:25 619
任务3, 结束
任务4, 开始
+2,153.0,29.0,135.44876,272.40985,21:14:34 567
＊主菜单＊,0,0,0,0,21:14:34 635
+1,299.0,187.0,126.0,235.0,21:14:37 273
+1,298.0,187.0,98.0,251.0,21:14:38 488
+1,294.0,161.0,114.0,224.0,21:14:39 560
+1,292.0,180.0,260.0,173.0,21:14:40 662
0,223.0,229.0,223.0,229.0,21:14:40 798
下载,0,0,0,0,21:14:41 007
任务4, 结束
任务5, 开始
+2,198.0,57.0,174.55699,293.79703,21:14:54 617
＊主菜单＊,0,0,0,0,21:14:54 765
-1,80.0,192.0,284.0,162.0,21:14:57 773
-1,100.0,207.0,270.0,168.0,21:14:59 517
-1,55.0,179.0,295.0,149.0,21:15:00 596
0,238.0,225.0,238.0,225.0,21:15:01 798
笔记,0,0,0,0,21:15:01 839
+1,294.0,193.0,60.043972,256.24585,21:15:07 596
+1,294.0,184.0,10.0,234.0,21:15:11 813
+1,295.0,155.0,79.0,218.0,21:15:16 543
0,183.0,258.0,183.0,258.0,21:15:17 245
0,179.0,256.0,179.0,256.0,21:15:17 686
0,177.0,237.0,177.0,237.0,21:15:18 307
-1,63.0,195.0,287.0,173.0,21:15:21 565
+1,287.0,148.0,13.551325,229.89662,21:15:24 077
+1,291.0,159.0,69.0,243.0,21:15:26 586
-1,42.0,188.0,281.17395,201.72635,21:15:26 726
-1,71.0,208.0,285.0,191.0,21:15:27 545
+1,288.0,176.0,33.35476,231.41676,21:15:28 228
+1,294.0,150.0,30.0,227.0,21:15:29 154
任务5, 结束
＊＊＊＊＊＊＊＊＊＊＊＊＊＊＊＊＊＊＊＊＊＊＊＊＊＊＊＊＊＊
