任务1, 开始
+1,209.0,129.0,17.0,149.0,22:00:33 539
+2,165.0,60.0,176.83907,285.57083,22:00:36 039
＊主菜单＊,0,0,0,0,22:00:36 122
+1,270.0,148.0,-10.141808,150.18686,22:00:38 831
+1,263.0,182.0,62.0,200.0,22:00:39 120
-1,80.0,177.0,307.0,152.0,22:00:39 718
0,84.0,113.0,84.0,113.0,22:00:40 347
股票,0,0,0,0,22:00:40 402
+1,240.0,221.0,62.77587,269.96368,22:00:43 770
+1,216.0,208.0,32.243343,245.3731,22:00:45 436
+1,189.0,189.0,31.0,218.0,22:00:46 325
+1,302.0,160.0,38.371872,237.14664,22:00:51 752
-1,102.0,203.0,332.4716,138.87546,22:00:52 635
-1,139.0,186.0,285.0,172.0,22:00:53 367
-1,119.0,221.0,296.0,179.0,22:00:54 023
-1,147.0,205.0,296.0,176.0,22:00:54 779
-1,121.0,200.0,304.0,145.0,22:00:55 660
+1,261.0,167.0,59.346775,224.49126,22:00:56 301
0,97.0,224.0,97.0,224.0,22:00:56 886
+1,248.0,165.0,65.0,211.0,22:00:57 448
+1,186.0,212.0,49.0,232.0,22:00:58 299
+1,262.0,142.0,75.0,181.0,22:01:01 252
-1,142.0,157.0,262.0,142.0,22:01:01 291
-1,125.0,194.0,284.0,182.0,22:01:02 036
+1,283.0,166.0,53.0,209.0,22:01:03 772
任务1, 结束
+2,168.0,30.0,148.0,239.5,22:01:10 525
＊主菜单＊,0,0,0,0,22:01:10 588
任务2, 开始
+1,271.0,178.0,32.2846,228.74907,22:01:19 421
+1,248.0,196.0,41.8433,260.3461,22:01:20 417
-1,107.0,221.0,294.0,200.0,22:01:21 155
-1,104.0,216.0,266.0,189.0,22:01:21 812
-1,109.0,217.0,305.0,181.0,22:01:22 713
-1,131.0,174.0,297.0,144.0,22:01:23 682
0,218.0,111.0,218.0,111.0,22:01:24 617
联系人,0,0,0,0,22:01:24 657
+1,289.0,136.0,142.0,189.0,22:01:28 554
+1,262.0,149.0,111.0,196.0,22:01:29 305
+1,284.0,163.0,125.0,223.0,22:01:30 785
+1,279.0,180.0,169.0,213.0,22:01:33 724
-1,198.0,226.0,230.0,223.0,22:01:34 148
-1,153.0,218.0,297.0,180.0,22:01:34 943
-1,183.0,212.0,309.0,156.0,22:01:35 713
-1,194.0,208.0,294.0,163.0,22:01:36 449
-1,173.0,186.0,330.5133,137.36261,22:01:37 072
-1,184.0,218.0,279.93307,174.39647,22:01:38 061
+1,290.0,160.0,127.023384,206.73929,22:01:38 853
+1,248.0,188.0,165.0,215.0,22:01:39 485
+1,251.0,189.0,146.0,214.0,22:01:40 305
-1,225.0,169.0,259.0,156.0,22:01:41 326
-1,208.0,196.0,295.0,173.0,22:01:42 086
-1,212.0,192.0,301.0,169.0,22:01:42 665
任务2, 结束
+2,170.0,28.0,145.0,259.5,22:01:48 530
＊主菜单＊,0,0,0,0,22:01:48 628
+1,238.0,170.0,57.0,228.0,22:01:51 007
任务3, 开始
+1,232.0,124.0,45.0,186.0,22:01:52 576
+1,272.0,155.0,88.0,232.0,22:01:53 437
+1,279.0,152.0,170.0,183.0,22:01:54 333
0,94.0,147.0,94.0,147.0,22:01:57 256
0,124.0,112.0,124.0,112.0,22:01:58 424
系统设置,0,0,0,0,22:01:58 473
任务3, 结束
+2,172.0,26.0,173.0467,271.27246,22:02:03 898
＊主菜单＊,0,0,0,0,22:02:03 992
任务4, 开始
+1,243.0,111.0,50.0,178.0,22:02:16 902
-1,100.0,174.0,306.0,147.0,22:02:17 056
-1,132.0,172.0,303.0,154.0,22:02:17 725
-1,95.0,230.0,271.0,192.0,22:02:18 491
0,216.0,101.0,216.0,101.0,22:02:19 293
音乐,0,0,0,0,22:02:19 336
+1,284.0,102.0,28.0,183.0,22:02:22 273
+1,269.0,108.0,177.0,135.0,22:02:22 309
任务4, 结束
任务5, 开始
+2,147.0,22.0,124.41202,272.5279,22:02:27 806
＊主菜单＊,0,0,0,0,22:02:27 897
-1,67.0,216.0,309.3588,152.42004,22:02:30 843
-1,98.0,179.0,258.0,148.0,22:02:31 041
-1,105.0,212.0,301.0,160.0,22:02:32 169
0,229.0,112.0,229.0,112.0,22:02:33 396
睡眠,0,0,0,0,22:02:33 484
任务5, 结束
＊＊＊＊＊＊＊＊＊＊＊＊＊＊＊＊＊＊＊＊＊＊＊＊＊＊＊＊＊＊
