+2,197.0,81.0,189.10861,279.7104,21:50:16 673
＊主菜单＊,0,0,0,0,21:50:16 718
任务1, 开始
+2,183.0,24.0,175.95622,287.9638,21:51:43 868
+1,292.0,153.0,20.0,183.0,21:51:44 598
+1,263.0,184.0,52.0,206.0,21:51:46 490
+1,245.0,195.0,38.0,190.0,21:51:47 179
+1,273.0,137.0,12.0,187.0,21:51:48 211
+1,270.0,184.0,24.0,221.0,21:51:49 361
+1,266.0,183.0,51.0,237.0,21:51:50 434
0,130.0,145.0,130.0,145.0,21:51:51 370
0,109.0,107.0,109.0,107.0,21:51:53 113
系统设置,0,0,0,0,21:51:53 181
+1,196.0,216.0,21.307785,220.83427,21:51:56 954
+1,224.0,138.0,15.0,184.0,21:52:03 548
+2,203.0,62.0,149.0,281.0,21:52:04 162
＊主菜单＊,0,0,0,0,21:52:04 292
+1,272.0,143.0,82.0,193.0,21:52:07 475
-1,104.0,140.0,297.0,131.0,21:52:08 436
-1,56.0,200.0,305.0,149.0,21:52:12 900
-1,65.0,212.0,307.0,158.0,21:52:14 880
-1,133.0,152.0,303.0,161.0,21:52:18 072
0,95.0,213.0,95.0,213.0,21:52:18 945
视频,0,0,0,0,21:52:19 012
+1,263.0,183.0,11.512202,225.07391,21:52:21 423
+1,245.0,181.0,77.0,206.0,21:52:22 103
+2,218.0,82.0,180.0,280.0,21:52:22 561
＊主菜单＊,0,0,0,0,21:52:22 624
-1,101.0,170.0,264.0,144.0,21:52:25 509
-1,102.0,180.0,304.0,150.0,21:52:27 264
-1,95.0,165.0,303.55984,139.50697,21:52:28 100
-1,55.0,203.0,303.0,134.0,21:52:30 873
+1,295.0,140.0,15.0,175.0,21:52:32 738
+1,269.0,175.0,53.0,249.0,21:52:36 361
+1,305.0,151.0,51.0,236.0,21:52:38 128
+1,306.0,171.0,102.0,213.0,21:52:40 106
+1,304.0,174.0,58.0,205.0,21:52:45 125
+1,265.0,144.0,53.0,190.0,21:52:47 232
0,217.0,230.0,217.0,230.0,21:52:51 074
下载,0,0,0,0,21:52:51 141
+1,284.0,174.0,78.631516,197.29826,21:52:53 723
+1,283.0,146.0,46.0,209.0,21:52:54 305
+1,298.0,179.0,112.0,218.0,21:52:55 159
任务1, 结束
+2,114.0,32.0,138.35834,281.1155,21:52:58 952
＊主菜单＊,0,0,0,0,21:52:59 009
-1,55.0,185.0,290.0,142.0,21:53:03 766
任务2, 开始
-1,73.0,142.0,236.0,180.0,21:53:04 984
-1,82.0,158.0,257.0,115.0,21:53:05 885
-1,35.0,179.0,276.0,148.0,21:53:07 063
-1,62.0,152.0,292.0,139.0,21:53:08 231
0,140.0,225.0,140.0,225.0,21:53:09 176
短信息,0,0,0,0,21:53:09 362
+1,252.0,180.0,43.0,226.0,21:53:15 968
+1,296.0,169.0,21.0,236.5,21:53:19 229
-1,141.0,221.0,307.0,193.0,21:53:20 935
+1,276.0,158.0,21.111324,187.75548,21:53:25 414
+1,295.0,141.0,33.849113,199.02515,21:53:28 590
-1,139.0,193.0,316.68594,127.71769,21:53:29 375
0,217.0,97.0,217.0,97.0,21:53:33 535
+2,211.0,36.0,164.5,288.5,21:53:36 218
＊主菜单＊,0,0,0,0,21:53:36 257
0,126.0,228.0,126.0,228.0,21:53:39 215
短信息,0,0,0,0,21:53:39 260
0,246.0,77.0,246.0,77.0,21:53:41 038
0,248.0,62.0,248.0,62.0,21:53:41 176
0,103.0,68.0,103.0,68.0,21:53:42 183
0,86.0,87.0,86.0,87.0,21:53:42 295
0,91.0,84.0,91.0,84.0,21:53:43 761
0,193.0,53.0,193.0,53.0,21:53:44 844
+1,244.0,103.0,59.0,138.0,21:53:46 079
+1,255.0,182.0,55.0,228.0,21:53:47 395
-1,110.0,166.0,275.75616,150.34146,21:53:48 187
0,81.0,101.0,81.0,101.0,21:53:50 464
+1,219.0,149.0,173.0,282.0,21:53:51 322
+2,184.0,55.0,140.66466,286.70682,21:53:52 899
＊主菜单＊,0,0,0,0,21:53:53 061
0,199.0,114.0,199.0,114.0,21:53:55 720
微信,0,0,0,0,21:53:55 761
+1,277.0,142.0,65.0,161.0,21:54:00 165
+1,293.0,161.0,156.0,186.0,21:54:01 113
+1,288.0,144.0,125.0,196.0,21:54:02 029
+1,253.0,153.0,114.0,179.0,21:54:03 297
+2,200.0,50.0,180.0,282.0,21:54:04 514
＊主菜单＊,0,0,0,0,21:54:04 583
0,114.0,102.0,114.0,102.0,21:54:07 214
腾讯QQ,0,0,0,0,21:54:07 259
+1,300.0,151.0,68.0,175.0,21:54:09 895
+1,292.0,115.0,70.0,183.0,21:54:10 813
-1,142.0,133.0,303.16925,112.48425,21:54:12 035
-1,126.0,155.0,294.0,131.0,21:54:13 724
-1,137.0,214.0,299.0,139.0,21:54:16 752
+1,248.0,170.0,99.0,175.0,21:54:17 814
+1,263.0,139.0,133.0,151.0,21:54:19 693
+2,211.0,43.0,145.0,272.0,21:54:20 962
＊主菜单＊,0,0,0,0,21:54:21 141
0,216.0,221.0,216.0,221.0,21:54:24 355
邮箱,0,0,0,0,21:54:24 405
+1,288.0,150.0,117.5,149.5,21:54:28 252
+1,263.0,159.0,125.0,168.0,21:54:29 388
+1,286.0,164.0,107.0,147.0,21:54:30 566
+1,268.0,114.0,139.0,149.0,21:54:31 394
+2,219.0,38.0,181.0,271.0,21:54:32 569
＊主菜单＊,0,0,0,0,21:54:32 631
0,126.0,197.0,126.0,197.0,21:54:37 051
短信息,0,0,0,0,21:54:37 115
+1,301.0,151.0,94.60327,189.56427,21:54:40 757
-1,204.0,154.0,301.0,172.0,21:54:42 103
+2,180.0,64.0,164.54814,284.0049,21:54:43 016
＊主菜单＊,0,0,0,0,21:54:43 182
0,216.0,99.0,216.0,99.0,21:54:45 731
微信,0,0,0,0,21:54:45 767
+1,245.0,140.0,80.0,157.0,21:54:49 560
+1,251.0,137.0,65.0,164.0,21:54:50 520
+1,269.0,140.0,118.0,174.0,21:54:51 678
+1,234.0,144.0,109.0,157.0,21:54:53 172
+1,257.0,141.0,76.0,175.0,21:54:54 200
+2,197.0,106.0,167.0,275.0,21:54:54 735
＊主菜单＊,0,0,0,0,21:54:54 853
0,106.0,97.0,106.0,97.0,21:54:57 758
腾讯QQ,0,0,0,0,21:54:57 840
+1,276.0,144.0,107.0,148.0,21:55:00 868
+1,249.0,160.0,112.0,164.0,21:55:02 134
+2,198.0,102.0,162.70079,291.28952,21:55:03 115
＊主菜单＊,0,0,0,0,21:55:03 185
0,108.0,232.0,108.0,232.0,21:55:05 744
短信息,0,0,0,0,21:55:05 813
+1,228.0,158.0,21.0,153.0,21:57:36 392
0,101.0,224.0,101.0,224.0,21:57:45 751
短信息,0,0,0,0,21:57:45 793
+1,295.0,142.0,37.0,153.0,21:57:51 326
-1,139.0,205.0,303.15585,139.34238,21:57:55 779
+1,222.0,204.0,40.805824,228.36893,21:57:56 799
任务2, 结束
0,84.0,51.0,84.0,51.0,21:58:04 057
+2,138.0,49.0,139.75055,287.62802,21:58:11 170
＊主菜单＊,0,0,0,0,21:58:11 214
任务3, 开始
+1,283.0,142.0,59.0,133.0,21:58:17 432
+1,235.0,170.0,66.0,177.0,21:58:18 288
0,201.0,96.0,201.0,96.0,21:58:19 198
音乐,0,0,0,0,21:58:19 264
+1,294.0,160.0,99.0,190.0,21:58:22 923
+1,300.0,156.0,125.0,182.0,21:58:25 886
-1,108.0,195.0,303.0,144.0,21:58:26 800
任务3, 结束
+2,173.0,87.0,143.46996,284.8598,21:58:32 245
＊主菜单＊,0,0,0,0,21:58:32 286
-1,66.0,172.0,310.0,175.0,21:58:34 794
-1,111.0,142.0,300.0,144.0,21:58:35 530
任务4, 开始
-1,83.0,202.0,293.0,152.0,21:58:37 567
-1,97.0,172.0,301.0,139.0,21:58:38 650
0,95.0,98.0,95.0,98.0,21:58:42 639
健康运动,0,0,0,0,21:58:42 708
+1,291.0,164.0,70.0,190.0,21:58:45 735
+1,279.0,149.0,33.849957,189.79347,21:58:46 614
+1,166.0,142.0,49.0,184.0,21:58:47 367
+1,289.0,178.0,99.19057,187.3833,21:58:49 332
-1,145.0,192.0,279.0,148.0,21:58:49 957
任务4, 结束
任务5, 开始
+2,99.0,34.0,172.91911,289.80847,21:58:55 108
＊主菜单＊,0,0,0,0,21:58:55 195
+1,263.0,160.0,-1.069624,167.51471,21:58:58 007
+1,263.0,165.0,24.0,221.0,21:58:58 597
+1,271.0,138.0,50.0,141.0,21:58:59 367
+1,292.0,179.0,49.0,201.0,21:59:00 229
0,100.0,237.0,100.0,237.0,21:59:01 043
卡包,0,0,0,0,21:59:01 135
+1,270.0,140.0,32.0,181.0,21:59:04 615
+1,289.0,130.0,19.049385,194.02777,21:59:06 455
+1,288.0,147.0,96.0,141.0,21:59:07 305
任务5, 结束
＊＊＊＊＊＊＊＊＊＊＊＊＊＊＊＊＊＊＊＊＊＊＊＊＊＊＊＊＊＊
