任务1, 开始
+2,184.0,47.0,168.0,282.0,21:22:36 077
＊主菜单＊,0,0,0,0,21:22:36 122
-1,95.0,184.0,304.0,176.0,21:22:38 472
-1,111.0,194.0,301.0,178.0,21:22:39 067
-1,136.0,188.0,299.0,163.0,21:22:39 762
-1,111.0,204.0,305.0,173.0,21:22:40 626
-1,118.0,209.0,306.79626,181.88025,21:22:41 058
0,110.0,117.0,110.0,117.0,21:22:42 557
健康运动,0,0,0,0,21:22:42 595
+1,297.0,175.0,71.0,235.0,21:22:45 248
+1,292.0,167.0,131.6825,215.54303,21:22:47 557
+1,288.0,190.0,100.0,232.0,21:22:48 070
+1,286.0,180.0,132.0,219.0,21:22:48 557
+1,267.0,174.0,89.0,231.0,21:22:49 147
-1,104.0,181.0,151.0,220.0,21:22:54 565
任务1, 结束
任务2, 开始
+2,145.0,94.0,137.0,277.0,21:23:04 810
＊主菜单＊,0,0,0,0,21:23:04 918
-1,61.0,217.0,271.0,193.0,21:23:07 978
+1,273.0,187.0,38.525135,257.75287,21:23:08 615
+1,286.0,156.0,53.0,229.0,21:23:09 260
+1,294.0,170.0,59.0,252.0,21:23:09 892
+1,276.0,190.0,70.0,263.0,21:23:10 329
+1,258.0,210.0,75.0,265.0,21:23:10 636
+1,287.0,194.0,117.0,250.0,21:23:12 141
0,86.0,144.0,86.0,144.0,21:23:12 584
0,134.0,119.0,134.0,119.0,21:23:14 668
系统设置,0,0,0,0,21:23:14 714
-1,100.0,250.0,146.52852,266.94296,21:23:19 066
-1,90.0,147.0,227.06866,167.0,21:23:20 562
+2,153.0,36.0,157.0,279.0,21:23:24 061
＊主菜单＊,0,0,0,0,21:23:24 109
-1,71.0,188.0,317.2271,160.0,21:23:26 562
-1,127.0,172.0,305.0,151.0,21:23:28 097
-1,106.0,179.0,268.0,145.0,21:23:30 212
-1,111.0,180.0,283.0,144.0,21:23:30 356
-1,107.0,191.0,292.0,152.0,21:23:30 471
-1,101.0,193.0,305.0,167.0,21:23:31 232
任务2, 结束
任务3, 开始
+1,279.0,181.0,114.0,215.0,21:23:40 513
+1,276.0,170.0,129.0,206.0,21:23:41 366
+1,306.0,176.0,110.0,214.0,21:23:42 295
0,99.0,226.0,99.0,226.0,21:23:43 096
视频,0,0,0,0,21:23:43 185
+1,268.0,187.0,61.0,237.0,21:23:45 678
-1,106.0,231.0,262.0,206.0,21:23:47 063
-1,68.0,200.0,264.0,215.0,21:23:47 879
任务3, 结束
任务4, 开始
+2,181.0,26.0,164.06891,282.34494,21:23:55 198
＊主菜单＊,0,0,0,0,21:23:55 283
+1,291.0,186.0,120.0,232.0,21:23:57 980
+1,294.0,179.0,131.0,227.0,21:24:00 163
-1,94.0,228.0,285.0,227.0,21:24:01 697
+1,297.0,155.0,46.0,207.0,21:24:02 410
+1,298.0,178.0,120.0,226.0,21:24:04 627
+1,296.0,169.0,139.03603,194.56456,21:24:06 442
-1,121.0,190.0,297.0,176.0,21:24:06 857
-1,108.0,203.0,305.0,184.0,21:24:07 427
0,123.0,106.0,123.0,106.0,21:24:08 094
浏览器,0,0,0,0,21:24:08 159
+1,304.0,151.0,129.0,201.0,21:24:10 742
-2,217.0,223.0,231.9602,71.559685,21:24:14 577
+2,241.0,117.0,225.60951,269.70462,21:24:14 616
＊主菜单＊,0,0,0,0,21:24:14 656
-1,32.0,196.0,282.0,219.0,21:24:14 770
-1,61.0,201.0,306.0,182.0,21:24:17 053
-1,68.0,173.0,302.0,174.0,21:24:18 749
-1,62.0,182.0,276.0,181.0,21:24:19 647
+1,294.0,162.0,73.04449,238.54796,21:24:21 708
+1,291.0,177.0,67.0,236.0,21:24:22 350
+1,307.0,171.0,101.0,234.0,21:24:24 443
+1,307.0,176.0,140.0,226.0,21:24:26 819
0,111.0,230.0,111.0,230.0,21:24:30 564
卡包,0,0,0,0,21:24:30 605
+1,293.0,167.0,130.0,218.0,21:24:32 563
+1,277.0,188.0,103.0,241.0,21:24:34 066
+1,280.0,187.0,144.0,228.0,21:24:35 300
+1,280.0,183.0,165.0,205.0,21:24:36 562
任务4, 结束
+2,186.0,110.0,214.0,277.0,21:24:47 695
＊主菜单＊,0,0,0,0,21:24:47 745
任务5, 开始
-1,68.0,232.0,256.0,195.0,21:24:53 852
-1,63.0,201.0,309.0,167.0,21:24:54 719
0,218.0,111.0,218.0,111.0,21:24:56 602
联系人,0,0,0,0,21:24:56 725
+1,287.0,153.0,80.0,230.5,21:25:00 575
+1,301.0,159.0,115.0,197.0,21:25:01 325
+1,233.0,155.0,137.0,188.0,21:25:02 114
+1,292.0,178.0,167.0,219.0,21:25:04 380
-1,171.0,189.0,297.0,188.0,21:25:04 953
-1,139.0,195.0,292.0,188.0,21:25:06 646
-1,138.0,200.0,264.0,190.0,21:25:06 888
+1,288.0,194.0,133.0,213.0,21:25:11 193
+1,288.0,191.0,113.0,221.0,21:25:11 777
+1,291.0,185.0,91.0,231.0,21:25:12 559
+2,179.0,97.0,157.0,280.0,21:25:13 642
＊主菜单＊,0,0,0,0,21:25:14 157
+1,285.0,174.0,94.0,212.0,21:25:17 198
-1,141.0,182.0,266.0,184.0,21:25:19 289
-1,105.0,215.0,267.0,197.0,21:25:19 631
0,113.0,237.0,113.0,237.0,21:25:21 656
短信息,0,0,0,0,21:25:21 763
+1,298.0,153.0,139.68675,206.11188,21:25:23 167
-1,113.0,226.0,286.0,222.0,21:25:27 710
+2,212.0,65.0,218.0,270.0,21:25:29 095
＊主菜单＊,0,0,0,0,21:25:29 139
0,214.0,111.0,214.0,111.0,21:25:31 031
微信,0,0,0,0,21:25:31 095
+1,302.0,164.0,175.0,196.0,21:25:34 069
+1,293.0,170.0,139.0,217.0,21:25:35 570
+1,296.0,177.0,132.86871,205.24315,21:25:36 071
+1,292.0,179.0,133.0,221.0,21:25:36 769
+1,291.0,190.0,75.5,245.5,21:25:38 571
+2,176.0,64.0,147.0,278.0,21:25:38 772
＊主菜单＊,0,0,0,0,21:25:38 862
+1,295.0,167.0,156.0,219.0,21:25:41 472
0,99.0,134.0,99.0,134.0,21:25:43 082
电话,0,0,0,0,21:25:43 591
0,134.0,142.0,134.0,142.0,21:25:46 581
+1,295.0,165.0,142.0,217.0,21:25:47 705
任务5, 结束
＊＊＊＊＊＊＊＊＊＊＊＊＊＊＊＊＊＊＊＊＊＊＊＊＊＊＊＊＊＊
