任务1, 开始
+1,299.0,149.0,59.0,218.0,21:17:59 047
+1,269.0,153.0,71.0,203.0,21:18:00 191
+1,301.0,161.0,69.87475,246.88129,21:18:01 507
0,232.0,219.0,232.0,219.0,21:18:03 170
相册,0,0,0,0,21:18:03 228
+1,297.0,189.0,77.09028,235.11458,21:18:06 347
+1,282.0,176.0,29.958332,224.54861,21:18:08 906
-1,93.0,189.0,313.8671,175.0,21:18:09 895
任务1, 结束
任务2, 开始
+2,185.0,26.0,177.0,271.0,21:18:18 606
＊主菜单＊,0,0,0,0,21:18:18 646
+1,277.0,162.0,149.0,213.0,21:18:21 764
+1,303.0,166.0,60.0,247.0,21:18:22 663
+1,305.0,167.0,102.0,231.0,21:18:23 477
0,100.0,121.0,100.0,121.0,21:18:24 812
系统设置,0,0,0,0,21:18:24 858
-2,84.0,247.0,140.40828,88.71401,21:18:27 856
+2,129.0,75.0,105.0,282.0,21:18:28 295
＊主菜单＊,0,0,0,0,21:18:28 340
-1,25.0,182.0,273.0,189.0,21:18:29 094
+1,296.0,160.0,19.814133,216.44888,21:18:32 172
-1,108.0,187.0,283.0,189.0,21:18:36 801
-1,62.0,223.0,276.66843,210.0198,21:18:37 533
-1,79.0,187.0,301.0,180.0,21:18:39 373
+1,307.0,156.0,38.0,223.0,21:18:40 645
+1,302.0,170.0,36.0,219.0,21:18:40 957
任务2, 结束
任务3, 开始
-1,122.0,190.0,291.0,189.0,21:18:45 591
-1,78.0,186.0,305.0,178.0,21:18:46 148
-1,33.0,193.0,288.0,206.0,21:18:46 996
0,114.0,218.0,114.0,218.0,21:18:48 130
新浪微博,0,0,0,0,21:18:48 177
+1,298.0,184.0,40.5,259.0,21:18:55 125
+1,301.0,170.0,86.59042,222.66571,21:18:57 050
-1,72.0,175.0,284.7247,202.41385,21:19:00 500
-1,70.0,163.0,315.5,185.0,21:19:01 159
+1,297.0,147.0,85.761475,158.07253,21:19:02 277
+1,247.0,191.0,57.0,229.0,21:19:02 743
任务3, 结束
任务4, 开始
+2,180.0,28.0,184.0,272.0,21:19:16 720
＊主菜单＊,0,0,0,0,21:19:16 765
-1,120.0,178.0,304.0,184.0,21:19:19 565
-1,99.0,201.0,301.0,164.0,21:19:20 648
0,227.0,247.0,227.0,247.0,21:19:22 036
0,217.0,221.0,217.0,221.0,21:19:24 700
国际象棋,0,0,0,0,21:19:24 739
+1,284.0,216.0,117.810005,193.0,21:19:29 511
+1,301.0,173.0,49.0,230.0,21:19:32 602
-1,74.0,224.0,321.5,204.0,21:19:32 642
+1,283.0,187.0,58.0,221.0,21:19:33 220
任务4, 结束
任务5, 开始
+2,173.0,59.0,177.0,269.0,21:19:39 100
＊主菜单＊,0,0,0,0,21:19:39 155
-1,94.0,210.0,234.671,218.03656,21:19:43 643
+1,300.0,174.0,143.0,224.0,21:19:46 689
+1,293.0,159.0,118.0,223.0,21:19:47 100
-1,117.0,195.0,284.56177,180.86055,21:19:47 810
-1,116.0,218.0,298.0,202.0,21:19:48 352
+1,295.0,150.0,90.0,200.0,21:19:49 869
+1,284.0,183.0,54.0,235.0,21:19:50 566
+1,304.0,156.0,66.0,235.0,21:19:51 780
+1,299.0,176.0,105.0,254.0,21:19:53 010
+1,282.0,177.0,130.35417,214.18134,21:19:54 960
0,101.0,240.0,101.0,240.0,21:19:56 049
0,127.0,222.0,127.0,222.0,21:19:58 744
0,129.0,227.0,129.0,227.0,21:19:59 506
天气,0,0,0,0,21:19:59 546
+1,292.0,170.0,59.0,218.0,21:20:04 680
-1,104.0,199.0,288.6814,185.96912,21:20:10 111
+1,291.0,177.0,44.405365,200.96913,21:20:10 814
-1,64.0,196.0,242.80595,182.11057,21:20:12 697
+1,286.0,155.0,86.93335,189.10416,21:20:15 217
+1,298.0,159.0,105.71384,183.7279,21:20:16 041
+1,283.0,179.0,52.493114,245.07634,21:20:16 671
-1,91.0,188.0,233.04369,178.88066,21:20:17 513
-1,109.0,177.0,299.0,168.0,21:20:17 941
-1,95.0,186.0,269.0,181.0,21:20:18 344
任务5, 结束
＊＊＊＊＊＊＊＊＊＊＊＊＊＊＊＊＊＊＊＊＊＊＊＊＊＊＊＊＊＊
