+2,197.0,60.0,174.10493,295.79623,21:28:07 065
＊主菜单＊,0,0,0,0,21:28:07 108
任务1, 开始
-1,56.0,167.0,268.0,217.0,21:28:16 707
-1,61.0,229.0,274.0,199.0,21:28:18 737
+1,302.0,162.0,61.0,249.0,21:28:20 875
+1,300.0,157.0,109.58507,246.9611,21:28:21 502
+1,300.0,162.0,29.0,265.0,21:28:24 057
+1,266.0,194.0,72.0,255.0,21:28:26 152
+1,306.0,177.0,37.69034,229.77611,21:28:28 000
+1,278.0,178.0,88.0,270.0,21:28:30 566
-1,80.0,198.0,321.45398,178.17705,21:28:32 705
-1,73.0,148.0,252.0,144.0,21:28:34 143
0,107.0,245.0,107.0,245.0,21:28:35 926
0,107.0,222.0,107.0,222.0,21:28:38 081
卡包,0,0,0,0,21:28:38 121
0,129.0,226.0,129.0,226.0,21:28:39 552
+1,268.0,224.0,49.0,226.0,21:28:40 100
+1,300.0,197.0,60.0,262.0,21:28:40 833
+1,289.0,185.0,175.0,230.0,21:28:42 551
+1,282.0,180.0,33.620728,268.974,21:28:42 626
-1,70.0,209.0,291.0,185.0,21:28:43 334
-1,26.0,181.0,273.0,191.0,21:28:45 058
-1,51.0,224.0,289.0,198.0,21:28:45 101
+2,185.0,50.0,206.0,275.0,21:28:45 774
＊主菜单＊,0,0,0,0,21:28:45 825
-1,91.0,184.0,280.0,146.0,21:28:49 422
0,219.0,222.0,219.0,222.0,21:28:51 561
相册,0,0,0,0,21:28:51 601
+1,264.0,142.0,35.0,231.0,21:28:53 574
+1,289.0,192.0,58.0,236.0,21:28:55 046
-1,57.0,203.0,310.56448,193.99124,21:28:55 494
-1,31.0,187.0,292.0,186.0,21:28:55 953
+2,152.0,99.0,140.99634,277.1536,21:28:56 686
＊主菜单＊,0,0,0,0,21:28:57 061
-1,96.0,159.0,300.0,164.0,21:29:01 160
-1,28.0,179.0,294.0,181.0,21:29:04 386
+1,293.0,166.0,78.0,252.0,21:29:04 677
0,222.0,234.0,222.0,234.0,21:29:06 062
支付宝,0,0,0,0,21:29:06 535
任务1, 结束
任务2, 开始
+2,206.0,36.0,151.0,280.0,21:29:18 085
＊主菜单＊,0,0,0,0,21:29:18 190
+1,306.0,181.0,63.0,235.0,21:29:21 232
+1,281.0,165.0,76.0,247.0,21:29:21 835
0,217.0,234.0,217.0,234.0,21:29:22 491
笔记,0,0,0,0,21:29:22 610
+1,292.0,172.0,37.0,207.0,21:29:25 974
+1,297.0,185.0,47.50059,270.71317,21:29:28 076
任务2, 结束
任务3, 开始
+2,210.0,53.0,178.23553,282.44006,21:29:42 090
＊主菜单＊,0,0,0,0,21:29:42 130
+1,275.0,192.0,142.0,261.0,21:29:44 339
+1,256.0,162.0,43.0,229.0,21:29:45 180
0,301.0,180.0,301.0,180.0,21:29:45 851
0,103.0,118.0,103.0,118.0,21:29:46 504
系统设置,0,0,0,0,21:29:46 541
任务3, 结束
任务4, 开始
+2,221.0,50.0,212.0,268.0,21:29:54 788
＊主菜单＊,0,0,0,0,21:29:54 851
-1,72.0,236.0,256.0,202.0,21:29:57 140
-1,96.0,221.0,309.00156,203.14268,21:29:57 744
-1,71.0,193.0,239.0,191.0,21:29:58 089
-1,122.0,202.0,292.0,162.0,21:29:58 711
-1,75.0,188.0,301.0,174.0,21:29:59 293
-1,84.0,211.0,265.0,222.0,21:29:59 801
0,133.0,125.0,133.0,125.0,21:30:01 083
健康运动,0,0,0,0,21:30:01 122
+1,300.0,154.0,41.0,225.0,21:30:05 886
+1,296.0,159.0,36.124104,251.80797,21:30:07 559
+1,300.0,175.0,105.22734,228.0917,21:30:08 069
-1,114.0,196.0,283.0,165.0,21:30:09 590
+1,288.0,190.0,54.0,231.0,21:30:10 086
+1,280.0,167.0,55.0,228.0,21:30:10 644
+1,276.0,164.0,52.0,198.0,21:30:11 365
-1,66.0,184.0,281.0,185.0,21:30:12 559
任务4, 结束
任务5, 开始
+2,200.0,44.0,131.0,274.0,21:30:19 654
＊主菜单＊,0,0,0,0,21:30:19 832
+1,285.0,187.0,60.0,242.0,21:30:22 881
+1,277.0,183.0,145.0,229.0,21:30:23 452
+1,280.0,212.0,102.0,232.0,21:30:24 117
0,88.0,238.0,88.0,238.0,21:30:24 883
视频,0,0,0,0,21:30:25 126
+1,306.0,174.0,42.238407,206.44931,21:30:28 553
任务5, 结束
＊＊＊＊＊＊＊＊＊＊＊＊＊＊＊＊＊＊＊＊＊＊＊＊＊＊＊＊＊＊
