任务1, 开始
+2,162.0,49.0,147.48547,290.65118,16:36:05 929
＊主菜单＊,0,0,0,0,16:36:05 982
-1,76.0,182.0,318.0,199.5,16:36:08 073
-1,74.0,178.0,282.0,189.0,16:36:08 512
-1,27.0,187.0,274.0,192.0,16:36:08 951
-1,59.0,200.0,267.0,199.0,16:36:09 749
0,218.0,101.0,218.0,101.0,16:36:10 616
睡眠,0,0,0,0,16:36:10 781
任务1, 结束
任务2, 开始
+1,292.0,183.0,107.0,223.0,16:36:23 728
0,217.0,113.0,217.0,113.0,16:36:24 013
联系人,0,0,0,0,16:36:24 056
+1,295.0,167.0,130.0,186.0,16:36:26 840
+1,294.0,176.0,134.80087,181.07883,16:36:28 051
+1,277.0,177.0,90.5,194.5,16:36:29 397
-1,81.0,185.0,264.0,155.0,16:36:32 264
-1,87.0,173.0,254.0,155.0,16:36:32 319
-1,55.0,181.0,264.0,151.0,16:36:33 220
+1,283.0,154.0,65.0,216.0,16:36:33 924
+1,288.0,176.0,81.0,223.0,16:36:34 567
+1,234.0,185.0,98.0,224.0,16:36:35 525
+1,252.0,156.0,53.0,223.0,16:36:39 628
任务2, 结束
+2,173.0,68.0,127.81505,286.82782,16:36:44 975
＊主菜单＊,0,0,0,0,16:36:45 062
任务3, 开始
+1,269.0,179.0,92.0,226.0,16:36:47 874
0,211.0,101.0,211.0,101.0,16:36:48 702
音乐,0,0,0,0,16:36:48 741
+1,289.0,183.0,98.0,221.0,16:36:50 538
+1,266.0,197.0,93.0,231.0,16:36:51 089
任务3, 结束
+2,119.0,85.0,130.0,262.0,16:36:55 406
＊主菜单＊,0,0,0,0,16:36:55 486
任务4, 开始
+1,289.0,139.0,55.0,231.0,16:37:00 041
+1,241.0,180.0,64.0,205.0,16:37:00 705
+1,278.0,185.0,96.0,210.0,16:37:01 539
0,100.0,104.0,100.0,104.0,16:37:02 376
系统设置,0,0,0,0,16:37:02 434
任务4, 结束
+2,129.0,61.0,114.45367,250.95941,16:37:07 769
＊主菜单＊,0,0,0,0,16:37:07 802
任务5, 开始
-1,104.0,186.0,272.0,190.0,16:37:11 422
0,118.0,106.0,118.0,106.0,16:37:12 170
股票,0,0,0,0,16:37:12 210
+1,270.0,184.0,96.0,191.0,16:37:17 198
+1,289.0,189.0,73.0,231.0,16:37:18 245
+1,290.0,174.0,140.0,193.0,16:37:19 514
+1,280.0,182.0,83.0,233.0,16:37:24 276
-1,67.0,191.0,266.3211,218.76016,16:37:25 407
-1,75.0,179.0,294.11386,182.51544,16:37:26 515
-1,47.0,186.0,321.0119,181.98158,16:37:27 478
+1,266.0,150.0,95.0,187.0,16:37:28 173
+1,293.0,142.0,54.0,185.0,16:37:28 465
+1,283.0,160.0,92.0,195.0,16:37:28 789
-1,64.0,199.0,247.0,196.0,16:37:29 694
-1,65.0,182.0,261.0,187.0,16:37:31 233
-1,32.0,184.0,231.25038,151.87961,16:37:31 877
-1,63.0,173.0,230.0,185.0,16:37:32 374
-1,59.0,202.0,275.0,219.0,16:37:33 284
任务5, 结束
＊＊＊＊＊＊＊＊＊＊＊＊＊＊＊＊＊＊＊＊＊＊＊＊＊＊＊＊＊＊
0,54.0,235.0,54.0,235.0,16:37:48 271
0,75.0,275.0,75.0,275.0,16:37:48 312
