+2,142.0,90.0,105.0,284.0,16:31:11 264
＊主菜单＊,0,0,0,0,16:31:11 311
任务1, 开始
+1,209.0,206.0,74.0,246.0,16:31:19 975
+1,276.0,148.0,166.0,224.0,16:31:20 845
0,260.0,232.0,260.0,232.0,16:31:21 700
+1,186.0,161.0,61.0,188.0,16:31:22 253
-1,75.0,216.0,275.0,187.0,16:31:23 088
-1,126.0,213.0,303.0,161.0,16:31:23 296
-1,110.0,207.0,301.0,169.0,16:31:23 481
-1,183.0,212.0,257.0,187.0,16:31:24 423
-1,98.0,170.0,260.0,190.0,16:31:25 097
-1,111.0,191.0,268.0,187.0,16:31:26 162
0,103.0,235.0,103.0,235.0,16:31:27 252
短信息,0,0,0,0,16:31:27 321
0,207.0,73.0,207.0,73.0,16:31:31 885
+1,258.0,95.0,90.0,183.0,16:31:32 569
+1,292.0,136.0,36.0,188.0,16:31:33 260
-1,74.0,168.0,323.6946,186.85495,16:31:34 339
-1,145.0,157.0,186.0,289.5,16:31:37 926
-1,145.0,137.0,185.62932,277.86676,16:31:38 559
+2,144.0,114.0,181.0,273.0,16:31:39 207
＊主菜单＊,0,0,0,0,16:31:39 272
+2,207.0,54.0,220.49756,248.1517,16:31:39 761
0,220.0,137.0,220.0,137.0,16:31:42 823
微信,0,0,0,0,16:31:42 867
+1,281.0,174.0,71.981094,191.0,16:31:47 881
+1,307.0,167.0,63.0,221.0,16:31:48 748
+1,294.0,173.0,71.0,184.0,16:31:50 046
+1,297.0,180.0,166.0,187.0,16:31:50 968
-1,42.0,148.0,220.0,152.0,16:31:51 990
-1,63.0,155.0,197.0,154.0,16:31:52 293
-1,63.0,147.0,191.0,158.0,16:31:52 509
-1,59.0,128.0,264.0,142.0,16:31:53 299
-1,93.0,176.0,215.48364,185.0,16:31:54 507
-1,93.0,147.0,297.0,175.0,16:32:00 723
+2,141.0,97.0,173.86217,252.31085,16:32:01 750
＊主菜单＊,0,0,0,0,16:32:01 907
0,98.0,139.0,98.0,139.0,16:32:05 240
0,91.0,99.0,91.0,99.0,16:32:06 948
腾讯QQ,0,0,0,0,16:32:07 022
0,96.0,118.0,96.0,118.0,16:32:07 793
任务1, 结束
-1,139.0,131.0,209.0,269.0,16:32:16 741
+2,176.0,56.0,180.26138,283.52277,16:32:18 257
＊主菜单＊,0,0,0,0,16:32:18 306
任务2, 开始
+1,264.0,140.0,54.0,256.0,16:32:20 296
+1,274.0,175.0,57.0,259.0,16:32:21 013
0,211.0,127.0,211.0,127.0,16:32:22 015
音乐,0,0,0,0,16:32:22 054
+1,233.0,177.0,66.0,225.0,16:32:24 239
+1,267.0,190.0,75.24828,226.29195,16:32:26 700
+1,259.0,157.0,31.0,224.0,16:32:27 055
-1,54.0,170.0,306.0,162.0,16:32:27 832
任务2, 结束
+2,156.0,100.0,138.0,278.0,16:32:34 034
＊主菜单＊,0,0,0,0,16:32:34 131
+1,254.0,141.0,96.0,220.0,16:32:37 396
+1,295.0,158.0,85.0,244.0,16:32:37 628
任务3, 开始
+1,284.0,176.0,51.0,245.0,16:32:40 267
0,221.0,236.0,221.0,236.0,16:32:41 560
下载,0,0,0,0,16:32:41 613
+1,199.0,149.0,59.0,233.0,16:32:44 906
+1,266.0,161.0,115.0,218.0,16:32:46 440
+1,270.0,165.0,62.0,231.0,16:32:47 460
任务3, 结束
任务4, 开始
0,57.0,175.0,57.0,175.0,16:32:56 779
+2,203.0,28.0,181.0,282.0,16:32:56 826
＊主菜单＊,0,0,0,0,16:32:56 866
-1,108.0,161.0,289.0,160.0,16:32:58 612
-1,128.0,158.0,304.0,155.0,16:32:58 800
-1,59.0,159.0,183.0,123.0,16:32:59 096
-1,72.0,223.0,266.0,167.0,16:32:59 452
-1,123.0,208.0,266.0,198.0,16:32:59 732
-1,100.0,139.0,253.0,145.0,16:33:00 231
-1,92.0,165.0,263.0,157.0,16:33:00 484
-1,77.0,191.0,225.0,145.0,16:33:00 750
-1,114.0,183.0,222.0,186.0,16:33:03 920
0,101.0,113.0,101.0,113.0,16:33:13 763
0,95.0,102.0,95.0,102.0,16:33:15 121
0,76.0,114.0,76.0,114.0,16:33:17 703
0,103.0,111.0,103.0,111.0,16:33:18 345
0,80.0,104.0,80.0,104.0,16:33:21 210
0,104.0,114.0,104.0,114.0,16:33:23 751
+1,297.0,170.0,17.0,133.0,16:33:49 971
-1,109.0,146.0,299.0,173.0,16:33:51 565
0,93.0,96.0,93.0,96.0,16:33:59 595
健康运动,0,0,0,0,16:33:59 630
+1,275.0,168.0,33.0,228.0,16:34:04 653
+1,279.0,182.0,33.5,238.0,16:34:05 808
+1,247.0,140.0,113.41524,172.13527,16:34:06 363
+1,251.0,177.0,73.0,229.0,16:34:06 980
-1,95.0,152.0,299.78915,142.11621,16:34:08 113
任务4, 结束
+2,167.0,76.0,142.89705,300.3651,16:34:14 007
＊主菜单＊,0,0,0,0,16:34:14 065
任务5, 开始
+1,220.0,177.0,22.5,263.5,16:34:17 172
+1,269.0,176.0,88.0,234.0,16:34:17 564
+1,225.0,203.0,106.0,249.0,16:34:17 961
+1,204.0,178.0,35.0,202.0,16:34:18 124
+1,251.0,147.0,149.0,227.0,16:34:18 727
-1,146.0,227.0,303.0,177.0,16:34:19 757
-1,165.0,161.0,303.0,183.0,16:34:20 615
0,107.0,231.0,107.0,231.0,16:34:21 440
卡包,0,0,0,0,16:34:21 545
+1,272.0,152.0,99.0,221.0,16:34:24 892
+1,251.0,156.0,92.0,201.0,16:34:25 997
+1,250.0,186.0,45.0,220.0,16:34:28 302
任务5, 结束
＊＊＊＊＊＊＊＊＊＊＊＊＊＊＊＊＊＊＊＊＊＊＊＊＊＊＊＊＊＊
-1,101.0,38.0,277.0,77.0,16:34:58 997
