任务1, 开始
+2,171.0,30.0,185.0,263.0,15:01:31 069
＊主菜单＊,0,0,0,0,15:01:31 117
+1,277.0,180.0,80.48972,201.8694,15:01:33 198
+1,271.0,180.0,160.0,197.0,15:01:33 527
-1,128.0,170.0,250.0,152.0,15:01:34 304
+1,270.0,157.0,141.0,198.0,15:01:34 904
0,108.0,111.0,108.0,111.0,15:01:35 572
股票,0,0,0,0,15:01:35 618
任务1, 结束
任务2, 开始
+2,179.0,47.0,202.48961,266.5589,15:01:54 079
＊主菜单＊,0,0,0,0,15:01:54 174
+1,266.0,175.0,41.754833,228.85907,15:01:57 062
0,92.0,125.0,92.0,125.0,15:01:57 786
系统设置,0,0,0,0,15:01:57 851
任务2, 结束
任务3, 开始
+2,213.0,38.0,170.91676,245.19383,15:02:11 572
＊主菜单＊,0,0,0,0,15:02:11 641
+1,279.0,165.0,59.0,223.0,15:02:13 934
-1,94.0,176.0,267.0,157.0,15:02:14 722
+1,274.0,156.0,76.0,218.0,15:02:16 209
+1,245.0,154.0,43.093117,220.5632,15:02:16 656
-1,119.0,177.0,250.0,176.0,15:02:17 093
-1,110.0,184.0,237.0,154.0,15:02:17 577
-1,200.0,151.0,299.20468,147.60965,15:02:19 160
0,208.0,131.0,208.0,131.0,15:02:19 406
音乐,0,0,0,0,15:02:19 483
+1,272.0,169.0,128.0,196.0,15:02:22 572
+1,286.0,153.0,35.315037,207.83066,15:02:23 244
任务3, 结束
任务4, 开始
+2,150.0,35.0,111.369965,206.67035,15:02:33 077
＊主菜单＊,0,0,0,0,15:02:33 171
+1,251.0,135.0,155.0,173.0,15:02:35 181
+1,243.0,136.0,132.51733,192.87228,15:02:35 979
+1,268.0,140.0,155.0,175.0,15:02:37 646
+1,202.0,166.0,104.0,211.0,15:02:38 327
-1,110.0,171.0,201.0,156.0,15:02:38 723
-1,107.0,171.0,187.0,158.0,15:02:39 189
-1,85.0,140.0,177.0,177.0,15:02:40 224
-1,81.0,151.0,159.0,177.0,15:02:41 183
0,235.0,123.0,235.0,123.0,15:02:42 017
联系人,0,0,0,0,15:02:42 067
+1,296.0,177.0,51.952534,237.81898,15:02:46 834
+1,281.0,162.0,114.0,226.0,15:02:48 560
+1,277.0,199.0,84.0,262.0,15:02:48 995
任务4, 结束
任务5, 开始
+2,154.0,26.0,185.0,180.0,15:03:09 561
＊主菜单＊,0,0,0,0,15:03:10 081
-1,123.0,154.0,252.0,180.0,15:03:11 588
-1,112.0,142.0,255.19931,181.03986,15:03:12 453
0,217.0,100.0,217.0,100.0,15:03:14 581
睡眠,0,0,0,0,15:03:14 620
任务5, 结束
＊＊＊＊＊＊＊＊＊＊＊＊＊＊＊＊＊＊＊＊＊＊＊＊＊＊＊＊＊＊
