任务1, 开始
+2,185.0,25.0,181.0,220.0,14:56:51 874
＊主菜单＊,0,0,0,0,14:56:51 912
+1,260.0,133.0,51.0,215.0,14:56:56 662
+2,179.0,47.0,183.8666,293.53156,14:56:57 884
-1,118.0,155.0,281.53665,177.42278,14:56:58 587
-1,104.0,180.0,248.0,184.0,14:56:59 513
-1,104.0,163.0,259.0,191.0,14:57:00 436
-1,84.0,189.0,275.0,215.0,14:57:01 484
-1,73.0,180.0,264.0,184.0,14:57:02 890
0,122.0,245.0,122.0,245.0,14:57:03 548
0,127.0,221.0,127.0,221.0,14:57:05 342
短信息,0,0,0,0,14:57:05 420
+1,261.0,161.0,88.20297,230.74846,14:57:08 833
+1,221.0,189.0,76.0,221.0,14:57:10 439
任务1, 结束
+2,183.0,27.0,191.3794,295.82843,14:57:21 297
＊主菜单＊,0,0,0,0,14:57:21 427
任务2, 开始
+1,173.0,28.0,15.0,177.0,14:57:25 827
+1,287.0,176.0,24.0,218.0,14:57:26 068
0,227.0,140.0,227.0,140.0,14:57:26 852
0,222.0,97.0,222.0,97.0,14:57:29 232
音乐,0,0,0,0,14:57:29 269
0,219.0,114.0,219.0,114.0,14:57:30 107
+1,288.0,163.0,59.0,179.0,14:57:31 758
+1,277.0,179.0,59.0,207.0,14:57:33 179
-1,75.0,176.0,259.0,213.0,14:57:34 137
任务2, 结束
任务3, 开始
+2,187.0,24.0,173.64003,200.56718,14:57:41 174
＊主菜单＊,0,0,0,0,14:57:41 327
-1,102.0,168.0,229.0,179.0,14:57:44 370
-1,91.0,193.0,123.084366,188.72209,14:57:44 573
-1,98.0,176.0,282.0,218.0,14:57:45 690
0,118.0,217.0,118.0,217.0,14:57:46 817
短信息,0,0,0,0,14:57:46 855
+2,194.0,27.0,194.38309,238.6348,14:57:48 948
＊主菜单＊,0,0,0,0,14:57:49 029
-1,81.0,151.0,271.0,188.0,14:57:51 119
0,130.0,124.0,130.0,124.0,14:57:52 681
健康运动,0,0,0,0,14:57:52 736
+1,282.0,144.0,41.012867,225.79271,14:57:55 722
+1,256.0,154.0,46.67786,203.07607,14:57:56 576
+1,265.0,170.0,47.599594,232.55186,14:57:57 563
任务3, 结束
任务4, 开始
+2,182.0,35.0,184.4819,198.27594,14:58:11 747
＊主菜单＊,0,0,0,0,14:58:12 206
+1,290.0,139.0,55.0,201.0,14:58:13 104
+1,288.0,153.0,62.0,199.0,14:58:13 737
+1,260.0,158.0,101.5,200.0,14:58:14 654
+1,304.0,169.0,67.0,185.0,14:58:17 325
+1,289.0,173.0,139.0,160.0,14:58:18 569
+1,264.0,164.0,69.0,182.0,14:58:20 301
0,213.0,225.0,213.0,225.0,14:58:21 894
下载,0,0,0,0,14:58:21 933
+1,274.0,149.0,74.0,188.0,14:58:24 745
+1,239.0,176.0,43.0,236.5,14:58:25 324
+1,278.0,159.0,52.0,221.0,14:58:26 474
任务4, 结束
任务5, 开始
+1,213.0,31.0,175.0,148.0,14:58:39 283
+2,181.0,40.0,170.05826,263.2136,14:58:40 249
＊主菜单＊,0,0,0,0,14:58:40 354
+1,273.0,146.0,45.0,223.0,14:58:42 666
+1,216.0,143.0,4.5,184.0,14:58:43 233
+1,177.0,158.0,23.0,188.0,14:58:43 775
-1,92.0,148.0,216.0,179.0,14:58:44 156
-1,108.0,145.0,274.0,194.0,14:58:45 063
0,105.0,225.0,105.0,225.0,14:58:45 748
卡包,0,0,0,0,14:58:45 787
+1,278.0,154.0,44.884014,189.44514,14:58:48 912
+1,273.0,150.0,98.0,199.0,14:58:49 870
+1,281.0,147.0,129.0,179.0,14:58:50 996
+1,291.0,124.0,145.76424,131.46481,14:58:52 059
+1,264.0,153.0,83.65165,161.74658,14:58:52 708
任务5, 结束
＊＊＊＊＊＊＊＊＊＊＊＊＊＊＊＊＊＊＊＊＊＊＊＊＊＊＊＊＊＊
