任务1, 开始
+1,225.0,156.0,20.0,176.0,14:50:51 700
-1,93.0,178.0,221.0,209.0,14:50:52 885
+1,269.0,199.0,80.42452,222.24596,14:50:55 774
+1,290.0,188.0,67.0,260.0,14:50:56 617
+1,288.0,195.0,45.0,238.0,14:50:57 787
+1,277.0,188.0,37.0,224.0,14:50:59 009
+1,200.0,206.0,74.39596,230.33371,14:51:00 576
+1,227.0,193.0,28.0,218.0,14:51:02 050
-1,98.0,194.0,195.0,190.0,14:51:02 521
-1,90.0,167.0,260.0,201.0,14:51:03 452
-1,103.0,153.0,255.0,145.0,14:51:07 629
+1,276.0,142.0,60.0,172.0,14:51:09 081
-1,36.0,181.0,236.5,185.5,14:51:10 031
0,84.0,190.0,84.0,190.0,14:51:11 122
-1,135.0,193.0,297.09402,182.10892,14:51:14 401
-1,79.0,189.0,176.0,188.0,14:51:15 883
0,125.0,237.0,125.0,237.0,14:51:17 211
短信息,0,0,0,0,14:51:17 249
任务1, 结束
任务2, 开始
+2,172.0,58.0,145.06891,280.38013,14:51:42 259
＊主菜单＊,0,0,0,0,14:51:42 358
+1,225.0,184.0,53.0,191.0,14:51:45 935
+1,291.0,163.0,98.0,224.0,14:51:49 816
+1,242.0,147.0,73.0,217.0,14:51:50 912
+1,277.0,153.0,61.0,224.0,14:51:52 411
+1,229.0,174.0,55.0,229.0,14:51:53 786
-1,41.0,138.0,148.0,186.0,14:51:59 330
-1,59.0,199.0,246.0,181.0,14:52:00 032
0,235.0,214.0,235.0,214.0,14:52:00 865
笔记,0,0,0,0,14:52:01 045
+1,259.0,219.0,63.280033,195.19418,14:52:04 059
+1,290.0,126.0,0.83099365,215.04309,14:52:05 646
任务2, 结束
+2,179.0,26.0,181.01788,218.09053,14:52:13 826
＊主菜单＊,0,0,0,0,14:52:13 985
任务3, 开始
+2,152.0,31.0,182.49803,243.49019,14:52:16 382
+1,279.0,139.0,38.0,229.5,14:52:16 878
+1,261.0,173.0,56.0,208.0,14:52:17 703
+1,191.0,184.0,23.0,191.0,14:52:19 147
-1,75.0,137.0,251.0,194.0,14:52:19 659
-1,97.0,193.0,264.0,177.0,14:52:20 187
-1,99.0,193.0,261.0,208.0,14:52:20 913
0,215.0,155.0,215.0,155.0,14:52:21 620
0,217.0,74.0,217.0,74.0,14:52:24 312
音乐,0,0,0,0,14:52:24 362
0,217.0,130.0,217.0,130.0,14:52:25 080
+1,259.0,210.0,46.0,191.0,14:52:27 464
任务3, 结束
任务4, 开始
+2,178.0,27.0,158.12471,181.14891,14:52:36 272
＊主菜单＊,0,0,0,0,14:52:36 441
-1,122.0,104.0,284.59494,181.48663,14:52:38 364
-1,87.0,163.0,304.0,175.0,14:52:39 462
-1,90.0,184.0,216.0,184.0,14:52:40 186
-1,104.0,161.0,270.99805,183.43198,14:52:40 968
0,250.0,150.0,250.0,150.0,14:52:41 728
0,180.0,120.0,180.0,120.0,14:52:43 184
睡眠,0,0,0,0,14:52:43 264
+1,283.0,147.0,66.0,172.0,14:52:48 714
+1,242.0,147.0,39.616432,221.56487,14:52:49 309
任务4, 结束
任务5, 开始
+2,172.0,23.0,172.0,199.0,14:53:01 769
＊主菜单＊,0,0,0,0,14:53:01 809
+1,183.0,152.0,53.0,185.0,14:53:03 744
+1,247.0,153.0,54.0,184.0,14:53:04 501
+1,205.0,188.0,15.752253,233.73834,14:53:05 175
+1,249.0,104.0,28.0,175.0,14:53:06 040
+1,282.0,129.0,23.0,186.0,14:53:06 851
+1,279.0,176.0,56.0,209.0,14:53:07 619
0,221.0,231.0,221.0,231.0,14:53:08 268
下载,0,0,0,0,14:53:08 351
任务5, 结束
＊＊＊＊＊＊＊＊＊＊＊＊＊＊＊＊＊＊＊＊＊＊＊＊＊＊＊＊＊＊
