+2,96.0,117.0,117.02003,274.96924,09:46:12 256
＊主菜单＊,0,0,0,0,09:46:12 327
任务1, 开始
-1,116.0,141.0,221.0,126.0,09:46:23 133
-1,104.0,163.0,237.0,147.0,09:46:23 818
-1,130.0,190.0,247.0,166.0,09:46:26 157
-1,126.0,176.0,230.76042,161.35606,09:46:26 396
-1,97.0,142.0,277.2832,140.39069,09:46:26 746
-1,109.0,151.0,286.1157,138.01636,09:46:27 601
-1,122.0,134.0,265.0,139.0,09:46:28 561
+1,269.0,148.0,110.48645,168.14055,09:46:30 713
+1,289.0,149.0,87.0,196.0,09:46:32 180
+1,267.0,154.0,97.0,155.0,09:46:33 695
+1,290.0,147.0,25.610413,188.88373,09:46:34 073
+1,293.0,175.0,16.921778,188.21043,09:46:35 736
+1,278.0,161.0,15.974246,188.90189,09:46:37 389
+1,287.0,166.0,22.277588,176.3419,09:46:38 347
+1,264.0,143.0,28.0,151.0,09:46:40 803
0,217.0,223.0,217.0,223.0,09:46:41 322
下载,0,0,0,0,09:46:41 357
任务1, 结束
任务2, 开始
+2,193.0,86.0,189.0,270.698,09:47:02 075
＊主菜单＊,0,0,0,0,09:47:02 625
-1,131.0,144.0,253.5,142.5,09:47:04 142
-1,106.0,176.0,264.0,160.0,09:47:04 343
-1,121.0,142.0,290.20322,139.61887,09:47:04 829
-1,101.0,143.0,198.54881,140.75749,09:47:05 583
-1,135.0,118.0,192.29243,135.5385,09:47:06 663
-1,105.0,155.0,190.0,146.0,09:47:08 115
0,117.0,95.0,117.0,95.0,09:47:08 941
健康运动,0,0,0,0,09:47:08 991
+1,255.0,148.0,53.0,144.0,09:47:15 057
+1,207.0,133.0,40.874798,143.67987,09:47:22 318
+1,263.0,141.0,15.0,162.0,09:47:24 075
+1,223.0,129.0,27.977688,112.595535,09:47:24 841
+1,226.0,137.0,61.637028,130.00931,09:47:28 580
任务2, 结束
任务3, 开始
+2,163.0,71.0,165.12038,287.41727,09:47:40 810
＊主菜单＊,0,0,0,0,09:47:40 944
+1,262.0,142.0,68.0,142.0,09:47:43 509
+1,272.0,141.0,91.0,154.0,09:47:44 371
+1,211.0,146.0,103.15074,144.51276,09:47:46 571
0,100.0,218.0,100.0,218.0,09:47:47 120
视频,0,0,0,0,09:47:47 158
+1,237.0,145.0,96.02097,149.50197,09:47:49 574
+1,271.0,136.0,65.17049,143.9673,09:47:51 581
-1,105.0,186.0,190.20958,177.68687,09:47:53 076
-1,84.0,141.0,270.41663,108.77953,09:47:53 319
任务3, 结束
任务4, 开始
+2,176.0,102.0,179.4542,287.02402,09:48:08 760
＊主菜单＊,0,0,0,0,09:48:08 832
+1,278.0,177.0,36.0,210.0,09:48:11 571
+1,261.0,157.0,99.0,158.0,09:48:13 726
-1,104.0,175.0,230.98645,162.30136,09:48:13 800
-1,115.0,151.0,230.10497,143.53949,09:48:13 878
-1,106.0,122.0,217.0,130.0,09:48:14 388
-1,139.0,141.0,291.0,149.0,09:48:16 171
0,212.0,199.0,212.0,199.0,09:48:17 593
邮箱,0,0,0,0,09:48:17 633
+1,287.0,144.0,100.0,171.0,09:48:25 079
+1,255.0,142.0,33.060963,105.39786,09:48:25 677
+1,268.0,111.0,93.0,112.0,09:48:27 084
-1,92.0,138.0,181.0,138.0,09:48:30 118
-1,108.0,141.0,282.5,145.5,09:48:30 762
-1,90.0,144.0,288.40833,140.49461,09:48:31 477
-1,97.0,145.0,218.0,137.0,09:48:31 944
+1,227.0,153.0,22.611496,221.1573,09:48:33 929
+1,257.0,146.0,45.40399,182.33687,09:48:34 264
+1,255.0,186.0,53.58198,222.08957,09:48:34 615
+1,288.0,168.0,41.272964,177.9727,09:48:36 579
+1,258.0,149.0,72.961044,150.0,09:48:36 648
+1,273.0,129.0,69.608864,101.69856,09:48:38 087
+1,269.0,109.0,43.8815,126.032646,09:48:38 609
-1,102.0,143.0,230.80807,140.55981,09:48:39 129
-1,89.0,174.0,180.44212,155.08095,09:48:40 638
-1,101.0,146.0,343.35794,175.3804,09:48:42 603
-1,103.0,153.0,260.7868,178.28366,09:48:47 270
0,100.0,146.0,100.0,146.0,09:48:47 887
-1,68.0,153.0,211.16135,117.17971,09:48:48 541
-1,100.0,142.0,317.21854,126.60378,09:48:49 173
-1,98.0,103.0,154.50623,101.84681,09:48:49 646
-1,85.0,184.0,271.60788,164.56824,09:48:51 585
任务4, 结束
任务5, 开始
+2,181.0,68.0,180.0,270.9713,09:49:08 132
＊主菜单＊,0,0,0,0,09:49:08 175
-1,106.0,171.0,234.0,163.0,09:49:10 930
-1,93.0,176.0,267.0,143.5,09:49:12 680
+1,281.0,153.0,97.0,134.0,09:49:13 220
+1,202.0,139.0,141.09595,141.0,09:49:15 664
+1,214.0,119.0,106.0,105.0,09:49:17 166
+1,235.0,137.0,84.191055,119.58255,09:49:19 867
-1,96.0,141.0,251.0,143.0,09:49:22 674
0,97.0,222.0,97.0,222.0,09:49:23 026
视频,0,0,0,0,09:49:23 066
+1,241.0,124.0,33.851593,141.52454,09:49:25 089
+2,184.0,89.0,179.0,276.0,09:49:25 432
＊主菜单＊,0,0,0,0,09:49:25 518
+1,278.0,147.0,125.68895,183.85495,09:49:27 978
+1,279.0,162.0,94.0,147.0,09:49:30 089
+1,269.0,117.0,108.0,113.0,09:49:30 453
-1,109.0,116.0,261.22562,153.21931,09:49:33 125
-1,92.0,147.0,238.0,142.0,09:49:33 766
0,104.0,106.0,104.0,106.0,09:49:34 427
浏览器,0,0,0,0,09:49:34 465
任务5, 结束
＊＊＊＊＊＊＊＊＊＊＊＊＊＊＊＊＊＊＊＊＊＊＊＊＊＊＊＊＊＊
+1,263.0,179.0,55.629295,119.63026,09:49:40 893
-1,103.0,128.0,272.0,146.0,09:49:42 592
-1,93.0,131.0,254.32666,134.29865,09:49:44 089
