任务1, 开始
+1,279.0,200.0,95.0,190.0,09:38:17 193
+1,286.0,176.0,57.0,145.0,09:38:17 747
+1,289.0,150.0,51.0,169.0,09:38:19 212
+1,287.0,169.0,60.0,192.0,09:38:19 716
+1,280.0,174.0,47.12513,178.66965,09:38:21 607
+1,294.0,148.0,48.0,173.0,09:38:22 112
+1,261.0,159.0,14.0,182.0,09:38:24 225
-1,145.0,173.0,235.0,181.0,09:38:24 335
-1,99.0,140.0,276.0,131.0,09:38:24 698
-1,96.0,143.0,272.0,126.0,09:38:25 534
-1,74.0,181.0,261.0,162.0,09:38:27 175
-1,96.0,177.0,299.0,143.0,09:38:27 704
-1,62.0,185.0,224.0,155.0,09:38:28 224
-1,130.0,160.0,263.0,142.0,09:38:30 223
+1,273.0,150.0,22.0,178.0,09:38:30 987
+1,267.0,153.0,27.138374,188.43517,09:38:33 112
+1,289.0,147.0,12.0,168.0,09:38:35 684
0,78.0,231.0,78.0,231.0,09:38:36 354
0,114.0,226.0,114.0,226.0,09:38:38 108
视频,0,0,0,0,09:38:38 151
+1,263.0,151.0,46.934105,174.28096,09:38:40 104
任务1, 结束
任务2, 开始
+2,135.0,29.0,134.228,286.87302,09:39:07 038
＊主菜单＊,0,0,0,0,09:39:07 078
-1,86.0,206.0,305.2189,185.53004,09:39:09 846
-1,84.0,174.0,304.66638,146.98552,09:39:10 708
-1,73.0,179.0,293.0,146.0,09:39:11 555
0,109.0,91.0,109.0,91.0,09:39:13 101
健康运动,0,0,0,0,09:39:13 609
+1,271.0,147.0,34.0,171.0,09:39:18 341
+1,295.0,142.0,42.120888,147.6453,09:39:22 741
+1,307.0,162.0,73.0,122.5,09:39:23 586
任务2, 结束
任务3, 开始
+2,200.0,44.0,213.0,282.0,09:39:42 647
＊主菜单＊,0,0,0,0,09:39:42 689
+1,259.0,134.0,63.3078,165.76923,09:39:45 832
0,201.0,115.0,201.0,115.0,09:39:45 932
微信,0,0,0,0,09:39:45 993
0,132.0,125.0,132.0,125.0,09:39:54 606
0,211.0,106.0,211.0,106.0,09:39:56 420
0,222.0,108.0,222.0,108.0,09:39:57 582
0,183.0,110.0,183.0,110.0,09:39:58 101
0,205.0,110.0,205.0,110.0,09:39:58 605
0,226.0,122.0,226.0,122.0,09:39:59 228
0,166.0,104.0,166.0,104.0,09:39:59 547
0,136.0,105.0,136.0,105.0,09:40:00 117
+1,294.0,144.0,116.38859,111.30715,09:40:02 889
+1,290.0,134.0,106.54391,91.32635,09:40:05 086
+1,272.0,143.0,130.81015,129.67957,09:40:09 688
+1,285.0,129.0,112.48241,116.2412,09:40:11 270
-1,110.0,107.0,311.00742,162.25557,09:40:12 605
-1,103.0,104.0,294.28238,94.0,09:40:13 582
-1,119.0,145.0,307.8715,156.3957,09:40:20 604
-1,129.0,135.0,321.83585,141.0,09:40:23 363
-1,103.0,137.0,276.45126,112.93741,09:40:24 137
任务3, 结束
任务4, 开始
+2,175.0,66.0,142.52338,289.14923,09:40:40 153
＊主菜单＊,0,0,0,0,09:40:40 194
-1,79.0,149.0,283.0,138.0,09:40:42 635
-1,85.0,156.0,291.7178,146.66832,09:40:42 921
-1,68.0,142.0,323.5929,127.20476,09:40:43 530
+1,293.0,107.0,61.0,100.0,09:40:45 187
+1,268.0,118.0,15.864929,121.03089,09:40:45 692
+1,269.0,131.0,27.0,135.0,09:40:46 107
+1,267.0,139.0,91.0,143.0,09:40:47 354
+1,269.0,145.0,101.0,136.0,09:40:48 239
+1,283.0,143.0,55.0,111.0,09:40:49 187
0,99.0,104.0,99.0,104.0,09:40:49 990
系统设置,0,0,0,0,09:40:50 049
任务4, 结束
任务5, 开始
+2,139.0,48.0,137.39517,264.0762,09:41:06 133
＊主菜单＊,0,0,0,0,09:41:06 174
+1,303.0,162.0,116.0,139.0,09:41:10 729
+1,277.0,152.0,70.0,120.0,09:41:11 202
0,223.0,113.0,223.0,113.0,09:41:15 668
自带导航,0,0,0,0,09:41:15 720
+1,291.0,137.0,69.34418,132.12987,09:41:19 797
-2,196.0,192.0,176.37851,15.10742,09:41:20 451
+2,172.0,41.0,224.53493,302.3896,09:41:22 114
＊主菜单＊,0,0,0,0,09:41:22 165
0,119.0,124.0,119.0,124.0,09:41:23 608
系统设置,0,0,0,0,09:41:24 116
-2,89.0,185.0,192.0,19.0,09:41:26 613
-2,111.0,228.0,139.0,28.720573,09:41:26 987
-2,58.0,189.0,163.91025,18.903511,09:41:27 459
+2,102.0,58.0,171.86917,281.48364,09:41:27 680
＊主菜单＊,0,0,0,0,09:41:27 791
+2,128.0,70.0,177.03482,290.13818,09:41:28 264
-1,118.0,151.0,263.08652,141.77838,09:41:30 721
-1,96.0,177.0,316.0649,150.52518,09:41:34 207
-1,98.0,154.0,287.34488,175.48636,09:41:36 234
-1,117.0,125.0,289.0,129.0,09:41:37 442
-1,95.0,158.0,272.40216,135.85979,09:41:39 656
-1,103.0,136.0,292.0,108.0,09:41:39 916
-1,99.0,142.0,303.0,159.0,09:41:42 215
-1,90.0,139.0,288.0,108.0,09:41:42 397
0,101.0,136.0,101.0,136.0,09:41:48 137
健康运动,0,0,0,0,09:41:48 177
+1,265.0,153.0,28.44062,141.06009,09:41:50 137
+1,272.0,114.0,68.43494,96.39664,09:41:51 001
+1,268.0,114.0,100.57259,96.89315,09:41:52 617
+1,271.0,109.0,108.42759,106.57135,09:41:53 616
+1,278.0,116.0,52.0,99.0,09:41:55 133
+1,294.0,145.0,89.819626,98.819626,09:41:59 139
+1,256.0,142.0,92.53914,125.48668,09:41:59 206
+2,146.0,22.0,182.86476,295.39722,09:41:59 732
＊主菜单＊,0,0,0,0,09:41:59 778
+1,259.0,157.0,55.59595,99.86464,09:42:02 066
+1,277.0,151.0,103.59804,95.98399,09:42:03 673
+1,290.0,147.0,101.0,109.0,09:42:05 634
+1,267.0,138.0,135.0,98.0,09:42:05 796
+1,275.0,139.0,146.0,124.0,09:42:07 764
0,118.0,216.0,118.0,216.0,09:42:12 140
天气,0,0,0,0,09:42:12 179
+1,259.0,117.0,83.38912,108.455025,09:42:14 730
+1,269.0,134.0,102.0,126.0,09:42:16 252
+1,261.0,131.0,82.64884,106.41329,09:42:18 136
+1,242.0,103.0,47.593235,107.59323,09:42:18 176
+1,276.0,142.0,19.57047,154.0,09:42:18 633
+1,261.0,157.0,24.275301,201.93109,09:42:19 438
任务5, 结束
＊＊＊＊＊＊＊＊＊＊＊＊＊＊＊＊＊＊＊＊＊＊＊＊＊＊＊＊＊＊
