任务1, 开始
0,127.0,108.0,127.0,108.0,11:36:14 679
系统设置,0,0,0,0,11:36:14 730
+2,104.0,102.0,132.0,271.97455,11:36:18 551
＊主菜单＊,0,0,0,0,11:36:18 588
0,111.0,116.0,111.0,116.0,11:36:21 172
系统设置,0,0,0,0,11:36:21 214
任务1, 结束
任务2, 开始
+2,204.0,25.0,155.34467,291.75732,11:36:39 320
＊主菜单＊,0,0,0,0,11:36:39 374
+1,279.0,163.0,135.0,196.0,11:36:43 287
-1,80.0,207.0,303.23407,183.72177,11:36:43 734
-1,94.0,201.0,295.0,180.0,11:36:45 673
0,209.0,213.0,209.0,213.0,11:36:47 042
笔记,0,0,0,0,11:36:47 082
+2,184.0,54.0,188.40787,269.30225,11:36:50 544
＊主菜单＊,0,0,0,0,11:36:50 578
0,101.0,222.0,101.0,222.0,11:36:52 049
卡包,0,0,0,0,11:36:52 084
+1,264.0,183.0,219.30232,191.93953,11:36:55 041
+1,230.0,187.0,33.5,198.0,11:36:56 001
+1,247.0,183.0,116.0,191.0,11:36:57 531
+1,213.0,186.0,73.802795,206.4256,11:36:57 885
+2,210.0,59.0,217.5,238.5,11:36:58 334
＊主菜单＊,0,0,0,0,11:36:58 407
0,219.0,221.0,219.0,221.0,11:37:00 797
笔记,0,0,0,0,11:37:00 856
+1,263.0,220.0,63.589165,257.11374,11:37:03 114
+1,266.0,195.0,153.47383,227.3451,11:37:04 727
+1,272.0,191.0,182.0,197.0,11:37:06 045
+1,215.0,218.0,174.08752,156.78157,11:37:06 147
+2,198.0,29.0,214.0,257.0,11:37:07 068
＊主菜单＊,0,0,0,0,11:37:07 131
-1,139.0,216.0,286.0,198.0,11:37:09 595
-1,157.0,222.0,262.0,224.0,11:37:11 155
-1,134.0,183.0,278.18985,184.0,11:37:12 804
-1,136.0,188.0,319.88583,185.48636,11:37:15 073
+1,285.0,185.0,110.0,226.0,11:37:17 120
+1,291.0,186.0,126.0,221.0,11:37:17 225
-1,101.0,195.0,295.0,199.0,11:37:17 987
+1,275.0,188.0,140.4906,224.35281,11:37:19 895
0,220.0,229.0,220.0,229.0,11:37:21 544
支付宝,0,0,0,0,11:37:22 071
+1,269.0,179.0,146.0,220.0,11:37:25 489
-1,103.0,224.0,267.56628,238.18877,11:37:29 071
+1,288.0,180.0,102.0,203.0,11:37:32 051
+1,256.0,187.0,127.222626,213.878,11:37:32 094
-1,114.0,212.0,150.0,262.0,11:37:34 161
-1,119.0,244.0,269.0,236.0,11:37:36 043
-1,102.0,222.0,271.10373,182.55168,11:37:36 571
-1,111.0,217.0,265.0,200.0,11:37:37 173
+2,195.0,43.0,200.74658,251.16734,11:37:39 073
＊主菜单＊,0,0,0,0,11:37:39 120
任务2, 结束
任务3, 开始
+1,281.0,136.0,120.80528,175.69087,11:37:47 305
0,103.0,220.0,103.0,220.0,11:37:50 049
视频,0,0,0,0,11:37:50 091
任务3, 结束
任务4, 开始
+2,211.0,54.0,218.19708,244.4892,11:38:00 581
＊主菜单＊,0,0,0,0,11:38:00 618
-1,77.0,128.0,254.0,144.0,11:38:02 380
-1,132.0,137.0,261.0,142.0,11:38:02 820
-1,100.0,143.0,273.0,150.0,11:38:03 671
0,106.0,97.0,106.0,97.0,11:38:05 047
健康运动,0,0,0,0,11:38:05 530
+1,257.0,175.0,188.75035,185.44994,11:38:07 569
+1,247.0,165.0,145.0,185.0,11:38:07 941
+1,248.0,155.0,121.0,189.0,11:38:08 668
+1,237.0,143.0,128.0,175.0,11:38:09 332
+1,230.0,146.0,148.0,168.0,11:38:10 040
任务4, 结束
+2,185.0,28.0,157.56732,293.59152,11:38:22 574
＊主菜单＊,0,0,0,0,11:38:22 613
任务5, 开始
+1,259.0,127.0,126.0,178.0,11:38:25 729
+1,272.0,115.0,143.0,147.0,11:38:26 017
+1,266.0,179.0,176.0,189.0,11:38:27 633
+1,237.0,147.0,69.0,198.0,11:38:28 198
0,79.0,225.0,79.0,225.0,11:38:29 055
0,131.0,217.0,131.0,217.0,11:38:31 262
卡包,0,0,0,0,11:38:31 317
+1,291.0,154.0,149.0,182.0,11:38:33 059
+1,252.0,172.0,107.0,185.0,11:38:33 484
+1,269.0,166.0,149.0,181.0,11:38:35 031
任务5, 结束
＊＊＊＊＊＊＊＊＊＊＊＊＊＊＊＊＊＊＊＊＊＊＊＊＊＊＊＊＊＊
