+2,134.0,38.0,145.0,268.0,11:40:53 073
＊主菜单＊,0,0,0,0,11:40:53 106
任务1, 开始
+1,270.0,178.0,38.718662,190.7661,11:41:04 116
+1,290.0,180.0,64.0,192.0,11:41:05 267
+1,241.0,186.0,29.0,180.0,11:41:06 226
-1,68.0,187.0,230.6462,205.19823,11:41:06 629
-1,57.0,178.0,252.0,206.0,11:41:07 029
-1,64.0,191.0,261.0,214.0,11:41:07 811
0,118.0,232.0,118.0,232.0,11:41:08 630
视频,0,0,0,0,11:41:08 744
+1,263.0,161.0,67.0,242.0,11:41:10 642
任务1, 结束
+2,184.0,25.0,168.6206,238.93144,11:41:19 352
＊主菜单＊,0,0,0,0,11:41:19 435
任务2, 开始
+1,273.0,145.0,54.0,199.0,11:41:24 220
+1,258.0,188.0,73.0,194.0,11:41:24 892
+1,268.0,192.0,53.0,197.0,11:41:25 657
+1,276.0,207.0,58.0,205.0,11:41:26 509
-1,100.0,193.0,208.0,187.0,11:41:27 044
-1,101.0,185.0,132.0,189.0,11:41:27 298
-1,170.0,186.0,283.0,192.0,11:41:27 418
-1,101.0,220.0,209.0,192.0,11:41:27 563
-1,49.0,191.0,217.0,212.0,11:41:27 925
-1,55.0,183.0,256.22665,229.86871,11:41:28 835
-1,96.0,227.0,294.28632,219.4704,11:41:29 855
+1,242.0,200.0,133.0,190.0,11:41:30 588
+1,250.0,226.0,59.0,242.0,11:41:31 044
+1,270.0,205.0,95.0,199.0,11:41:31 853
0,215.0,226.0,215.0,226.0,11:41:32 851
笔记,0,0,0,0,11:41:32 905
+1,286.0,154.0,42.6185,196.4596,11:41:35 563
+1,266.0,180.0,46.157036,178.7468,11:41:37 158
任务2, 结束
任务3, 开始
+2,168.0,32.0,184.7577,253.60199,11:41:49 070
＊主菜单＊,0,0,0,0,11:41:49 111
-1,95.0,194.0,306.0,178.0,11:41:50 349
-1,116.0,130.0,258.0,160.0,11:41:50 545
-1,137.0,174.0,261.0,179.0,11:41:50 677
-1,144.0,162.0,249.0,151.0,11:41:50 929
-1,126.0,142.0,262.0,142.0,11:41:51 230
-1,216.0,111.0,258.0,112.0,11:41:51 495
0,168.0,137.0,168.0,137.0,11:41:51 846
-1,135.0,63.0,188.45445,66.20727,11:41:52 107
-1,115.0,50.0,215.0,66.0,11:41:52 378
0,126.0,221.0,126.0,221.0,11:41:54 104
运动秒表,0,0,0,0,11:41:54 153
+1,275.0,156.0,46.60987,186.3038,11:41:56 058
+1,266.0,149.0,25.014347,227.19426,11:41:56 840
+2,192.0,87.0,178.66125,257.11676,11:41:57 402
＊主菜单＊,0,0,0,0,11:41:57 524
0,96.0,111.0,96.0,111.0,11:41:59 393
健康运动,0,0,0,0,11:41:59 431
0,262.0,181.0,262.0,181.0,11:42:02 513
任务3, 结束
+1,284.0,114.0,40.40249,145.36978,11:42:07 005
+1,268.0,134.0,24.0,145.0,11:42:08 166
+1,268.0,154.0,41.724052,209.26468,11:42:08 766
+1,278.0,178.0,52.0,192.0,11:42:09 890
任务4, 开始
+2,146.0,66.0,155.37717,287.69974,11:42:18 825
＊主菜单＊,0,0,0,0,11:42:18 866
+1,295.0,200.0,54.0,216.0,11:42:21 061
+1,257.0,203.0,53.0,234.0,11:42:21 630
+1,233.0,182.0,45.0,224.0,11:42:22 541
+1,289.0,169.0,33.0,226.0,11:42:23 445
+1,241.0,185.0,79.03158,232.32727,11:42:24 393
-1,66.0,201.0,263.0,222.0,11:42:25 204
0,104.0,226.0,104.0,226.0,11:42:25 740
卡包,0,0,0,0,11:42:25 843
+1,269.0,175.0,37.686836,240.09117,11:42:28 563
+1,291.0,180.0,20.896149,214.64673,11:42:29 062
+1,271.0,188.0,53.0,235.0,11:42:29 943
+1,250.0,187.0,67.0,189.0,11:42:30 695
-1,64.0,198.0,242.90045,183.65498,11:42:31 400
-1,65.0,222.0,245.0,217.0,11:42:31 794
-1,52.0,226.0,258.0,217.0,11:42:32 141
-1,63.0,220.0,190.7042,220.12173,11:42:33 143
+1,252.0,189.0,62.0,216.0,11:42:34 300
+2,182.0,28.0,214.0,225.0,11:42:35 894
＊主菜单＊,0,0,0,0,11:42:36 000
+1,290.0,202.0,66.0,232.0,11:42:38 154
+1,284.0,137.0,40.0,200.0,11:42:39 175
+1,271.0,178.0,80.0,190.0,11:42:41 241
-1,89.0,187.0,277.0,197.0,11:42:41 567
-1,107.0,225.0,262.0,227.0,11:42:42 212
-1,96.0,200.0,288.0,218.0,11:42:43 016
-1,65.0,224.0,307.84103,217.5682,11:42:43 915
0,218.0,230.0,218.0,230.0,11:42:44 684
支付宝,0,0,0,0,11:42:44 765
任务4, 结束
任务5, 开始
+1,267.0,136.0,26.217941,152.3055,11:42:52 856
+2,178.0,34.0,155.0,268.0,11:42:56 113
＊主菜单＊,0,0,0,0,11:42:56 152
+1,222.0,179.0,58.495148,213.73787,11:42:58 103
+1,292.0,155.0,106.0,184.0,11:42:59 835
+1,280.0,184.0,78.0,184.0,11:43:01 687
+1,280.0,171.0,48.0,227.0,11:43:02 562
0,94.0,113.0,94.0,113.0,11:43:03 678
系统设置,0,0,0,0,11:43:03 767
任务5, 结束
＊＊＊＊＊＊＊＊＊＊＊＊＊＊＊＊＊＊＊＊＊＊＊＊＊＊＊＊＊＊
