任务1, 开始
0,224.0,256.0,224.0,256.0,11:30:20 393
0,206.0,211.0,206.0,211.0,11:30:23 030
国际象棋,0,0,0,0,11:30:23 070
+1,246.0,151.0,24.723776,155.69487,11:30:28 534
0,157.0,252.0,157.0,252.0,11:30:28 755
任务1, 结束
+2,176.0,20.0,139.0,245.2399,11:30:35 719
＊主菜单＊,0,0,0,0,11:30:35 775
任务2, 开始
+1,296.0,168.0,89.0,217.0,11:30:39 795
+1,261.0,209.0,29.0,230.0,11:30:40 640
+1,272.0,143.0,78.0,193.0,11:30:42 127
0,222.0,216.0,222.0,216.0,11:30:43 998
相册,0,0,0,0,11:30:44 046
+1,251.0,134.0,86.0,207.0,11:30:47 116
+1,217.0,188.0,97.963356,203.17543,11:30:51 823
-1,65.0,200.0,266.0,244.0,11:30:52 559
任务2, 结束
任务3, 开始
+2,175.0,17.0,172.05104,294.82373,11:31:02 937
＊主菜单＊,0,0,0,0,11:31:02 996
-1,49.0,199.0,209.0,134.0,11:31:04 714
-1,53.0,181.0,225.0,198.0,11:31:05 790
-1,116.0,151.0,282.0,150.0,11:31:07 246
+1,288.0,203.0,43.767464,162.30232,11:31:11 404
+1,291.0,192.0,25.0,156.0,11:31:12 503
+1,292.0,160.0,17.0,141.0,11:31:13 932
+1,284.0,137.0,43.0,187.0,11:31:14 965
+1,281.0,154.0,17.0,178.0,11:31:16 339
0,66.0,210.0,66.0,210.0,11:31:17 422
0,110.0,254.0,110.0,254.0,11:31:19 061
0,117.0,228.0,117.0,228.0,11:31:22 031
天气,0,0,0,0,11:31:22 071
+1,221.0,201.0,53.0,233.0,11:31:25 898
+1,233.0,143.0,-3.8552666,203.70564,11:31:27 778
+1,266.0,189.0,-13.690605,195.17265,11:31:28 881
+1,253.0,158.0,75.0,185.0,11:31:29 723
-1,17.0,182.0,276.0,174.0,11:31:31 119
-1,89.0,163.0,314.2757,188.90205,11:31:32 082
-1,72.0,187.0,253.0,200.0,11:31:32 967
+1,293.0,183.0,29.0,221.0,11:31:33 912
+1,226.0,164.0,37.29106,231.32329,11:31:34 516
任务3, 结束
任务4, 开始
+2,171.0,45.0,146.47894,292.22632,11:31:43 188
＊主菜单＊,0,0,0,0,11:31:43 275
-1,104.0,203.0,270.0,187.0,11:31:45 334
-1,71.0,217.0,293.0,147.0,11:31:46 316
-1,54.0,159.0,215.0,160.0,11:31:47 290
0,93.0,240.0,93.0,240.0,11:31:48 326
0,97.0,244.0,97.0,244.0,11:31:50 608
0,74.0,229.0,74.0,229.0,11:31:53 924
0,105.0,196.0,105.0,196.0,11:31:56 538
新浪微博,0,0,0,0,11:31:56 581
+1,260.0,179.0,31.0,208.0,11:32:02 054
-1,110.0,152.0,311.1106,159.32317,11:32:04 528
+1,262.0,145.0,83.5,185.0,11:32:05 612
+1,236.0,206.0,18.0,178.0,11:32:06 211
+1,289.0,191.0,26.304853,214.24826,11:32:10 174
-1,129.0,167.0,296.0,175.0,11:32:10 914
+1,285.0,182.0,54.0,211.0,11:32:11 596
-1,60.0,217.0,269.81207,220.41792,11:32:20 053
任务4, 结束
任务5, 开始
+2,224.0,43.0,163.53795,265.61972,11:32:26 654
＊主菜单＊,0,0,0,0,11:32:26 751
-1,57.0,113.0,222.0,140.0,11:32:28 879
+1,297.0,155.0,2.988491,184.20654,11:32:30 091
+1,267.0,152.0,53.0,144.0,11:32:30 508
+1,233.0,101.0,24.0,139.0,11:32:30 729
+1,264.0,178.0,34.0,162.0,11:32:31 626
-1,59.0,156.0,263.0,204.0,11:32:32 598
-1,86.0,154.0,247.37238,214.1462,11:32:33 398
-1,116.0,179.0,300.0,160.0,11:32:34 253
-1,68.0,134.0,320.0,190.5,11:32:35 009
-1,115.0,176.0,256.0,214.0,11:32:35 493
-1,130.0,180.0,289.0,202.0,11:32:36 398
-1,87.0,150.0,268.12927,189.43637,11:32:37 002
+1,258.0,173.0,60.0,240.0,11:32:37 470
+1,273.0,178.0,18.0,148.0,11:32:38 014
+1,266.0,183.0,24.0,150.0,11:32:38 740
+1,273.0,177.0,32.0,201.0,11:32:40 271
+1,235.0,195.0,63.0,176.0,11:32:41 188
+1,263.0,155.0,50.168594,223.58199,11:32:42 214
+1,286.0,153.0,32.0,197.0,11:32:43 031
0,56.0,116.0,56.0,116.0,11:32:43 675
0,111.0,102.0,111.0,102.0,11:32:44 202
系统设置,0,0,0,0,11:32:44 245
-2,175.0,246.0,180.0,27.0,11:32:49 168
+2,181.0,33.0,171.0,271.0,11:32:49 421
＊主菜单＊,0,0,0,0,11:32:49 509
0,122.0,62.0,122.0,62.0,11:32:52 017
0,99.0,138.0,99.0,138.0,11:32:53 666
0,83.0,107.0,83.0,107.0,11:32:55 314
系统设置,0,0,0,0,11:32:55 376
+1,289.0,179.0,66.0,214.0,11:32:57 106
+1,277.0,105.0,15.061432,193.1253,11:32:57 920
-1,135.0,174.0,171.2619,25.476202,11:32:58 817
+2,156.0,60.0,104.275665,292.51758,11:32:59 123
＊主菜单＊,0,0,0,0,11:32:59 237
任务5, 结束
＊＊＊＊＊＊＊＊＊＊＊＊＊＊＊＊＊＊＊＊＊＊＊＊＊＊＊＊＊＊
