-1,77.0,181.0,268.0,195.0,20:11:43 793
任务1, 开始
-1,103.0,113.0,261.0,112.0,20:12:20 269
-1,91.0,115.0,277.0,101.0,20:12:20 627
-1,70.0,150.0,297.0,115.0,20:12:21 031
-1,144.0,153.0,296.0,102.0,20:12:21 575
-1,126.0,146.0,281.5237,126.922554,20:12:22 401
0,124.0,108.0,124.0,108.0,20:12:23 135
健康运动,0,0,0,0,20:12:23 189
+1,237.0,131.0,48.183746,151.72475,20:12:25 701
+1,249.0,124.0,100.0,135.0,20:12:25 736
+1,215.0,104.0,88.0,127.0,20:12:26 270
+1,232.0,110.0,96.86463,112.64615,20:12:26 885
+1,218.0,107.0,73.97101,138.82178,20:12:27 568
任务1, 结束
+2,218.0,39.0,168.90672,249.46642,20:12:33 421
＊主菜单＊,0,0,0,0,20:12:33 469
任务2, 开始
0,66.0,99.0,66.0,99.0,20:12:39 283
0,91.0,110.0,91.0,110.0,20:12:40 731
健康运动,0,0,0,0,20:12:40 791
0,103.0,104.0,103.0,104.0,20:12:41 732
+1,249.0,127.0,25.0,145.0,20:12:42 774
+1,295.0,140.0,52.0,130.0,20:12:43 147
+1,285.0,144.0,54.0,109.0,20:12:43 499
+1,284.0,157.0,90.0,143.0,20:12:44 092
+1,288.0,166.0,120.74278,142.5787,20:12:44 625
+2,220.0,57.0,193.39642,245.51344,20:12:47 861
＊主菜单＊,0,0,0,0,20:12:47 971
0,181.0,50.0,181.0,50.0,20:12:48 511
+2,200.0,38.0,173.0,270.0,20:12:49 510
0,219.0,103.0,219.0,103.0,20:12:50 663
睡眠,0,0,0,0,20:12:50 699
+1,238.0,135.0,130.7778,139.43118,20:12:53 193
+1,275.0,143.0,105.5,119.5,20:12:53 257
+1,278.0,138.0,129.0,123.0,20:12:53 949
+2,196.0,40.0,138.0,271.36,20:12:54 392
＊主菜单＊,0,0,0,0,20:12:54 477
0,96.0,224.0,96.0,224.0,20:12:56 839
运动秒表,0,0,0,0,20:12:56 870
+1,260.0,118.0,62.544975,119.405,20:12:58 580
+2,144.0,24.0,141.24377,268.99747,20:12:59 295
＊主菜单＊,0,0,0,0,20:12:59 389
+1,263.0,143.0,59.0,132.0,20:13:01 224
+1,226.0,138.0,23.0,106.0,20:13:01 663
+1,228.0,141.0,28.0,125.0,20:13:02 363
+1,239.0,143.0,61.0,143.0,20:13:03 110
+1,288.0,151.0,116.0,134.0,20:13:03 966
+1,259.0,147.0,86.0,140.0,20:13:04 798
0,219.0,215.0,219.0,215.0,20:13:06 673
下载,0,0,0,0,20:13:06 729
+1,189.0,141.0,42.99472,138.0,20:13:09 177
+1,255.0,153.0,102.0,151.0,20:13:09 514
+1,287.0,160.0,134.0,142.0,20:13:10 332
+1,174.0,43.0,138.83905,174.27797,20:13:13 935
+2,176.0,36.0,175.93822,279.50192,20:13:15 244
＊主菜单＊,0,0,0,0,20:13:15 283
+2,164.0,37.0,194.05338,270.20013,20:13:16 208
-1,219.0,197.0,291.0,190.0,20:13:21 349
+1,250.0,176.0,138.0,187.0,20:13:21 669
0,105.0,99.0,105.0,99.0,20:13:22 285
系统设置,0,0,0,0,20:13:22 376
+2,185.0,26.0,175.96588,279.71655,20:13:25 535
＊主菜单＊,0,0,0,0,20:13:25 688
0,192.0,211.0,192.0,211.0,20:13:28 712
下载,0,0,0,0,20:13:28 747
+1,287.0,153.0,140.0,144.0,20:13:29 767
+1,285.0,146.0,10.963797,119.20724,20:13:30 112
+1,260.0,170.0,52.0,126.0,20:13:30 508
任务2, 结束
0,254.0,160.0,254.0,160.0,20:13:39 453
0,157.0,163.0,157.0,163.0,20:13:41 085
+2,181.0,30.0,100.034454,252.27638,20:13:42 278
＊主菜单＊,0,0,0,0,20:13:42 468
任务3, 开始
0,215.0,110.0,215.0,110.0,20:13:51 015
自带导航,0,0,0,0,20:13:51 118
+1,270.0,128.0,84.49896,152.643,20:13:53 698
-1,90.0,188.0,280.75665,203.92747,20:13:54 335
+2,179.0,29.0,175.0,220.0,20:13:55 037
＊主菜单＊,0,0,0,0,20:13:55 175
+1,280.0,154.0,171.0,152.0,20:13:57 803
-1,143.0,160.0,263.36267,152.79036,20:13:58 714
-1,129.0,130.0,306.0,151.0,20:13:59 616
-1,112.0,105.0,291.0,142.0,20:14:00 850
-1,110.0,116.0,268.0,150.0,20:14:01 870
-1,143.0,117.0,265.0,147.0,20:14:03 232
-1,95.0,133.0,263.0,148.0,20:14:03 904
-1,113.0,127.0,306.22418,144.389,20:14:05 009
+1,275.0,135.0,81.0,146.0,20:14:06 573
+1,239.0,123.0,53.0,112.0,20:14:06 971
+1,223.0,123.0,39.0,126.0,20:14:07 171
+1,256.0,115.0,24.0,132.0,20:14:08 223
0,95.0,106.0,95.0,106.0,20:14:08 855
浏览器,0,0,0,0,20:14:08 965
0,168.0,101.0,168.0,101.0,20:14:21 203
任务3, 结束
+2,221.0,31.0,212.03088,293.7432,20:14:27 651
＊主菜单＊,0,0,0,0,20:14:27 788
任务4, 开始
+1,292.0,176.0,33.0,157.0,20:14:33 955
+1,283.0,123.0,59.0,120.0,20:14:34 723
+1,263.0,111.0,63.0,108.0,20:14:35 845
-1,53.0,155.0,279.36774,140.35202,20:14:36 425
-1,106.0,101.0,262.0,106.0,20:14:37 000
-1,102.0,116.0,258.0,109.0,20:14:37 696
0,94.0,222.0,94.0,222.0,20:14:38 365
视频,0,0,0,0,20:14:38 419
-1,89.0,154.0,302.5,190.5,20:14:42 859
任务4, 结束
+2,185.0,31.0,136.95706,244.82413,20:14:46 319
＊主菜单＊,0,0,0,0,20:14:46 422
任务5, 开始
-1,71.0,156.0,296.0,148.0,20:15:01 241
0,215.0,109.0,215.0,109.0,20:15:01 943
联系人,0,0,0,0,20:15:01 981
+1,251.0,110.0,36.422592,119.5723,20:15:04 715
+1,224.0,97.0,31.039963,101.39068,20:15:04 977
+1,220.0,101.0,44.40421,92.56956,20:15:05 720
+1,260.0,171.0,56.2753,144.06891,20:15:07 261
-1,94.0,147.0,291.28046,141.0327,20:15:08 363
-1,81.0,140.0,262.0,163.0,20:15:09 275
-1,133.0,108.0,284.0,137.0,20:15:10 060
+1,251.0,123.0,27.392479,107.96729,20:15:11 240
+1,233.0,104.0,15.720671,106.907,20:15:11 881
+1,220.0,101.0,19.876125,103.96729,20:15:12 740
-2,211.0,190.0,211.9128,12.0377445,20:15:14 597
+2,180.0,44.0,154.96223,255.34314,20:15:15 295
＊主菜单＊,0,0,0,0,20:15:15 333
-1,146.0,190.0,287.9721,183.21982,20:15:18 337
+1,214.0,167.0,11.0,171.0,20:15:19 292
0,76.0,113.0,76.0,113.0,20:15:19 963
0,104.0,74.0,104.0,74.0,20:15:21 093
电话,0,0,0,0,20:15:21 213
0,95.0,101.0,95.0,101.0,20:15:22 195
0,194.0,119.0,194.0,119.0,20:15:24 062
+1,245.0,143.0,11.495571,141.9276,20:15:25 052
任务5, 结束
＊＊＊＊＊＊＊＊＊＊＊＊＊＊＊＊＊＊＊＊＊＊＊＊＊＊＊＊＊＊
