任务1, 开始
+2,186.0,24.0,138.0327,276.08423,20:16:50 806
＊主菜单＊,0,0,0,0,20:16:50 813
-1,80.0,128.0,288.0,102.0,20:16:52 921
-1,103.0,142.0,268.0,108.0,20:16:53 786
-1,68.0,122.0,270.0,111.0,20:16:54 930
+1,263.0,152.0,27.977884,141.34975,20:16:55 276
+1,284.0,142.0,31.0,146.0,20:16:56 102
+1,285.0,141.0,18.0,119.0,20:16:58 272
+1,274.0,144.0,15.0,129.0,20:16:59 311
0,73.0,231.0,73.0,231.0,20:17:00 712
0,98.0,214.0,98.0,214.0,20:17:01 750
卡包,0,0,0,0,20:17:01 803
0,98.0,209.0,98.0,209.0,20:17:02 793
+1,296.0,149.0,43.0,150.0,20:17:04 750
+1,293.0,154.0,52.05007,168.33617,20:17:05 899
+1,297.0,162.0,46.736423,141.78456,20:17:06 702
+1,268.0,155.0,8.169762,176.29814,20:17:09 752
+2,204.0,28.0,168.172,283.2506,20:17:11 061
＊主菜单＊,0,0,0,0,20:17:11 199
+1,266.0,149.0,70.0,146.0,20:17:13 769
+1,249.0,141.0,17.0,155.0,20:17:15 601
+1,261.0,137.0,41.245987,139.88948,20:17:17 341
-1,93.0,118.0,301.0,157.0,20:17:17 907
+1,255.0,134.0,36.0,123.0,20:17:19 866
-1,142.0,141.0,305.0,160.0,20:17:21 398
-1,180.0,158.0,302.0,150.0,20:17:22 587
0,100.0,195.0,100.0,195.0,20:17:25 952
卡包,0,0,0,0,20:17:25 989
-1,142.0,230.0,280.0,223.0,20:17:28 727
+1,264.0,175.0,42.0,182.0,20:17:29 195
+1,294.0,173.0,118.49608,175.27892,20:17:29 879
+1,292.0,143.0,101.0,118.0,20:17:30 511
+1,289.0,145.0,53.0,144.0,20:17:31 375
-1,75.0,176.0,273.0,173.0,20:17:31 932
-1,140.0,179.0,297.0,183.0,20:17:32 520
+1,230.0,147.0,6.202982,139.924,20:17:33 138
-1,96.0,169.0,280.0,185.0,20:17:35 744
-1,99.0,154.0,297.0,185.0,20:17:36 425
-1,83.0,150.0,314.11423,166.41959,20:17:37 230
+2,192.0,32.0,180.71146,287.61032,20:17:37 586
＊主菜单＊,0,0,0,0,20:17:37 650
+1,104.0,148.0,18.987078,155.99138,20:17:41 891
0,218.0,228.0,218.0,228.0,20:17:42 043
0,226.0,205.0,226.0,205.0,20:17:42 342
笔记,0,0,0,0,20:17:42 401
+1,269.0,144.0,66.0,135.0,20:17:44 697
+1,268.0,138.0,85.0,144.0,20:17:45 629
+1,268.0,150.0,111.0,138.0,20:17:46 988
+2,176.0,27.0,151.0,238.0,20:17:47 375
＊主菜单＊,0,0,0,0,20:17:47 470
-1,80.0,188.0,302.0,174.0,20:17:49 518
0,220.0,219.0,220.0,219.0,20:17:52 221
相册,0,0,0,0,20:17:52 258
+1,238.0,134.0,41.0,120.0,20:17:53 792
+1,264.0,148.0,105.83376,135.95844,20:17:54 798
+2,195.0,47.0,203.52888,232.29303,20:17:56 751
＊主菜单＊,0,0,0,0,20:17:56 786
0,219.0,217.0,219.0,217.0,20:17:58 651
相册,0,0,0,0,20:17:58 715
+1,291.0,119.0,72.0,124.0,20:18:00 345
+1,283.0,135.0,69.0,100.0,20:18:00 876
+2,183.0,32.0,177.5,285.5,20:18:01 963
＊主菜单＊,0,0,0,0,20:18:02 139
-1,224.0,144.0,274.0,145.0,20:18:04 788
-1,173.0,149.0,294.0,138.0,20:18:06 053
+1,282.0,156.0,33.0,123.0,20:18:06 495
0,214.0,224.0,214.0,224.0,20:18:07 170
支付宝,0,0,0,0,20:18:07 262
任务1, 结束
任务2, 开始
+2,216.0,40.0,118.95485,272.90298,20:18:18 365
＊主菜单＊,0,0,0,0,20:18:18 438
-1,122.0,178.0,296.0,145.0,20:18:21 496
+1,250.0,145.0,26.327066,144.93459,20:18:22 417
+1,201.0,166.0,14.670996,112.70899,20:18:22 878
+1,226.0,146.0,40.0,150.0,20:18:23 749
0,112.0,226.0,112.0,226.0,20:18:24 492
视频,0,0,0,0,20:18:24 530
+1,253.0,138.0,30.582022,128.403,20:18:26 185
任务2, 结束
+2,198.0,32.0,140.0,299.13898,20:18:31 717
＊主菜单＊,0,0,0,0,20:18:31 793
任务3, 开始
+1,304.0,141.0,48.0,143.0,20:18:34 896
+1,262.0,166.0,39.0,190.0,20:18:35 010
+1,216.0,178.0,63.0,200.0,20:18:35 106
0,117.0,128.0,117.0,128.0,20:18:35 901
系统设置,0,0,0,0,20:18:35 935
+2,216.0,34.0,158.99927,284.40155,20:18:42 417
＊主菜单＊,0,0,0,0,20:18:42 516
-1,132.0,143.0,302.10373,100.620605,20:18:46 203
+1,232.0,147.0,47.0,170.0,20:18:47 193
0,219.0,239.0,219.0,239.0,20:18:50 381
下载,0,0,0,0,20:18:50 509
+1,245.0,158.0,42.0,156.0,20:18:52 240
+1,288.0,151.0,34.735317,151.33708,20:18:52 644
+1,225.0,149.0,22.0,156.0,20:18:53 216
+2,197.0,25.0,206.39621,279.7735,20:18:55 207
＊主菜单＊,0,0,0,0,20:18:55 248
-1,136.0,147.0,268.0,100.0,20:18:57 475
+1,211.0,134.0,31.0,190.0,20:18:58 345
-1,150.0,144.0,288.0,146.0,20:19:00 127
-1,96.0,158.0,271.0,177.0,20:19:03 635
+1,245.0,143.0,21.0,179.0,20:19:04 302
0,96.0,195.0,96.0,195.0,20:19:04 889
天气,0,0,0,0,20:19:04 986
+2,213.0,32.0,195.5,244.0,20:19:08 228
＊主菜单＊,0,0,0,0,20:19:08 261
-1,173.0,174.0,295.0,154.0,20:19:09 701
-1,180.0,140.0,293.0,111.0,20:19:11 197
-1,178.0,150.0,275.0,139.0,20:19:12 458
-1,187.0,128.0,293.0,127.0,20:19:14 078
-1,115.0,164.0,325.51758,153.10338,20:19:16 820
0,92.0,99.0,92.0,99.0,20:19:19 249
健康运动,0,0,0,0,20:19:19 280
+1,238.0,132.0,61.0,135.0,20:19:21 072
+1,270.0,146.0,48.0,139.0,20:19:21 455
+1,259.0,142.0,33.0,128.0,20:19:22 011
+1,286.0,121.0,58.0,97.0,20:19:22 501
+2,236.0,72.0,294.0,226.0,20:19:23 402
＊主菜单＊,0,0,0,0,20:19:23 492
+2,217.0,38.0,227.31935,262.7032,20:19:25 000
+1,292.0,174.0,44.0,120.0,20:19:27 375
0,225.0,226.0,225.0,226.0,20:19:30 239
邮箱,0,0,0,0,20:19:30 274
+1,238.0,138.0,60.0,157.0,20:19:31 959
+1,256.0,144.0,32.0,142.0,20:19:32 453
+1,221.0,137.0,28.0,133.0,20:19:32 996
+1,295.0,138.0,45.161297,136.75986,20:19:33 473
+1,280.0,155.0,32.0,118.0,20:19:34 082
+1,278.0,137.0,47.14122,102.18286,20:19:34 827
+2,185.0,46.0,137.93723,241.98196,20:19:37 730
＊主菜单＊,0,0,0,0,20:19:37 764
+1,262.0,116.0,41.31228,164.04779,20:19:39 799
0,225.0,108.0,225.0,108.0,20:19:42 202
联系人,0,0,0,0,20:19:42 236
+1,260.0,123.0,63.0,127.0,20:19:43 980
+1,241.0,143.0,51.0,116.0,20:19:44 396
+1,263.0,141.0,24.718874,116.59909,20:19:44 985
+1,255.0,120.0,28.838203,109.84084,20:19:45 697
+2,184.0,27.0,175.02188,277.09512,20:19:46 496
＊主菜单＊,0,0,0,0,20:19:46 604
0,106.0,109.0,106.0,109.0,20:19:49 230
电话,0,0,0,0,20:19:49 267
+2,218.0,33.0,175.0,198.0,20:19:51 706
＊主菜单＊,0,0,0,0,20:19:51 744
0,112.0,222.0,112.0,222.0,20:19:54 730
新浪微博,0,0,0,0,20:19:54 788
+1,219.0,127.0,62.0,135.0,20:19:56 691
+1,256.0,143.0,28.0,146.0,20:19:57 030
+1,292.0,140.0,97.0,138.0,20:19:57 819
+2,179.0,40.0,173.5,283.5,20:19:58 442
＊主菜单＊,0,0,0,0,20:19:58 590
+1,264.0,172.0,51.0,178.0,20:20:00 587
0,231.0,103.0,231.0,103.0,20:20:02 490
音乐,0,0,0,0,20:20:02 527
+1,197.0,124.0,71.0,102.0,20:20:04 384
+1,251.0,151.0,61.0,113.0,20:20:04 832
+2,179.0,46.0,125.0,307.89734,20:20:06 652
＊主菜单＊,0,0,0,0,20:20:06 716
任务3, 结束
-1,27.0,156.0,264.0,109.0,20:20:13 284
-1,85.0,136.0,259.0,102.0,20:20:13 542
-1,100.0,130.0,272.0,97.0,20:20:13 748
-1,38.0,126.0,262.0,99.0,20:20:14 404
0,120.0,130.0,120.0,130.0,20:20:14 892
健康运动,0,0,0,0,20:20:14 957
+1,197.0,132.0,26.0,151.0,20:20:17 740
-1,81.0,191.0,301.0,181.0,20:20:17 779
任务4, 开始
+2,190.0,28.0,94.627304,271.4165,20:20:21 684
＊主菜单＊,0,0,0,0,20:20:21 751
任务4, 结束
任务5, 开始
+1,262.0,156.0,117.0,159.0,20:20:30 730
0,110.0,224.0,110.0,224.0,20:20:32 419
短信息,0,0,0,0,20:20:32 501
+1,271.0,128.0,53.907158,168.17027,20:20:35 153
+1,217.0,103.0,16.0,160.5,20:20:37 002
+2,207.0,35.0,172.0,282.0,20:20:37 704
＊主菜单＊,0,0,0,0,20:20:37 814
0,228.0,116.0,228.0,116.0,20:20:40 212
微信,0,0,0,0,20:20:40 248
+1,288.0,131.0,29.0,188.0,20:20:43 576
+1,259.0,111.0,25.824348,137.39188,20:20:44 563
+1,278.0,104.0,47.207573,140.47925,20:20:45 585
+1,254.0,90.0,51.555935,143.62169,20:20:46 420
+2,181.0,33.0,180.0,276.0,20:20:46 794
＊主菜单＊,0,0,0,0,20:20:46 892
+2,182.0,28.0,200.0,299.5,20:20:47 765
+1,283.0,157.0,26.836561,183.35083,20:20:48 791
+1,263.0,154.0,15.349515,188.94174,20:20:50 306
+1,297.0,150.0,53.0,159.0,20:20:51 571
0,225.0,238.0,225.0,238.0,20:20:52 606
笔记,0,0,0,0,20:20:52 661
0,222.0,217.0,222.0,217.0,20:20:53 765
+1,284.0,130.0,63.67682,186.19858,20:20:54 881
+1,263.0,132.0,71.0,140.0,20:20:56 323
任务5, 结束
＊＊＊＊＊＊＊＊＊＊＊＊＊＊＊＊＊＊＊＊＊＊＊＊＊＊＊＊＊＊
