任务1, 开始
-1,144.0,168.0,290.0,109.0,20:07:39 656
+1,279.0,104.0,42.0,123.0,20:07:40 118
+1,304.0,143.0,60.0,117.0,20:07:41 104
+1,259.0,126.0,62.79707,116.04059,20:07:42 108
0,219.0,212.0,219.0,212.0,20:07:44 687
相册,0,0,0,0,20:07:44 725
0,243.0,224.0,243.0,224.0,20:07:45 687
+1,265.0,109.0,92.18254,150.15462,20:07:47 421
+1,224.0,124.0,75.5,143.5,20:07:48 196
任务1, 结束
任务2, 开始
+2,164.0,56.0,109.0,292.0,20:07:56 170
＊主菜单＊,0,0,0,0,20:07:56 218
+1,221.0,194.0,72.0,171.0,20:07:58 788
+1,205.0,149.0,42.0,146.0,20:07:59 375
+1,293.0,122.0,13.0,167.0,20:08:00 300
+1,262.0,132.0,15.0,171.0,20:08:00 903
+1,268.0,143.0,30.0,171.0,20:08:01 790
-1,145.0,153.0,317.75903,154.228,20:08:02 125
-1,154.0,127.0,297.0,141.0,20:08:02 270
-1,104.0,178.0,256.0,115.0,20:08:02 630
-1,134.0,158.0,296.0,141.0,20:08:03 032
-1,140.0,157.0,297.44522,172.62381,20:08:04 109
+1,198.0,134.0,32.0,193.0,20:08:04 853
0,98.0,239.0,98.0,239.0,20:08:05 462
新浪微博,0,0,0,0,20:08:05 556
+1,254.0,143.0,48.39887,186.21756,20:08:08 262
+1,253.0,126.0,59.539486,149.64084,20:08:09 289
+1,234.0,144.0,19.0,109.5,20:08:10 488
任务2, 结束
任务3, 开始
+2,166.0,47.0,171.43887,285.26007,20:08:27 171
＊主菜单＊,0,0,0,0,20:08:27 214
-1,173.0,149.0,280.0,107.0,20:08:28 633
-1,148.0,198.0,219.0,127.0,20:08:29 862
-1,148.0,179.0,286.54767,126.37629,20:08:30 463
-1,153.0,166.0,248.0,131.0,20:08:32 084
+1,258.0,114.0,15.0,177.0,20:08:32 722
+1,234.0,134.0,19.0,180.0,20:08:33 130
+1,251.0,125.0,57.0,145.0,20:08:34 155
+1,240.0,141.0,34.0,183.0,20:08:34 922
+1,239.0,137.0,86.0,123.0,20:08:36 369
0,113.0,229.0,113.0,229.0,20:08:37 585
天气,0,0,0,0,20:08:37 635
0,112.0,226.0,112.0,226.0,20:08:38 942
+1,257.0,124.0,64.0,154.0,20:08:41 355
+1,261.0,112.0,35.31974,138.94186,20:08:43 281
+1,240.0,106.0,29.91368,113.82623,20:08:44 101
任务3, 结束
任务4, 开始
+2,220.0,43.0,150.29065,294.81113,20:08:54 127
＊主菜单＊,0,0,0,0,20:08:54 215
-1,149.0,193.0,296.0,173.0,20:08:56 050
-1,141.0,198.0,315.0,161.0,20:08:56 359
-1,160.0,200.0,264.0,143.0,20:08:56 665
-1,89.0,177.0,306.0,159.0,20:08:57 790
-1,171.0,181.0,293.0,132.0,20:08:58 240
-1,191.0,180.0,286.74936,120.38215,20:08:59 144
-1,198.0,198.0,323.0888,158.34673,20:09:00 002
0,238.0,248.0,238.0,248.0,20:09:00 806
0,239.0,240.0,239.0,240.0,20:09:03 670
0,243.0,206.0,243.0,206.0,20:09:04 787
0,218.0,239.0,218.0,239.0,20:09:05 769
国际象棋,0,0,0,0,20:09:05 817
0,218.0,217.0,218.0,217.0,20:09:06 560
+1,264.0,135.0,57.8231,100.18167,20:09:09 162
+1,256.0,124.0,55.54391,140.48187,20:09:09 773
任务4, 结束
任务5, 开始
+2,181.0,51.0,120.648895,285.75552,20:09:17 928
＊主菜单＊,0,0,0,0,20:09:18 036
+1,271.0,156.0,57.0,160.0,20:09:20 810
+1,285.0,118.0,55.0,139.0,20:09:21 293
+1,263.0,128.0,25.0,174.0,20:09:21 995
+1,285.0,135.0,57.0,179.0,20:09:22 254
+1,235.0,130.0,20.0,159.0,20:09:22 723
+1,291.0,176.0,33.0,160.0,20:09:23 499
+1,268.0,112.0,24.0,159.0,20:09:24 387
0,113.0,107.0,113.0,107.0,20:09:25 471
系统设置,0,0,0,0,20:09:25 512
+1,274.0,135.0,87.17619,152.21828,20:09:29 115
+2,143.0,48.0,178.44548,284.7913,20:09:30 289
＊主菜单＊,0,0,0,0,20:09:30 413
-1,179.0,278.0,211.0,221.0,20:09:31 208
-1,178.0,180.0,301.0,173.0,20:09:33 922
-1,183.0,135.0,295.2974,145.87883,20:09:35 382
-1,201.0,154.0,234.23956,151.92253,20:09:36 816
-1,126.0,161.0,293.1041,187.89662,20:09:37 560
-1,104.0,159.0,305.0,147.0,20:09:38 882
-1,136.0,142.0,283.0,143.0,20:09:40 256
-1,186.0,145.0,323.74292,137.17143,20:09:41 912
-1,180.0,135.0,292.0,138.0,20:09:44 154
0,98.0,205.0,98.0,205.0,20:09:44 661
运动秒表,0,0,0,0,20:09:44 752
+2,249.0,52.0,189.87234,291.2955,20:09:47 679
＊主菜单＊,0,0,0,0,20:09:47 717
+1,227.0,150.0,23.0,136.0,20:09:50 081
+1,272.0,146.0,101.0,168.0,20:09:51 987
+1,254.0,135.0,37.387356,173.63515,20:09:53 121
+1,227.0,165.0,42.0,147.0,20:09:54 458
+1,228.0,143.0,35.0,155.0,20:09:55 141
+1,234.0,184.0,46.0,193.0,20:09:55 817
+1,264.0,140.0,59.0,136.0,20:09:57 801
+1,264.0,167.0,62.0,171.0,20:09:59 581
0,221.0,213.0,221.0,213.0,20:10:01 412
下载,0,0,0,0,20:10:01 471
+1,286.0,147.0,12.302349,187.43123,20:10:04 164
+1,265.0,178.0,33.797737,175.48187,20:10:04 338
+1,271.0,144.0,45.0,147.0,20:10:05 061
+2,186.0,39.0,179.63461,287.95386,20:10:07 723
＊主菜单＊,0,0,0,0,20:10:07 794
任务5, 结束
＊＊＊＊＊＊＊＊＊＊＊＊＊＊＊＊＊＊＊＊＊＊＊＊＊＊＊＊＊＊
0,204.0,224.0,204.0,224.0,20:10:20 952
下载,0,0,0,0,20:10:20 997
+1,288.0,161.0,49.064682,192.15868,20:10:22 844
+1,225.0,142.0,28.421509,197.78925,20:10:23 151
+1,286.0,159.0,37.282204,226.61728,20:10:23 867
