+2,169.0,63.0,114.762566,262.21805,21:24:37 080
＊主菜单＊,0,0,0,0,21:24:37 122
任务1, 开始
+1,281.0,177.0,97.0,188.0,21:24:43 176
+1,278.0,182.0,103.0,196.0,21:24:43 292
+1,298.0,175.0,136.0,181.0,21:24:43 434
+1,277.0,182.0,142.0,190.0,21:24:43 838
+1,269.0,160.0,172.0,174.0,21:24:46 126
-1,126.0,160.0,290.0,148.0,21:24:46 228
-1,85.0,202.0,278.0,181.0,21:24:46 380
-1,102.0,200.0,260.0,191.0,21:24:46 707
-1,101.0,200.0,307.0,180.0,21:24:47 241
-1,96.0,214.0,297.0,192.0,21:24:47 530
-1,149.0,204.0,299.0,182.0,21:24:49 087
0,82.0,112.0,82.0,112.0,21:24:49 569
健康运动,0,0,0,0,21:24:49 605
+2,178.0,52.0,135.15915,258.4456,21:24:51 863
＊主菜单＊,0,0,0,0,21:24:51 900
0,221.0,112.0,221.0,112.0,21:24:54 080
睡眠,0,0,0,0,21:24:54 145
+1,256.0,184.0,140.68497,212.15752,21:24:58 643
任务1, 结束
任务2, 开始
+2,177.0,61.0,126.620605,287.6558,21:25:04 588
＊主菜单＊,0,0,0,0,21:25:04 623
+1,252.0,183.0,91.0,189.0,21:25:07 029
0,98.0,221.0,98.0,221.0,21:25:08 586
短信息,0,0,0,0,21:25:08 622
+1,284.0,177.0,124.68428,224.85316,21:25:12 972
+2,181.0,56.0,144.3228,285.19635,21:25:22 064
＊主菜单＊,0,0,0,0,21:25:22 116
0,198.0,181.0,198.0,181.0,21:25:24 704
+1,258.0,150.0,101.301544,211.61115,21:25:25 600
0,206.0,103.0,206.0,103.0,21:25:26 348
联系人,0,0,0,0,21:25:26 410
+1,239.0,143.0,104.0,173.0,21:25:28 767
+1,235.0,129.0,110.0,167.0,21:25:29 520
+1,199.0,146.0,165.0,152.0,21:25:30 585
+1,264.0,113.0,72.5,154.0,21:25:32 045
任务2, 结束
任务3, 开始
-1,184.0,146.0,314.3453,137.06891,21:25:39 695
+2,182.0,89.0,143.0,295.0,21:25:40 495
＊主菜单＊,0,0,0,0,21:25:41 041
-1,169.0,183.0,263.0,164.0,21:25:44 259
-1,138.0,168.0,301.0,142.0,21:25:45 342
-1,122.0,163.0,290.0,136.0,21:25:47 222
+1,281.0,165.0,60.0,233.0,21:25:47 464
+1,226.0,183.0,62.0,220.0,21:25:48 149
+1,225.0,175.0,43.0,218.0,21:25:48 966
+1,259.0,152.0,67.0,188.0,21:25:49 822
0,218.0,216.0,218.0,216.0,21:25:51 069
笔记,0,0,0,0,21:25:51 576
+1,264.0,112.0,93.0,142.0,21:25:53 575
+1,298.0,158.0,93.0,246.0,21:26:00 582
+1,206.0,152.0,169.51276,282.0,21:26:05 069
任务3, 结束
+2,206.0,52.0,175.0,277.0,21:26:20 588
＊主菜单＊,0,0,0,0,21:26:20 624
+1,225.0,145.0,123.39102,161.42668,21:26:25 128
+1,228.0,157.0,188.0,168.0,21:26:26 641
-1,168.0,149.0,323.00238,123.64036,21:26:27 259
-1,110.0,195.0,299.0,159.0,21:26:28 220
任务4, 开始
-1,68.0,198.0,287.0,172.0,21:26:30 592
0,220.0,110.0,220.0,110.0,21:26:31 077
音乐,0,0,0,0,21:26:31 115
+1,266.0,132.0,153.0,151.0,21:26:35 083
+1,198.0,165.0,150.0,185.0,21:26:36 549
任务4, 结束
任务5, 开始
+2,203.0,80.0,162.0,275.0,21:26:45 048
＊主菜单＊,0,0,0,0,21:26:45 093
+1,297.0,168.0,112.19587,191.5269,21:26:47 183
+1,276.0,142.0,143.0,183.0,21:26:47 994
+1,295.0,159.0,75.0,210.0,21:26:50 170
0,199.0,228.0,199.0,228.0,21:26:50 447
下载,0,0,0,0,21:26:50 537
任务5, 结束
＊＊＊＊＊＊＊＊＊＊＊＊＊＊＊＊＊＊＊＊＊＊＊＊＊＊＊＊＊＊
