-1,145.0,186.0,324.84467,176.54369,21:19:49 077
-1,98.0,143.0,292.0,178.0,21:19:50 128
0,94.0,237.0,94.0,237.0,21:19:51 014
视频,0,0,0,0,21:19:51 064
任务1, 开始
-1,90.0,186.0,316.13367,166.34007,21:20:02 148
+2,185.0,51.0,167.0,277.0,21:20:05 016
＊主菜单＊,0,0,0,0,21:20:05 130
+1,287.0,181.0,5.0100307,227.54272,21:20:07 706
0,116.0,104.0,116.0,104.0,21:20:08 360
浏览器,0,0,0,0,21:20:09 037
任务1, 结束
任务2, 开始
+2,218.0,30.0,180.02869,281.17,21:20:21 026
＊主菜单＊,0,0,0,0,21:20:21 058
+1,266.0,146.0,125.424644,157.3731,21:20:23 604
+1,262.0,140.0,165.0,159.0,21:20:25 123
0,222.0,227.0,222.0,227.0,21:20:27 063
下载,0,0,0,0,21:20:27 112
任务2, 结束
任务3, 开始
+2,151.0,45.0,163.0,284.0,21:20:38 319
＊主菜单＊,0,0,0,0,21:20:38 323
+1,252.0,194.0,52.0,189.0,21:20:41 342
+1,203.0,190.0,17.0,163.0,21:20:42 411
-1,62.0,189.0,298.0,178.0,21:20:42 704
-1,92.0,202.0,303.0,149.0,21:20:44 667
-1,86.0,146.0,301.0,164.0,21:20:45 497
-1,68.0,218.0,283.0,169.0,21:20:47 699
-1,93.0,157.0,311.7688,128.87727,21:20:48 058
-1,136.0,149.0,304.0,154.0,21:20:49 633
0,103.0,132.0,103.0,132.0,21:20:50 261
健康运动,0,0,0,0,21:20:50 326
任务3, 结束
任务4, 开始
+2,144.0,57.0,123.0,263.0,21:21:02 068
＊主菜单＊,0,0,0,0,21:21:02 534
+1,264.0,139.0,39.802513,179.4242,21:21:04 975
+1,305.0,168.0,37.0,187.0,21:21:06 021
+1,295.0,182.0,69.0,231.0,21:21:06 936
0,116.0,228.0,116.0,228.0,21:21:08 521
视频,0,0,0,0,21:21:08 560
+1,289.0,162.0,51.0,150.0,21:21:10 881
任务4, 结束
+2,218.0,30.0,178.33263,283.98288,21:21:19 769
＊主菜单＊,0,0,0,0,21:21:20 525
+1,223.0,174.0,13.0,184.0,21:21:23 143
任务5, 开始
+1,272.0,194.0,16.0,171.0,21:21:25 459
+1,280.0,177.0,60.0,194.0,21:21:27 197
-1,110.0,152.0,305.0,149.0,21:21:29 541
-1,56.0,200.0,306.0,154.0,21:21:31 198
-1,80.0,185.0,307.0,148.0,21:21:33 192
-1,57.0,152.0,294.0,102.0,21:21:35 395
-1,94.0,184.0,295.0,172.0,21:21:37 681
0,241.0,205.0,241.0,205.0,21:21:39 563
0,214.0,226.0,214.0,226.0,21:21:41 543
邮箱,0,0,0,0,21:21:41 580
+1,244.0,195.0,56.0,181.0,21:21:45 051
+1,280.0,183.0,99.100975,230.02377,21:21:49 057
-1,139.0,200.0,306.0,180.0,21:21:49 576
-1,163.0,194.0,297.0,187.0,21:21:49 808
+1,257.0,169.0,32.5,230.5,21:21:58 559
+1,258.0,182.0,47.0,206.0,21:21:59 311
+1,255.0,193.0,74.0,210.0,21:22:01 049
-1,128.0,231.0,306.0,214.5,21:22:06 057
-1,99.0,221.0,279.23422,195.19145,21:22:06 559
-1,125.0,228.0,272.0,193.0,21:22:07 549
+1,263.0,156.0,45.805496,208.0875,21:22:11 547
+1,185.0,185.0,44.0,217.0,21:22:12 051
+1,254.0,198.0,56.0,236.0,21:22:13 044
+1,291.0,183.0,96.58447,230.11511,21:22:14 530
+1,293.0,175.0,153.0,186.0,21:22:15 551
+1,246.0,196.0,113.0,211.0,21:22:16 560
-1,96.0,197.0,308.0,167.0,21:22:18 053
-1,53.0,190.0,298.0,157.0,21:22:19 055
-1,71.0,214.0,267.0,178.0,21:22:19 097
-1,109.0,196.0,290.0,176.0,21:22:20 057
-1,100.0,137.0,266.0,142.0,21:22:22 056
-1,140.0,195.0,329.3453,171.6206,21:22:23 552
+1,271.0,187.0,41.0,227.0,21:22:25 078
+1,243.0,207.0,59.0,222.0,21:22:25 551
+1,286.0,210.0,84.44234,265.5062,21:22:26 555
+1,231.0,218.0,43.0,231.0,21:22:28 550
+1,243.0,191.0,49.0,223.0,21:22:29 544
-1,94.0,192.0,293.0,188.0,21:22:30 553
-1,112.0,213.0,262.0,192.0,21:22:30 633
-1,145.0,175.0,300.0,157.0,21:22:31 204
-1,101.0,203.0,302.0,177.0,21:22:31 798
+1,251.0,195.0,61.0,205.0,21:22:34 062
-1,85.0,203.0,299.0,159.0,21:22:34 357
-1,62.0,202.0,300.0,183.0,21:22:34 823
-1,113.0,229.0,264.0,198.0,21:22:35 230
+1,271.0,163.0,100.0,218.0,21:22:37 074
+1,270.0,204.0,66.0,240.0,21:22:37 252
+1,295.0,192.0,126.0,220.0,21:22:38 142
+1,272.0,188.0,61.0,228.0,21:22:39 557
+1,266.0,184.0,34.685093,244.28162,21:22:41 067
+1,215.0,155.0,65.0,173.0,21:22:41 503
任务5, 结束
＊＊＊＊＊＊＊＊＊＊＊＊＊＊＊＊＊＊＊＊＊＊＊＊＊＊＊＊＊＊
