任务1, 开始
-1,141.0,216.0,279.0,221.0,21:12:43 708
-1,59.0,139.0,305.0,173.0,21:12:44 930
-1,118.0,222.0,251.0,179.0,21:12:46 005
-1,113.0,181.0,306.0,174.0,21:12:47 129
-1,141.0,200.0,305.0,170.0,21:12:47 947
-1,12.0,151.0,300.0,192.0,21:12:48 505
+1,288.0,146.0,85.71804,178.57274,21:12:49 422
+1,277.0,156.0,41.0,151.0,21:12:50 233
+1,258.0,163.0,20.0,147.0,21:12:51 030
+1,273.0,174.0,46.0,185.0,21:12:51 844
+1,239.0,185.0,16.0,188.0,21:12:52 664
+1,288.0,178.0,55.0,177.0,21:12:53 524
+1,285.0,181.0,100.0,198.0,21:12:55 040
+1,246.0,184.0,15.174076,193.7117,21:12:55 690
-1,100.0,194.0,324.02625,149.81136,21:12:56 961
-1,67.0,177.0,294.0,110.0,21:12:58 237
-1,152.0,156.0,306.0,142.0,21:12:59 351
-1,108.0,190.0,313.5191,143.54707,21:13:00 800
-1,78.0,212.0,310.0,167.0,21:13:01 764
-1,111.0,211.0,303.16275,170.33174,21:13:03 453
+1,243.0,162.0,24.0,192.0,21:13:04 291
0,289.0,137.0,289.0,137.0,21:13:05 620
+1,206.0,176.0,15.0,200.0,21:13:06 015
+1,271.0,179.0,19.0,165.0,21:13:07 502
+1,281.0,191.0,26.0,227.0,21:13:09 538
+1,297.0,176.0,39.0,192.0,21:13:11 684
-1,109.0,228.0,304.0,181.0,21:13:12 692
-1,111.0,180.0,306.0,147.0,21:13:13 857
-1,97.0,203.0,336.47604,135.13345,21:13:16 401
-1,92.0,196.0,311.20355,168.4095,21:13:17 685
-1,81.0,204.0,290.0,146.0,21:13:19 133
-1,147.0,206.0,314.52698,161.73651,21:13:21 981
0,104.0,255.0,104.0,255.0,21:13:23 704
0,129.0,204.0,129.0,204.0,21:13:25 635
视频,0,0,0,0,21:13:25 797
0,102.0,232.0,102.0,232.0,21:13:26 692
0,105.0,171.0,105.0,171.0,21:13:28 443
-1,179.0,142.0,214.67578,143.08109,21:13:28 610
+1,289.0,113.0,13.0,183.0,21:13:29 291
任务1, 结束
任务2, 开始
+1,151.0,132.0,107.0,223.0,21:13:48 248
0,169.0,34.0,169.0,34.0,21:13:49 718
+2,152.0,73.0,109.55169,287.13818,21:13:50 014
＊主菜单＊,0,0,0,0,21:13:50 159
+1,195.0,174.0,26.0,171.0,21:13:53 896
+1,284.0,186.0,81.0,183.0,21:13:55 035
+1,276.0,183.0,54.0,183.0,21:13:56 346
0,96.0,133.0,96.0,133.0,21:13:57 108
系统设置,0,0,0,0,21:13:57 188
任务2, 结束
+2,161.0,21.0,97.55169,277.55206,21:14:07 770
＊主菜单＊,0,0,0,0,21:14:07 838
任务3, 开始
-1,128.0,169.0,262.0,138.0,21:14:15 938
-1,106.0,192.0,305.0,153.0,21:14:16 040
-1,145.0,202.0,326.3429,144.5405,21:14:16 925
+1,255.0,145.0,36.0,176.0,21:14:17 708
+1,141.0,154.0,11.0,181.0,21:14:18 057
+1,162.0,159.0,22.0,170.0,21:14:18 251
+1,188.0,189.0,21.0,200.0,21:14:18 510
+1,287.0,136.0,31.0,193.0,21:14:19 328
+1,250.0,197.0,13.0,204.0,21:14:19 960
-1,99.0,218.0,313.0,164.0,21:14:20 324
-1,85.0,206.0,302.0,144.0,21:14:21 352
-1,99.0,185.0,332.7247,144.72397,21:14:22 365
-1,112.0,200.0,278.0,143.0,21:14:23 481
-1,109.0,206.0,308.0,164.0,21:14:24 456
-1,113.0,223.0,334.27185,134.71844,21:14:26 271
-1,67.0,235.0,295.0,164.0,21:14:27 098
-1,125.0,209.0,307.0,168.0,21:14:28 617
0,102.0,121.0,102.0,121.0,21:14:29 691
健康运动,0,0,0,0,21:14:29 730
+1,254.0,144.0,211.0,277.0,21:14:36 788
+1,266.0,189.0,57.0,211.0,21:14:37 473
任务3, 结束
+2,140.0,43.0,96.58614,209.3453,21:14:47 429
＊主菜单＊,0,0,0,0,21:14:47 524
任务4, 开始
+1,262.0,180.0,87.0,154.0,21:14:52 762
0,204.0,127.0,204.0,127.0,21:14:54 573
微信,0,0,0,0,21:14:54 606
+1,287.0,162.0,88.0,149.0,21:15:04 277
-1,110.0,150.0,301.0,123.0,21:15:07 272
+1,231.0,185.0,48.0,173.0,21:15:09 121
+1,276.0,160.0,19.0,193.0,21:15:09 781
+1,303.0,167.0,7.3783307,199.7421,21:15:10 433
+1,274.0,178.0,32.0,226.0,21:15:12 277
+1,282.0,207.0,52.0,228.0,21:15:13 807
-1,198.0,230.0,330.97116,184.01236,21:15:18 783
-1,107.0,181.0,274.0,199.0,21:15:19 560
-1,163.0,186.0,346.5,198.0,21:15:20 696
-1,154.0,190.0,313.50836,171.95961,21:15:23 681
0,248.0,109.0,248.0,109.0,21:15:27 432
0,212.0,152.0,212.0,152.0,21:15:29 060
0,207.0,148.0,207.0,148.0,21:15:30 263
+1,298.0,177.0,137.0,178.0,21:15:31 229
-1,113.0,211.0,302.31165,175.65152,21:15:35 553
-1,163.0,187.0,318.6855,152.6399,21:15:36 958
+1,252.0,167.0,101.011536,174.9341,21:15:42 293
+1,300.0,167.0,29.817665,184.0,21:15:43 541
-1,89.0,221.0,277.0,159.0,21:15:48 273
任务4, 结束
+2,173.0,26.0,105.58238,281.00873,21:16:04 690
＊主菜单＊,0,0,0,0,21:16:04 809
+1,267.0,207.0,57.0,232.0,21:16:08 165
+1,256.0,180.0,87.0,197.0,21:16:08 881
任务5, 开始
+1,231.0,171.0,37.452377,179.88338,21:16:11 940
+1,238.0,194.0,48.0,234.0,21:16:13 527
+1,299.0,175.0,127.0,216.0,21:16:15 660
0,204.0,109.0,204.0,109.0,21:16:17 518
自带导航,0,0,0,0,21:16:17 594
任务5, 结束
＊＊＊＊＊＊＊＊＊＊＊＊＊＊＊＊＊＊＊＊＊＊＊＊＊＊＊＊＊＊
+2,206.0,56.0,176.06891,250.93181,21:16:42 349
＊主菜单＊,0,0,0,0,21:16:42 388
-1,64.0,222.0,277.0,184.0,21:16:45 420
-1,98.0,194.0,298.0,155.0,21:16:46 354
+1,285.0,175.0,114.0,234.0,21:16:47 840
