任务1, 开始
+2,162.0,21.0,179.0,218.0,14:29:42 566
＊主菜单＊,0,0,0,0,14:29:42 605
任务1, 结束
-1,60.0,175.0,186.0,174.0,14:29:51 296
-1,52.0,189.0,142.0,187.0,14:29:52 049
-1,53.0,164.0,244.0,171.0,14:29:53 073
-1,70.0,181.0,264.95758,193.04158,14:29:53 962
-1,63.0,165.0,278.0,178.0,14:29:54 880
-1,32.0,167.0,224.0,168.0,14:29:55 891
-1,58.0,185.0,255.0,177.0,14:29:56 895
0,113.0,112.0,113.0,112.0,14:29:57 743
健康运动,0,0,0,0,14:29:57 816
+2,169.0,29.0,171.35591,240.36398,14:30:00 091
＊主菜单＊,0,0,0,0,14:30:00 128
0,225.0,117.0,225.0,117.0,14:30:02 030
睡眠,0,0,0,0,14:30:02 072
+1,264.0,156.0,53.0,236.0,14:30:05 326
任务2, 开始
-1,53.0,172.0,234.19197,182.61708,14:30:16 670
-1,29.0,175.0,229.81381,153.10783,14:30:17 741
-1,40.0,155.0,282.02972,167.69803,14:30:18 359
+2,187.0,29.0,181.48277,263.93146,14:30:19 137
＊主菜单＊,0,0,0,0,14:30:19 226
+1,288.0,160.0,155.0,202.0,14:30:21 318
+1,278.0,171.0,143.0,189.0,14:30:21 965
任务2, 结束
任务3, 开始
+1,290.0,152.0,134.0,212.0,14:30:30 495
+1,284.0,145.0,130.0,190.0,14:30:31 463
0,209.0,221.0,209.0,221.0,14:30:32 745
笔记,0,0,0,0,14:30:32 782
+1,270.0,231.0,58.973396,268.45102,14:30:36 083
+1,289.0,182.0,93.0,223.0,14:30:40 532
-1,49.0,169.0,249.0,143.0,14:30:43 489
任务3, 结束
任务4, 开始
+2,170.0,25.0,167.0,237.0,14:30:53 593
＊主菜单＊,0,0,0,0,14:30:53 630
+1,249.0,189.0,122.64368,228.1018,14:30:55 746
+1,293.0,175.0,144.0,216.0,14:30:56 583
+1,293.0,164.0,126.0,227.0,14:30:56 987
-1,86.0,192.0,223.0,179.0,14:30:57 627
-1,103.0,188.0,243.0,187.0,14:30:58 149
-1,99.0,180.0,270.0,217.0,14:30:59 331
-1,84.0,183.0,255.0,183.0,14:31:00 539
-1,77.0,175.0,251.92662,193.84666,14:31:03 369
0,99.0,236.0,99.0,236.0,14:31:04 863
短信息,0,0,0,0,14:31:04 915
+1,234.0,120.0,201.0,132.0,14:31:09 896
+1,288.0,130.0,120.77938,190.30812,14:31:10 653
+2,174.0,23.0,142.82686,196.88895,14:31:19 487
＊主菜单＊,0,0,0,0,14:31:19 568
+1,272.0,158.0,172.0,182.0,14:31:22 191
0,224.0,116.0,224.0,116.0,14:31:22 999
联系人,0,0,0,0,14:31:23 081
+1,285.0,137.0,189.0,151.0,14:31:26 611
+1,272.0,138.0,181.51128,145.9169,14:31:27 404
+1,279.0,132.0,150.0,176.0,14:31:28 510
+1,292.0,134.0,167.20029,161.40987,14:31:30 152
-1,145.0,156.0,263.0,154.0,14:31:30 820
-1,125.0,169.0,225.0,173.0,14:31:31 664
任务4, 结束
任务5, 开始
+2,150.0,29.0,176.01106,207.01704,14:31:42 892
＊主菜单＊,0,0,0,0,14:31:42 948
+1,258.0,160.0,21.195889,237.45103,14:31:46 173
+1,239.0,185.0,14.781243,216.41129,14:31:46 791
0,201.0,102.0,201.0,102.0,14:31:48 107
音乐,0,0,0,0,14:31:48 169
+1,268.0,178.0,106.0,220.0,14:31:51 101
+1,265.0,157.0,110.0,195.0,14:31:51 399
任务5, 结束
＊＊＊＊＊＊＊＊＊＊＊＊＊＊＊＊＊＊＊＊＊＊＊＊＊＊＊＊＊＊
