任务1, 开始
+1,267.0,139.0,63.0,190.0,14:24:26 653
+2,136.0,25.0,144.20485,266.76,14:24:28 296
＊主菜单＊,0,0,0,0,14:24:28 347
-1,44.0,142.0,265.0,169.0,14:24:30 161
+2,157.0,44.0,151.23206,266.05032,14:24:30 238
+1,253.0,161.0,67.72593,185.74332,14:24:34 956
0,245.0,213.0,245.0,213.0,14:24:37 652
0,232.0,212.0,232.0,212.0,14:24:38 013
邮箱,0,0,0,0,14:24:38 076
0,221.0,240.0,221.0,240.0,14:24:39 198
+1,292.0,142.0,89.88789,179.26727,14:24:43 393
-1,28.0,189.0,281.78082,202.80821,14:24:44 459
+1,270.0,127.0,25.0,153.0,14:24:51 649
+1,272.0,138.0,93.0,181.0,14:24:54 657
+1,281.0,135.0,140.5789,172.9474,14:24:57 753
+1,169.0,152.0,47.461716,172.77252,14:24:59 222
-1,64.0,185.0,275.13638,176.72192,14:25:00 316
-1,56.0,167.0,270.55893,144.6654,14:25:06 456
+1,289.0,180.0,68.0,193.0,14:25:10 593
+1,295.0,163.0,56.0,176.0,14:25:11 344
0,207.0,159.0,207.0,159.0,14:25:14 419
0,209.0,149.0,209.0,149.0,14:25:15 150
+1,285.0,155.0,77.18908,185.73972,14:25:15 763
+1,284.0,180.0,93.0,207.0,14:25:19 269
+1,281.0,177.0,58.781002,197.67503,14:25:22 155
-1,55.0,205.0,235.50867,195.45906,14:25:22 943
-1,67.0,190.0,221.0,194.0,14:25:23 736
-1,87.0,199.0,248.0,225.0,14:25:25 510
-1,63.0,223.0,219.0,224.0,14:25:26 631
任务1, 结束
任务2, 开始
+2,183.0,32.0,169.43394,234.4404,14:25:42 662
＊主菜单＊,0,0,0,0,14:25:42 720
+1,257.0,176.0,50.0,217.0,14:25:45 499
+1,272.0,147.0,62.0,216.0,14:25:46 090
0,107.0,228.0,107.0,228.0,14:25:46 853
视频,0,0,0,0,14:25:46 899
+1,289.0,182.0,55.122585,216.46936,14:25:49 153
+1,287.0,159.0,83.0,185.0,14:25:50 873
+1,208.0,195.0,20.135916,186.78398,14:25:51 696
-1,34.0,145.0,274.0,155.0,14:26:00 653
0,160.0,148.0,160.0,148.0,14:26:02 244
+1,221.0,144.0,91.0,194.0,14:26:03 545
-1,64.0,142.0,253.0,161.0,14:26:04 510
+1,230.0,152.0,23.0,201.0,14:26:13 188
+1,261.0,140.0,56.0,138.0,14:26:13 924
+1,236.0,183.0,48.0,189.0,14:26:14 484
-1,48.0,161.0,267.7953,184.11627,14:26:14 951
+1,282.0,173.0,35.0,190.0,14:26:15 450
任务2, 结束
任务3, 开始
+2,149.0,39.0,186.36105,207.67343,14:26:28 990
＊主菜单＊,0,0,0,0,14:26:29 058
-1,60.0,148.0,233.5,159.5,14:26:31 746
-1,57.0,151.0,288.91968,147.15997,14:26:32 937
-1,58.0,155.0,299.0,177.0,14:26:34 314
0,114.0,106.0,114.0,106.0,14:26:35 151
健康运动,0,0,0,0,14:26:35 190
+1,265.0,143.0,62.989517,190.8187,14:26:40 698
任务3, 结束
任务4, 开始
+2,154.0,56.0,144.09076,243.39545,14:26:52 718
＊主菜单＊,0,0,0,0,14:26:52 798
+1,272.0,168.0,138.0,181.0,14:26:56 823
+1,266.0,172.0,132.0,189.0,14:26:57 068
+1,276.0,154.0,79.0,219.0,14:26:58 320
+1,292.0,176.0,56.0,199.0,14:26:59 567
-1,66.0,173.0,275.0,160.0,14:27:00 890
0,106.0,239.0,106.0,239.0,14:27:01 418
视频,0,0,0,0,14:27:01 489
+1,302.0,162.0,65.0,213.0,14:27:03 552
+1,286.0,153.0,49.18371,228.62354,14:27:04 790
任务4, 结束
任务5, 开始
+2,142.0,36.0,142.0,222.0,14:27:15 686
＊主菜单＊,0,0,0,0,14:27:15 731
+1,269.0,147.0,110.0,200.0,14:27:18 161
+1,272.0,151.0,71.0,196.0,14:27:19 408
+1,268.0,153.0,65.0,220.0,14:27:21 484
0,207.0,221.0,207.0,221.0,14:27:23 096
下载,0,0,0,0,14:27:23 137
任务5, 结束
＊＊＊＊＊＊＊＊＊＊＊＊＊＊＊＊＊＊＊＊＊＊＊＊＊＊＊＊＊＊
