任务1, 开始
+1,293.0,191.0,140.0,220.0,19:37:49 620
+1,275.0,193.0,25.110039,218.22249,19:37:50 343
-1,69.0,185.0,272.0,198.0,19:37:51 045
+2,208.0,88.0,194.58177,292.9534,19:37:52 415
＊主菜单＊,0,0,0,0,19:37:52 454
-2,206.0,235.0,215.0,30.0,19:37:53 331
+1,276.0,179.0,144.0,209.0,19:37:55 526
+1,281.0,170.0,144.0,191.0,19:37:56 824
+1,285.0,157.0,192.0,177.0,19:37:58 141
0,109.0,90.0,109.0,90.0,19:37:59 278
系统设置,0,0,0,0,19:37:59 317
-2,127.0,240.0,146.96735,57.516323,19:38:03 812
+1,288.0,178.0,86.0,202.0,19:38:04 288
+1,299.0,178.0,9.738266,189.364,19:38:05 572
-1,95.0,189.0,289.2514,219.4645,19:38:06 121
-1,69.0,176.0,324.36987,187.9452,19:38:06 805
+1,304.0,180.0,3.142685,230.0919,19:38:07 067
+1,286.0,189.0,41.108494,231.72754,19:38:07 494
-1,101.0,185.0,244.0,171.0,19:38:08 241
+2,187.0,43.0,183.12016,231.4993,19:38:09 024
＊主菜单＊,0,0,0,0,19:38:09 119
0,220.0,105.0,220.0,105.0,19:38:12 643
自带导航,0,0,0,0,19:38:12 688
任务1, 结束
任务2, 开始
+2,197.0,39.0,152.57988,244.00066,19:38:35 564
＊主菜单＊,0,0,0,0,19:38:35 617
+1,301.0,171.0,153.0,187.0,19:38:38 050
+2,208.0,33.0,186.85124,245.14056,19:38:39 374
-1,101.0,196.0,264.0,191.0,19:38:40 784
-1,146.0,182.0,312.7526,184.0,19:38:42 513
-1,127.0,194.0,293.0,183.0,19:38:44 025
-1,136.0,177.0,268.0,147.0,19:38:45 141
-1,146.0,160.0,303.0,154.0,19:38:46 663
-1,141.0,179.0,266.0,180.0,19:38:48 349
0,105.0,106.0,105.0,106.0,19:38:49 488
健康运动,0,0,0,0,19:38:49 573
0,117.0,133.0,117.0,133.0,19:38:50 938
-1,225.0,142.0,274.0,130.0,19:38:53 117
0,223.0,211.0,223.0,211.0,19:38:54 141
+1,291.0,150.0,105.88074,178.85495,19:38:54 442
0,305.0,170.0,305.0,170.0,19:38:57 685
-1,140.0,186.0,294.82843,188.44832,19:38:57 981
0,106.0,211.0,106.0,211.0,19:38:59 177
0,107.0,187.0,107.0,187.0,19:39:00 829
-1,144.0,161.0,264.0,183.0,19:39:01 420
+1,290.0,182.0,68.00491,237.01694,19:39:01 963
+1,258.0,177.0,124.5,227.5,19:39:03 404
-1,135.0,189.0,271.2649,185.22015,19:39:04 743
+1,264.0,146.0,171.0,161.0,19:39:05 989
+1,281.0,144.0,139.0,184.0,19:39:06 654
任务2, 结束
任务3, 开始
+2,187.0,57.0,180.0,241.59819,19:39:20 017
＊主菜单＊,0,0,0,0,19:39:20 095
+1,263.0,177.0,97.0,221.0,19:39:22 652
-1,103.0,158.0,277.0,149.0,19:39:24 253
-1,146.0,174.0,285.0,185.0,19:39:24 843
-1,136.0,185.0,263.0,183.0,19:39:25 631
+1,278.0,175.0,150.0,190.0,19:39:26 013
+1,270.0,195.0,124.0,223.0,19:39:26 543
+1,293.0,194.0,129.0,224.0,19:39:26 929
+1,295.0,158.0,123.0,194.0,19:39:28 029
+1,287.0,180.0,111.0,216.0,19:39:28 742
+1,289.0,155.0,97.0,210.0,19:39:30 021
0,108.0,93.0,108.0,93.0,19:39:30 749
系统设置,0,0,0,0,19:39:30 889
任务3, 结束
任务4, 开始
+2,169.0,37.0,168.11853,252.80049,19:39:48 321
＊主菜单＊,0,0,0,0,19:39:48 365
+1,297.0,177.0,120.0,198.0,19:39:50 901
-1,117.0,182.0,265.0,188.0,19:39:51 379
-1,97.0,177.0,282.0,162.0,19:39:52 668
-1,63.0,178.0,260.0,151.0,19:39:53 567
-1,104.0,146.0,291.00092,147.87506,19:39:55 223
-1,156.0,157.0,270.0,152.0,19:39:56 792
-1,100.0,154.0,225.0,148.0,19:39:57 915
-1,92.0,156.0,279.0,162.0,19:39:59 939
+1,272.0,172.0,106.0,203.0,19:40:00 795
+1,273.0,146.0,92.23146,190.89165,19:40:01 703
+1,285.0,158.0,127.0,192.0,19:40:03 409
0,124.0,222.0,124.0,222.0,19:40:04 559
视频,0,0,0,0,19:40:04 683
+1,220.0,187.0,43.0,217.5,19:40:08 096
0,182.0,96.0,182.0,96.0,19:40:08 625
任务4, 结束
任务5, 开始
+2,150.0,32.0,169.04323,273.0949,19:40:18 730
＊主菜单＊,0,0,0,0,19:40:18 917
-1,102.0,182.0,257.0,178.0,19:40:21 208
-1,105.0,183.0,290.0,173.0,19:40:23 537
0,219.0,104.0,219.0,104.0,19:40:23 726
微信,0,0,0,0,19:40:23 994
0,232.0,116.0,232.0,116.0,19:40:25 214
0,219.0,99.0,219.0,99.0,19:40:29 620
+1,267.0,145.0,108.68058,184.57985,19:40:30 725
+1,307.0,163.0,145.0,199.0,19:40:33 586
+1,217.0,197.0,85.250656,245.21338,19:40:34 267
-1,146.0,177.0,293.4428,177.04921,19:40:35 621
-1,141.0,203.0,266.0,211.0,19:40:36 295
-1,143.0,163.0,279.0,176.0,19:40:37 267
0,123.0,104.0,123.0,104.0,19:40:38 902
0,221.0,114.0,221.0,114.0,19:40:39 649
0,221.0,110.0,221.0,110.0,19:40:40 544
0,220.0,95.0,220.0,95.0,19:40:40 741
-1,68.0,175.0,306.21573,192.3042,19:40:41 565
+1,286.0,188.0,62.0,233.0,19:40:42 015
0,214.0,221.0,214.0,221.0,19:40:43 692
0,226.0,228.0,226.0,228.0,19:40:44 810
+1,293.0,190.0,103.0,198.0,19:40:46 712
+1,245.0,191.0,145.0,224.0,19:40:48 600
+1,304.0,173.0,147.0,174.0,19:40:49 719
-1,133.0,194.0,280.14633,190.38245,19:40:50 780
0,181.0,185.0,181.0,185.0,19:40:53 369
-1,136.0,180.0,316.71066,161.60063,19:40:58 095
-1,179.0,176.0,310.5749,159.25528,19:41:02 276
-1,147.0,170.0,292.0,157.0,19:41:03 922
+1,300.0,163.0,168.0,194.0,19:41:05 456
-1,124.0,183.0,294.5596,158.27753,19:41:07 614
+1,270.0,183.0,155.39716,196.97705,19:41:09 093
任务5, 结束
＊＊＊＊＊＊＊＊＊＊＊＊＊＊＊＊＊＊＊＊＊＊＊＊＊＊＊＊＊＊
+1,234.0,151.0,145.0,179.0,19:41:14 225
-1,137.0,178.0,266.0,179.0,19:41:15 138
+1,278.0,152.0,83.61917,157.83524,19:41:20 587
+2,150.0,26.0,135.0,281.02194,21:15:33 102
＊主菜单＊,0,0,0,0,21:15:33 150
任务1, 开始
+1,230.0,228.0,103.0,227.0,21:15:43 584
+1,295.0,183.0,84.0,213.0,21:15:44 878
+1,292.0,172.0,55.0,236.0,21:15:46 081
+1,228.0,184.0,40.0,232.0,21:15:46 889
+1,183.0,190.0,74.0,207.0,21:15:47 358
+1,227.0,187.0,91.0,214.0,21:15:48 073
-1,82.0,202.0,300.0,191.0,21:15:48 499
-1,72.0,153.0,283.0,152.0,21:15:49 321
-1,99.0,190.0,278.0,185.0,21:15:50 362
-1,72.0,223.0,264.0,194.0,21:15:51 537
-1,110.0,193.0,269.96072,184.16885,21:15:52 564
-1,97.0,152.0,293.0,186.0,21:15:53 717
-1,74.0,187.0,311.0,177.0,21:15:55 118
-1,110.0,177.0,303.0,183.0,21:15:56 048
任务1, 结束
任务2, 开始
0,97.0,96.0,97.0,96.0,21:16:20 171
健康运动,0,0,0,0,21:16:20 214
+2,191.0,45.0,140.0,281.0,21:16:23 306
＊主菜单＊,0,0,0,0,21:16:23 396
+1,283.0,188.0,114.0,259.0,21:16:28 747
+1,256.0,184.0,93.0,232.0,21:16:29 539
+1,239.0,186.0,75.0,243.0,21:16:30 883
+1,229.0,194.0,57.0,261.0,21:16:32 366
+1,247.0,185.0,54.0,259.0,21:16:33 614
+1,267.0,187.0,74.0,249.0,21:16:35 281
0,104.0,111.0,104.0,111.0,21:16:37 208
系统设置,0,0,0,0,21:16:37 254
任务2, 结束
+2,154.0,51.0,167.3972,252.70657,21:16:43 690
＊主菜单＊,0,0,0,0,21:16:43 752
任务3, 开始
0,113.0,110.0,113.0,110.0,21:16:53 767
系统设置,0,0,0,0,21:16:53 863
-1,103.0,134.0,146.24127,95.0,21:16:57 543
-2,171.0,230.0,180.0,48.516354,21:16:58 577
+2,181.0,47.0,178.9148,229.51569,21:16:59 169
＊主菜单＊,0,0,0,0,21:16:59 301
+1,293.0,149.0,148.0,230.0,21:17:03 043
+1,273.0,186.0,36.112053,243.6602,21:17:03 419
0,215.0,130.0,215.0,130.0,21:17:04 062
自带导航,0,0,0,0,21:17:04 100
-1,203.0,232.0,304.0,186.0,21:17:09 424
0,182.0,66.0,182.0,66.0,21:17:12 091
-2,172.0,281.0,258.11258,128.2344,21:17:12 642
+2,181.0,43.0,164.0,257.0,21:17:13 356
＊主菜单＊,0,0,0,0,21:17:13 456
+1,255.0,224.0,91.0,269.0,21:17:15 561
-1,103.0,191.0,308.0,159.0,21:17:16 189
-1,191.0,202.0,306.0,158.0,21:17:17 105
-1,105.0,195.0,303.0,151.0,21:17:18 368
-1,127.0,217.0,306.0,154.0,21:17:19 645
-1,119.0,188.0,291.0,156.0,21:17:20 637
-1,75.0,216.0,281.0,174.0,21:17:21 975
0,111.0,115.0,111.0,115.0,21:17:24 054
健康运动,0,0,0,0,21:17:24 098
0,215.0,243.0,215.0,243.0,21:17:26 490
+2,192.0,64.0,170.70975,231.61221,21:17:27 112
＊主菜单＊,0,0,0,0,21:17:27 196
-1,96.0,187.0,290.26196,186.96117,21:17:30 165
任务3, 结束
任务4, 开始
+1,277.0,170.0,62.0,255.0,21:17:46 173
+1,269.0,189.0,68.0,258.0,21:17:46 820
+1,284.0,187.0,64.0,263.0,21:17:47 885
+1,234.0,185.0,89.0,225.0,21:17:48 781
+1,267.0,189.0,88.0,256.0,21:17:49 870
+1,268.0,186.0,74.0,259.0,21:17:50 898
+1,263.0,205.0,106.0,260.0,21:17:52 202
-1,129.0,223.0,321.54715,178.39622,21:17:52 720
-1,93.0,227.0,296.0,214.0,21:17:53 096
-1,49.0,222.0,296.0,187.0,21:17:53 476
-1,52.0,220.0,266.0,192.0,21:17:53 653
-1,58.0,215.0,252.0,206.0,21:17:54 054
-1,69.0,219.0,292.0,190.0,21:17:54 908
0,100.0,222.0,100.0,222.0,21:17:56 880
运动秒表,0,0,0,0,21:17:56 962
+2,209.0,71.0,173.28853,301.7543,21:17:58 323
＊主菜单＊,0,0,0,0,21:17:58 415
0,101.0,104.0,101.0,104.0,21:18:00 263
健康运动,0,0,0,0,21:18:00 336
-1,220.0,228.0,251.0,87.4362,21:18:03 038
+1,217.0,210.0,59.93036,246.24156,21:18:04 545
0,224.0,202.0,224.0,202.0,21:18:05 039
+1,250.0,222.0,31.0,226.0,21:18:06 991
+1,285.0,180.0,66.0,227.0,21:18:08 015
任务4, 结束
+2,219.0,59.0,214.06903,271.58533,21:18:16 594
＊主菜单＊,0,0,0,0,21:18:16 632
任务5, 开始
+1,261.0,187.0,106.0,223.0,21:18:23 250
0,210.0,91.0,210.0,91.0,21:18:24 457
微信,0,0,0,0,21:18:24 501
+1,293.0,178.0,96.0,229.0,21:18:28 438
+1,273.0,180.0,65.0,236.0,21:18:31 579
+1,282.0,186.0,146.32745,232.53023,21:18:33 490
+1,293.0,178.0,115.82271,257.15195,21:18:36 598
任务5, 结束
＊＊＊＊＊＊＊＊＊＊＊＊＊＊＊＊＊＊＊＊＊＊＊＊＊＊＊＊＊＊
+2,206.0,32.0,162.80312,289.50568,21:18:40 384
＊主菜单＊,0,0,0,0,21:18:40 480
