任务1, 开始
+2,180.0,73.0,193.24304,284.96286,19:53:57 605
＊主菜单＊,0,0,0,0,19:53:58 132
0,216.0,103.0,216.0,103.0,19:53:59 336
音乐,0,0,0,0,19:53:59 373
+1,305.0,171.0,145.57675,182.19324,19:54:02 500
+1,259.0,166.0,139.33324,151.21051,19:54:04 142
任务1, 结束
+2,143.0,28.0,149.0,280.0,19:54:13 541
＊主菜单＊,0,0,0,0,19:54:13 604
+1,258.0,169.0,159.0,205.0,19:54:15 781
+1,246.0,156.0,69.0,194.0,19:54:17 171
+1,292.0,197.0,87.0,234.0,19:54:18 582
0,222.0,231.0,222.0,231.0,19:54:19 449
下载,0,0,0,0,19:54:19 536
任务2, 开始
+2,169.0,18.0,177.0,248.0,19:54:31 468
＊主菜单＊,0,0,0,0,19:54:31 536
+2,147.0,30.0,190.82492,299.04462,19:54:31 967
-1,29.0,189.0,270.12906,212.56088,19:54:33 495
+1,247.0,143.0,154.0,180.0,19:54:34 540
+1,291.0,183.0,138.0,182.0,19:54:35 393
0,215.0,228.0,215.0,228.0,19:54:36 311
下载,0,0,0,0,19:54:36 366
任务2, 结束
任务3, 开始
+2,201.0,99.0,143.2668,304.86453,19:54:48 642
＊主菜单＊,0,0,0,0,19:54:48 704
-1,121.0,189.0,300.0,202.0,19:54:51 676
-1,111.0,188.0,295.0,183.0,19:54:52 918
-1,146.0,182.0,259.0,181.0,19:54:54 451
-1,144.0,153.0,307.0,165.0,19:54:55 779
-1,142.0,178.0,267.0,186.0,19:54:56 541
-1,141.0,201.0,219.0,184.0,19:54:59 656
0,103.0,219.0,103.0,219.0,19:55:00 641
短信息,0,0,0,0,19:55:00 675
+1,211.0,106.0,140.24872,176.09749,19:55:06 130
+1,286.0,182.0,113.72521,236.49236,19:55:07 459
-1,97.0,181.0,290.0,188.0,19:55:08 152
-1,147.0,185.0,293.3951,178.47438,19:55:09 774
0,225.0,63.0,225.0,63.0,19:55:10 884
0,217.0,97.0,217.0,97.0,19:55:11 840
+1,295.0,141.0,103.61078,195.66792,19:55:14 593
-1,133.0,178.0,276.0,189.0,19:55:17 587
+1,305.0,164.0,132.9504,180.0,19:55:18 190
任务3, 结束
任务4, 开始
+2,186.0,29.0,175.4456,280.68414,19:55:33 593
＊主菜单＊,0,0,0,0,19:55:33 671
-1,68.0,178.0,307.0,169.0,19:55:36 208
0,104.0,113.0,104.0,113.0,19:55:37 024
健康运动,0,0,0,0,19:55:37 070
+1,265.0,194.0,143.0,227.0,19:55:39 712
+1,285.0,197.0,121.89626,188.93109,19:55:40 629
+1,262.0,143.0,108.0,184.0,19:55:41 430
+1,263.0,187.0,44.62714,234.80397,19:55:42 209
+1,289.0,195.0,80.0,190.0,19:55:43 049
+1,292.0,165.0,57.0,190.0,19:55:45 582
-1,180.0,92.0,221.41888,237.2917,19:55:49 971
+2,178.0,41.0,181.0,253.0,19:55:51 200
＊主菜单＊,0,0,0,0,19:55:51 312
0,207.0,111.0,207.0,111.0,19:55:53 658
睡眠,0,0,0,0,19:55:53 699
+1,294.0,165.0,113.12088,180.31319,19:55:57 354
+1,278.0,172.0,36.75807,215.17265,19:55:58 076
任务4, 结束
0,155.0,62.0,155.0,62.0,19:56:06 092
任务5, 开始
+2,166.0,38.0,162.18916,216.4462,19:56:08 094
＊主菜单＊,0,0,0,0,19:56:08 134
+1,296.0,163.0,131.46335,198.87643,19:56:10 688
+1,296.0,170.0,214.0,142.0,19:56:11 160
+1,267.0,163.0,137.0,143.0,19:56:12 164
+1,284.0,153.0,105.0,176.0,19:56:13 952
0,216.0,221.0,216.0,221.0,19:56:14 916
笔记,0,0,0,0,19:56:14 959
+1,303.0,174.0,173.60611,181.10504,19:56:17 569
+1,297.0,146.0,154.22278,178.06477,19:56:22 537
-1,128.0,176.0,312.93036,193.34612,19:56:24 464
+1,264.0,166.0,110.0,191.0,19:56:25 504
+1,263.0,145.0,190.14032,156.8678,19:56:29 076
+1,270.0,156.0,157.9759,165.36288,19:56:30 056
-1,113.0,188.0,254.0,218.0,19:56:33 618
-1,133.0,179.0,307.0,177.0,19:56:38 173
-1,141.0,147.0,302.0,147.0,19:56:39 152
+1,295.0,162.0,132.0,167.0,19:56:39 486
+1,259.0,129.0,99.21722,177.19228,19:56:39 825
+1,282.0,187.0,89.79289,215.27603,19:56:40 178
+1,269.0,196.0,125.0,187.0,19:56:40 492
任务5, 结束
＊＊＊＊＊＊＊＊＊＊＊＊＊＊＊＊＊＊＊＊＊＊＊＊＊＊＊＊＊＊
任务1, 开始
+1,293.0,114.0,56.0,221.0,21:21:47 410
+1,249.0,127.0,58.0,212.0,21:21:51 423
+1,245.0,151.0,37.0,199.0,21:21:53 408
+1,270.0,196.0,100.0,191.0,21:21:56 196
+1,293.0,191.0,176.0,188.0,21:21:56 887
-1,97.0,201.0,239.0,145.0,21:21:57 807
-1,122.0,188.0,274.0,171.0,21:21:58 166
-1,77.0,186.0,287.0,194.0,21:21:58 486
-1,70.0,176.0,298.0,148.0,21:21:58 929
-1,103.0,198.0,271.0,144.0,21:22:00 775
-1,95.0,198.0,296.0,146.0,21:22:01 930
-1,111.0,174.0,371.67783,176.77106,21:22:02 627
-1,169.0,210.0,201.92572,190.24457,21:22:03 782
-1,69.0,185.0,309.0,169.0,21:22:04 621
-1,64.0,158.0,258.0,177.0,21:22:05 474
0,113.0,128.0,113.0,128.0,21:22:08 118
健康运动,0,0,0,0,21:22:08 175
+1,220.0,177.0,72.0,198.0,21:22:13 771
任务1, 结束
任务2, 开始
0,177.0,253.0,177.0,253.0,21:22:32 883
+2,182.0,51.0,205.74774,235.95828,21:22:33 244
＊主菜单＊,0,0,0,0,21:22:33 407
+1,301.0,168.0,56.0,248.0,21:22:37 291
+1,300.0,182.0,144.0,223.0,21:22:39 082
+1,289.0,191.0,88.0,223.0,21:22:41 030
0,147.0,221.0,147.0,221.0,21:22:45 704
0,97.0,257.0,97.0,257.0,21:22:46 838
0,96.0,227.0,96.0,227.0,21:22:47 809
视频,0,0,0,0,21:22:47 898
+1,287.0,144.0,149.0,183.0,21:22:51 934
+1,281.0,171.0,84.0,189.0,21:22:53 523
+1,258.0,164.0,110.503525,195.96336,21:22:54 659
+1,291.0,183.0,81.469826,224.29439,21:22:55 563
-1,95.0,137.0,264.20813,153.44641,21:22:58 093
+2,193.0,51.0,201.32011,279.3716,21:22:59 209
＊主菜单＊,0,0,0,0,21:22:59 297
+1,293.0,187.0,87.967865,222.11636,21:23:01 822
0,109.0,79.0,109.0,79.0,21:23:03 578
浏览器,0,0,0,0,21:23:03 638
任务2, 结束
任务3, 开始
0,289.0,115.0,289.0,115.0,21:23:17 587
+2,151.0,34.0,92.0,311.0,21:23:17 983
＊主菜单＊,0,0,0,0,21:23:18 099
+1,250.0,180.0,63.0,244.0,21:23:21 316
+1,301.0,166.0,125.0,228.0,21:23:23 427
+1,256.0,125.0,59.0,176.0,21:23:25 418
-1,131.0,181.0,225.0,174.0,21:23:26 564
-1,108.0,200.0,332.78864,184.50818,21:23:27 101
-1,36.0,184.0,255.0,146.0,21:23:27 911
-1,64.0,100.0,187.0,109.0,21:23:29 805
-1,97.0,188.0,286.0,187.0,21:23:31 279
-1,51.0,185.0,239.0,174.0,21:23:32 837
0,225.0,231.0,225.0,231.0,21:23:34 743
邮箱,0,0,0,0,21:23:34 835
0,193.0,90.0,193.0,90.0,21:23:39 305
0,233.0,83.0,233.0,83.0,21:23:41 273
0,193.0,74.0,193.0,74.0,21:23:42 016
+1,250.0,181.0,60.598793,216.8721,21:23:42 748
+1,268.0,155.0,65.77635,271.7976,21:23:44 009
+1,277.0,156.0,53.822746,224.36789,21:23:44 938
+1,239.0,219.0,39.878937,229.32687,21:23:45 608
+1,296.0,163.0,104.0,215.0,21:23:47 444
+1,302.0,157.0,133.0,182.0,21:23:50 771
-1,95.0,174.0,266.0,179.0,21:23:52 491
+1,253.0,176.0,26.0,210.0,21:24:00 601
+1,264.0,192.0,44.240482,202.27603,21:24:03 924
+1,249.0,175.0,44.826916,196.56511,21:24:05 857
-1,35.0,205.0,242.0,197.0,21:24:07 267
-1,40.0,161.0,263.0,131.0,21:24:07 792
-1,89.0,194.0,310.0,166.0,21:24:08 826
0,119.0,170.0,119.0,170.0,21:24:10 588
-1,93.0,186.0,272.0,171.0,21:24:11 619
-1,100.0,215.0,255.0,205.0,21:24:14 131
-1,139.0,174.0,307.79678,156.01848,21:24:15 554
+1,261.0,191.0,99.0,215.0,21:24:18 787
-1,172.0,148.0,298.76822,155.58443,21:24:19 520
+1,280.0,196.0,140.0,229.0,21:24:21 337
任务3, 结束
任务4, 开始
+2,184.0,36.0,135.0,210.0,21:24:29 639
＊主菜单＊,0,0,0,0,21:24:29 683
-1,54.0,182.0,251.0,184.0,21:24:31 519
-1,116.0,220.0,212.0,196.0,21:24:33 267
-1,96.0,241.0,292.0,219.0,21:24:34 408
+1,230.0,200.0,70.0,230.0,21:24:34 724
+1,270.0,191.0,94.0,226.0,21:24:35 525
+1,284.0,181.0,84.0,223.0,21:24:36 372
+1,233.0,203.0,21.0,196.0,21:24:37 348
+1,197.0,198.0,67.0,186.0,21:24:38 388
+1,257.0,186.0,91.0,191.0,21:24:39 725
+1,280.0,150.0,110.0,195.0,21:24:40 673
-1,141.0,148.0,305.0,158.0,21:24:41 606
-1,91.0,175.0,259.0,180.0,21:24:43 101
-1,91.0,189.0,251.0,170.0,21:24:44 863
-1,52.0,226.0,260.0,176.0,21:24:46 077
-1,113.0,186.0,307.37183,144.65804,21:24:47 172
-1,146.0,259.0,283.0,187.0,21:24:48 366
-1,146.0,194.0,311.0,172.0,21:24:50 737
+1,289.0,191.0,51.201733,228.94386,21:24:51 325
+1,215.0,185.0,65.0,229.0,21:24:53 370
+1,290.0,126.0,123.0,181.0,21:24:57 127
+1,227.0,174.0,54.0,196.0,21:24:58 897
0,90.0,67.0,90.0,67.0,21:24:59 995
0,59.0,117.0,59.0,117.0,21:25:01 650
0,127.0,116.0,127.0,116.0,21:25:03 428
浏览器,0,0,0,0,21:25:03 486
0,55.0,127.0,55.0,127.0,21:25:04 326
+1,301.0,151.0,37.15258,251.40677,21:25:06 091
+2,182.0,28.0,178.5355,270.7779,21:25:07 211
＊主菜单＊,0,0,0,0,21:25:07 300
+1,295.0,155.0,94.0,225.0,21:25:09 257
+1,265.0,192.0,54.0,208.0,21:25:11 387
0,214.0,229.0,214.0,229.0,21:25:13 723
下载,0,0,0,0,21:25:13 849
任务4, 结束
任务5, 开始
+2,139.0,24.0,106.95671,283.78354,21:25:23 053
＊主菜单＊,0,0,0,0,21:25:23 238
0,179.0,27.0,179.0,27.0,21:25:23 845
+1,247.0,191.0,95.0,245.0,21:25:25 402
-1,75.0,152.0,266.0,138.0,21:25:26 052
-1,118.0,156.0,298.0,144.0,21:25:27 202
-1,78.0,185.0,302.0,156.0,21:25:27 942
0,94.0,226.0,94.0,226.0,21:25:29 355
视频,0,0,0,0,21:25:29 432
+1,293.0,185.0,60.0,237.0,21:25:31 514
+1,290.0,174.0,58.0,218.0,21:25:33 320
任务5, 结束
＊＊＊＊＊＊＊＊＊＊＊＊＊＊＊＊＊＊＊＊＊＊＊＊＊＊＊＊＊＊
