+2,204.0,87.0,222.3392,268.8096,20:13:46 770
＊主菜单＊,0,0,0,0,20:13:46 806
任务1, 开始
+1,289.0,175.0,34.0,189.0,20:14:00 827
+1,261.0,194.0,47.0,218.0,20:14:02 784
+1,289.0,179.0,56.0,191.0,20:14:03 457
0,101.0,224.0,101.0,224.0,20:14:05 188
系统时钟,0,0,0,0,20:14:05 230
+1,249.0,179.0,36.0,211.5,20:14:09 232
+2,147.0,102.0,178.99887,294.91144,20:14:11 682
＊主菜单＊,0,0,0,0,20:14:11 757
+1,282.0,191.0,115.0,204.0,20:14:14 155
-1,93.0,223.0,264.0,193.0,20:14:15 036
-1,95.0,198.0,287.0,199.0,20:14:16 766
-1,105.0,204.0,278.0,187.0,20:14:18 246
-1,111.0,209.0,281.0,201.0,20:14:19 308
-1,101.0,210.0,289.5,221.0,20:14:20 946
-1,101.0,190.0,257.0,205.0,20:14:22 686
0,104.0,207.0,104.0,207.0,20:14:23 722
运动秒表,0,0,0,0,20:14:23 801
+1,265.0,178.0,64.0,221.0,20:14:26 247
-1,102.0,182.0,290.9566,196.25488,20:14:26 999
+2,178.0,38.0,215.0,279.0,20:14:28 182
＊主菜单＊,0,0,0,0,20:14:28 236
+1,257.0,190.0,52.80823,194.49657,20:14:33 525
+1,266.0,183.0,55.0,180.0,20:14:34 418
+1,257.0,184.0,61.0,216.0,20:14:35 762
+1,267.0,160.0,13.720891,226.38976,20:14:36 866
+1,279.0,180.0,84.0,176.0,20:14:38 462
+1,292.0,190.0,37.0,193.0,20:14:39 570
0,110.0,130.0,110.0,130.0,20:14:42 672
系统设置,0,0,0,0,20:14:42 711
+2,153.0,43.0,181.9053,290.5975,20:14:46 686
＊主菜单＊,0,0,0,0,20:14:46 728
0,115.0,222.0,115.0,222.0,20:14:48 293
系统时钟,0,0,0,0,20:14:48 343
+1,288.0,157.0,49.586914,209.29921,20:14:50 509
-1,81.0,188.0,242.0,224.0,20:14:54 959
-1,95.0,200.0,304.00073,192.93109,20:14:56 702
+2,209.0,101.0,202.0,270.0,20:14:56 973
＊主菜单＊,0,0,0,0,20:14:57 055
-1,88.0,194.0,272.0,221.0,20:15:02 365
任务1, 结束
任务2, 开始
+1,292.0,160.0,50.0,221.0,20:15:13 422
+1,272.0,184.0,59.0,199.0,20:15:14 289
0,223.0,107.0,223.0,107.0,20:15:15 047
自带导航,0,0,0,0,20:15:15 105
+1,279.0,186.0,32.206383,182.31049,20:15:17 938
-1,85.0,167.0,289.9168,184.79237,20:15:18 401
+2,137.0,95.0,146.5,291.0,20:15:18 854
＊主菜单＊,0,0,0,0,20:15:18 937
-1,62.0,198.0,291.0,197.0,20:15:22 831
0,213.0,230.0,213.0,230.0,20:15:24 942
指南针,0,0,0,0,20:15:24 967
+1,242.0,183.0,51.961998,192.019,20:15:27 839
-1,56.0,172.0,311.0,190.0,20:15:28 550
+2,139.0,69.0,160.22787,277.0843,20:15:29 060
＊主菜单＊,0,0,0,0,20:15:29 120
-1,100.0,198.0,262.0,215.0,20:15:31 235
0,97.0,229.0,97.0,229.0,20:15:33 204
卡包,0,0,0,0,20:15:33 256
+1,262.0,172.0,28.5,230.5,20:15:35 523
+1,236.0,188.0,24.00969,228.87643,20:15:36 166
+1,257.0,192.0,46.84471,225.166,20:15:36 899
任务2, 结束
+2,142.0,104.0,151.91028,263.10663,20:15:47 891
＊主菜单＊,0,0,0,0,20:15:47 939
任务3, 开始
-1,104.0,163.0,297.0,198.0,20:15:52 999
0,121.0,204.0,121.0,204.0,20:15:54 749
视频,0,0,0,0,20:15:54 780
任务3, 结束
任务4, 开始
-1,51.0,157.0,322.0,188.0,20:16:09 056
+2,180.0,56.0,188.51596,286.9468,20:16:09 636
＊主菜单＊,0,0,0,0,20:16:09 761
-1,65.0,178.0,321.67905,193.48865,20:16:11 889
-1,110.0,198.0,285.0,203.0,20:16:12 287
-1,61.0,223.0,253.0,203.0,20:16:12 660
0,96.0,92.0,96.0,92.0,20:16:13 673
健康运动,0,0,0,0,20:16:13 716
+1,261.0,182.0,44.0,199.0,20:16:16 197
+1,274.0,186.0,21.0,190.5,20:16:16 704
+1,270.0,181.0,35.0,193.0,20:16:17 336
+1,287.0,188.0,22.757282,221.28156,20:16:17 939
+1,246.0,182.0,27.0,187.0,20:16:19 660
任务4, 结束
任务5, 开始
+2,143.0,56.0,169.6109,304.87592,20:16:29 320
＊主菜单＊,0,0,0,0,20:16:29 368
+1,279.0,185.0,83.0,201.0,20:16:31 622
+1,287.0,187.0,96.48414,183.56448,20:16:32 446
0,227.0,119.0,227.0,119.0,20:16:33 156
联系人,0,0,0,0,20:16:33 234
+1,290.0,176.0,49.0,206.0,20:16:35 348
+1,269.0,200.0,56.0,219.0,20:16:36 044
+1,260.0,189.0,40.359604,198.77472,20:16:37 708
-1,64.0,191.0,287.28528,183.48187,20:16:39 197
-1,80.0,204.0,308.506,179.924,20:16:39 802
-1,61.0,144.0,320.11987,179.4095,20:16:40 487
-1,61.0,201.0,296.5,200.0,20:16:41 689
-1,187.0,126.0,220.0,267.0,20:16:42 192
+2,185.0,65.0,220.08298,294.3204,20:16:44 191
＊主菜单＊,0,0,0,0,20:16:44 234
-1,84.0,183.0,272.0,198.0,20:16:46 631
-1,95.0,179.0,292.68494,173.16536,20:16:47 509
0,108.0,225.0,108.0,225.0,20:16:49 198
短信息,0,0,0,0,20:16:49 237
+1,266.0,180.0,43.758434,202.41385,20:16:52 192
+1,267.0,210.0,62.5,234.5,20:16:54 196
-1,64.0,232.0,317.45767,203.25705,20:16:56 014
-1,112.0,197.0,306.9332,189.51453,20:16:56 749
0,220.0,175.0,220.0,175.0,20:16:57 349
+2,177.0,100.0,227.0,291.0,20:16:58 736
＊主菜单＊,0,0,0,0,20:16:58 781
0,109.0,102.0,109.0,102.0,20:17:01 063
腾讯QQ,0,0,0,0,20:17:01 104
+1,258.0,191.0,68.0,229.5,20:17:03 807
+1,273.0,157.0,38.51512,205.05766,20:17:05 339
+2,155.0,70.0,206.33713,282.4533,20:17:06 703
＊主菜单＊,0,0,0,0,20:17:06 747
0,228.0,221.0,228.0,221.0,20:17:08 872
邮箱,0,0,0,0,20:17:08 917
+1,286.0,162.0,57.0,217.0,20:17:11 058
+1,235.0,144.0,83.5,185.5,20:17:11 802
+1,261.0,200.0,86.585785,183.48277,20:17:12 477
+1,283.0,184.0,62.0,217.0,20:17:14 191
+1,266.0,180.0,49.41996,191.35474,20:17:14 602
+1,264.0,188.0,50.5,183.0,20:17:15 304
0,146.0,56.0,146.0,56.0,20:17:15 504
+2,134.0,70.0,210.361,288.2683,20:17:16 100
＊主菜单＊,0,0,0,0,20:17:16 223
+1,272.0,220.0,29.401945,237.17087,20:17:18 150
+1,264.0,219.0,65.0,262.0,20:17:19 291
+1,270.0,200.0,81.0,272.0,20:17:21 285
0,254.0,222.0,254.0,222.0,20:17:23 338
0,220.0,233.0,220.0,233.0,20:17:25 241
笔记,0,0,0,0,20:17:25 281
+1,268.0,191.0,72.86103,225.25558,20:17:27 200
+1,259.0,216.0,59.0,237.0,20:17:28 704
+1,288.0,174.0,57.099556,240.30016,20:17:30 196
+2,183.0,121.0,185.66226,278.4203,20:17:30 537
＊主菜单＊,0,0,0,0,20:17:30 617
+1,275.0,209.0,93.0,239.0,20:17:32 816
+1,265.0,223.0,89.0,262.0,20:17:33 437
0,103.0,225.0,103.0,225.0,20:17:36 697
系统时钟,0,0,0,0,20:17:36 767
+2,139.0,48.0,173.44832,289.82806,20:17:39 657
＊主菜单＊,0,0,0,0,20:17:39 699
-1,77.0,223.0,254.0,211.0,20:17:41 663
-1,130.0,184.0,303.0,185.0,20:17:42 354
-1,96.0,158.0,282.0,187.0,20:17:43 127
-1,68.0,183.0,268.0,210.0,20:17:44 808
0,104.0,118.0,104.0,118.0,20:17:46 199
电话,0,0,0,0,20:17:46 229
+1,281.0,183.0,70.0,253.0,20:17:48 741
任务5, 结束
＊＊＊＊＊＊＊＊＊＊＊＊＊＊＊＊＊＊＊＊＊＊＊＊＊＊＊＊＊＊
