任务1, 开始
+1,255.0,219.0,101.0,205.0,20:07:58 346
+1,265.0,189.0,57.0,216.0,20:08:00 118
+1,253.0,210.0,113.0,233.0,20:08:00 795
0,223.0,213.0,223.0,213.0,20:08:02 940
相册,0,0,0,0,20:08:02 979
+1,291.0,187.0,27.786835,231.4859,20:08:06 650
+1,258.0,211.0,-5.643652,174.8315,20:08:07 886
任务1, 结束
+2,142.0,38.0,145.90207,250.69777,20:08:14 157
＊主菜单＊,0,0,0,0,20:08:14 198
任务2, 开始
+1,290.0,187.0,92.0,247.0,20:08:22 202
+1,264.0,225.0,43.0,220.0,20:08:24 116
0,107.0,254.0,107.0,254.0,20:08:25 348
0,98.0,227.0,98.0,227.0,20:08:29 144
天气,0,0,0,0,20:08:29 184
+1,213.0,194.0,30.0,214.0,20:08:35 140
+1,230.0,216.0,50.975815,237.4562,20:08:40 287
+1,230.0,189.0,17.494246,233.75288,20:08:41 661
+1,259.0,212.0,13.440312,210.65231,20:08:42 897
+1,255.0,220.0,5.652693,232.60114,20:08:46 664
-1,64.0,229.0,313.48386,227.55168,20:08:48 149
-1,98.0,213.0,319.82257,213.93459,20:08:48 711
-1,91.0,207.0,270.0,225.0,20:08:50 154
任务2, 结束
任务3, 开始
+2,99.0,96.0,151.50337,280.51236,20:09:01 104
＊主菜单＊,0,0,0,0,20:09:01 199
+1,285.0,186.0,38.0,220.0,20:09:06 259
+1,222.0,224.0,25.0,191.0,20:09:13 362
-1,95.0,222.0,332.52426,191.08737,20:09:14 268
-1,68.0,221.0,260.0,234.0,20:09:15 033
-1,99.0,226.0,278.90698,203.56386,20:09:16 953
-1,97.0,183.0,303.0,181.0,20:09:17 410
-1,109.0,187.0,290.0,191.0,20:09:18 493
-1,95.0,188.0,298.8939,200.53902,20:09:20 169
-1,85.0,200.0,270.52145,223.80182,20:09:23 341
+1,295.0,205.0,26.5,182.5,20:09:23 767
+1,219.0,184.0,21.0,170.0,20:09:24 447
+1,256.0,198.0,25.500294,216.0924,20:09:25 117
+1,259.0,180.0,63.0,221.0,20:09:27 225
+1,223.0,175.0,52.0,219.0,20:09:29 926
0,106.0,150.0,106.0,150.0,20:09:31 190
0,101.0,101.0,101.0,101.0,20:09:33 170
股票,0,0,0,0,20:09:33 225
+1,286.0,189.0,33.85524,225.361,20:09:35 664
+1,294.0,191.0,32.97721,229.28474,20:09:36 151
+1,254.0,187.0,84.070076,179.46432,20:09:36 613
+1,256.0,166.0,24.02303,174.43398,20:09:37 298
+2,147.0,32.0,182.5,300.5,20:09:39 150
＊主菜单＊,0,0,0,0,20:09:39 195
+1,239.0,145.0,21.0,170.0,20:09:43 203
+1,275.0,204.0,63.0,183.0,20:09:45 801
-1,92.0,190.0,227.0,192.0,20:09:47 716
-1,100.0,178.0,297.0,177.0,20:09:49 184
-1,86.0,166.0,305.08633,150.00664,20:09:51 282
-1,101.0,174.0,316.53516,192.9673,20:09:52 049
-1,65.0,156.0,268.0,188.0,20:09:55 153
+1,216.0,186.0,27.0,198.0,20:09:59 333
+1,220.0,180.0,40.875023,238.9867,20:09:59 443
+1,230.0,173.0,33.0,183.0,20:09:59 910
+1,286.0,189.0,74.0,218.0,20:10:00 701
+1,265.0,183.0,63.0,186.0,20:10:01 512
+1,262.0,168.0,27.0,200.0,20:10:02 484
0,106.0,150.0,106.0,150.0,20:10:02 953
0,111.0,99.0,111.0,99.0,20:10:04 676
系统设置,0,0,0,0,20:10:05 153
+1,266.0,177.0,34.5,196.5,20:10:10 155
-1,90.0,154.0,209.0,180.0,20:10:10 437
0,75.0,193.0,75.0,193.0,20:10:11 012
0,77.0,195.0,77.0,195.0,20:10:12 667
任务3, 结束
任务4, 开始
+2,139.0,64.0,160.82771,294.5183,20:10:24 796
＊主菜单＊,0,0,0,0,20:10:24 861
-1,67.0,203.0,257.0,206.0,20:10:27 290
-1,49.0,194.0,229.0,231.0,20:10:27 941
-1,104.0,220.0,216.0,222.0,20:10:29 038
-1,99.0,184.0,255.0,185.0,20:10:31 198
-1,98.0,190.0,293.0,187.0,20:10:31 645
-1,106.0,174.0,255.0,187.0,20:10:33 263
0,224.0,230.0,224.0,230.0,20:10:33 518
国际象棋,0,0,0,0,20:10:33 587
0,207.0,143.0,207.0,143.0,20:10:37 154
+1,267.0,196.0,42.009758,177.18625,20:10:39 662
任务4, 结束
任务5, 开始
+2,182.0,61.0,184.9276,302.55188,20:10:49 626
＊主菜单＊,0,0,0,0,20:10:49 678
+1,262.0,190.0,20.0,161.0,20:10:51 331
+1,246.0,191.0,55.0,178.0,20:10:52 017
0,157.0,226.0,157.0,226.0,20:10:52 738
0,98.0,235.0,98.0,235.0,20:10:56 140
新浪微博,0,0,0,0,20:10:56 178
+1,256.0,209.0,47.103012,172.51723,20:11:02 159
+1,230.0,196.0,34.29056,211.06837,20:11:02 839
任务5, 结束
＊＊＊＊＊＊＊＊＊＊＊＊＊＊＊＊＊＊＊＊＊＊＊＊＊＊＊＊＊＊
