+2,153.0,70.0,185.74123,259.5592,20:02:12 891
＊主菜单＊,0,0,0,0,20:02:12 954
任务1, 开始
-1,92.0,196.0,272.0,203.0,20:02:23 708
+1,267.0,194.0,64.0,209.0,20:02:23 943
+1,259.0,198.0,64.0,225.0,20:02:24 815
+1,286.0,200.0,55.0,231.0,20:02:26 666
0,223.0,107.0,223.0,107.0,20:02:27 325
音乐,0,0,0,0,20:02:27 380
+1,284.0,219.0,75.86181,231.93109,20:02:31 605
+1,264.0,212.0,40.0,237.0,20:02:33 084
-1,101.0,174.0,146.71333,198.0,20:02:36 121
任务1, 结束
任务2, 开始
+2,152.0,65.0,160.0,276.0,20:02:45 614
＊主菜单＊,0,0,0,0,20:02:46 107
+1,271.0,188.0,24.0,226.0,20:02:48 585
0,216.0,220.0,216.0,220.0,20:02:50 109
笔记,0,0,0,0,20:02:50 148
+1,257.0,182.0,38.0,233.0,20:02:53 083
+1,255.0,199.0,56.0,227.0,20:03:00 378
+1,279.0,192.0,32.68785,231.37329,20:03:03 190
-1,113.0,212.0,285.5,209.0,20:03:08 400
-1,119.0,188.0,305.10446,186.48724,20:03:16 602
+1,272.0,200.0,49.5,261.0,20:03:17 141
+1,276.0,183.0,43.379063,211.58636,20:03:18 027
任务2, 结束
+2,146.0,91.0,139.0,245.0,20:03:26 113
＊主菜单＊,0,0,0,0,20:03:26 152
任务3, 开始
+1,297.0,193.0,88.0,223.0,20:03:28 942
+1,275.0,220.0,97.0,237.0,20:03:29 665
+1,291.0,203.0,72.45789,239.83647,20:03:31 658
-1,103.0,251.0,261.0,233.0,20:03:31 988
-1,114.0,226.0,262.0,226.0,20:03:32 461
+1,258.0,190.0,47.0,226.0,20:03:32 976
+1,257.0,197.0,54.0,232.0,20:03:33 411
+1,248.0,212.0,83.0,227.0,20:03:33 591
+1,257.0,220.0,78.0,271.0,20:03:34 496
0,204.0,200.0,204.0,200.0,20:03:34 817
下载,0,0,0,0,20:03:34 939
任务3, 结束
任务4, 开始
+2,147.0,65.0,159.58401,283.42413,20:03:46 140
＊主菜单＊,0,0,0,0,20:03:46 179
-1,76.0,206.0,262.0,195.0,20:03:48 264
-1,92.0,222.0,260.0,221.0,20:03:48 739
-1,142.0,183.0,294.0,187.0,20:03:50 666
-1,133.0,203.0,288.27985,219.87643,20:03:50 894
-1,138.0,214.0,269.0,202.0,20:03:53 136
-1,89.0,222.0,269.0,205.0,20:03:54 166
+1,271.0,201.0,54.0,249.0,20:03:56 679
+1,277.0,196.0,134.0,233.0,20:03:57 474
+1,244.0,226.0,87.0,262.0,20:03:59 214
+1,276.0,208.0,86.0,252.0,20:04:00 254
+1,246.0,193.0,41.683983,240.772,20:04:02 614
+1,260.0,217.0,119.997246,261.00275,20:04:04 204
-1,64.0,223.0,280.0,227.0,20:04:06 683
-1,96.0,216.0,264.0,208.0,20:04:06 804
-1,95.0,253.0,277.0,228.0,20:04:10 161
-1,96.0,245.0,263.0,239.0,20:04:11 191
0,220.0,103.0,220.0,103.0,20:04:13 637
联系人,0,0,0,0,20:04:13 675
+1,260.0,201.0,54.0,233.0,20:04:15 965
+1,258.0,231.0,95.0,261.0,20:04:17 079
+1,253.0,221.0,100.0,262.0,20:04:17 607
+1,290.0,203.0,66.0,260.0,20:04:18 253
+2,177.0,115.0,182.83647,305.60056,20:04:19 631
＊主菜单＊,0,0,0,0,20:04:19 674
-1,84.0,220.0,267.0,218.0,20:04:21 694
-1,163.0,197.0,314.5,198.0,20:04:22 573
-1,93.0,214.0,260.0,227.0,20:04:24 314
+1,264.0,218.0,89.0,258.0,20:04:24 537
0,98.0,220.0,98.0,220.0,20:04:26 137
短信息,0,0,0,0,20:04:26 640
+1,295.0,216.0,47.260822,241.92755,20:04:36 739
-1,122.0,225.0,288.0,219.0,20:04:38 140
+1,253.0,207.0,60.0,233.0,20:04:38 794
+2,146.0,105.0,175.15245,281.6993,20:04:44 639
＊主菜单＊,0,0,0,0,20:04:44 685
+1,259.0,224.0,98.0,249.0,20:04:48 639
0,210.0,104.0,210.0,104.0,20:04:49 306
联系人,0,0,0,0,20:04:49 392
+1,258.0,225.0,38.5,250.5,20:04:51 786
+1,276.0,213.0,74.24014,242.91412,20:04:53 117
+1,237.0,227.0,85.0,260.0,20:04:53 615
-1,128.0,205.0,298.5,224.5,20:04:55 521
-1,179.0,197.0,282.0,185.0,20:04:56 289
-1,170.0,193.0,287.0,188.0,20:04:56 978
-1,184.0,196.0,289.0,193.0,20:04:57 696
任务4, 结束
任务5, 开始
+2,167.0,103.0,169.0312,270.1872,20:05:05 656
＊主菜单＊,0,0,0,0,20:05:05 697
-1,75.0,197.0,292.0,219.0,20:05:07 465
-1,123.0,226.0,264.0,217.0,20:05:08 037
0,222.0,113.0,222.0,113.0,20:05:10 144
睡眠,0,0,0,0,20:05:10 207
+1,244.0,223.0,92.0,240.0,20:05:14 147
任务5, 结束
＊＊＊＊＊＊＊＊＊＊＊＊＊＊＊＊＊＊＊＊＊＊＊＊＊＊＊＊＊＊
