+2,121.0,29.0,106.034454,252.89699,19:56:59 114
＊主菜单＊,0,0,0,0,19:56:59 145
任务1, 开始
+1,259.0,180.0,59.5,216.0,19:57:10 153
-1,115.0,197.0,293.40073,209.1565,19:57:11 190
-1,97.0,173.0,271.0,187.0,19:57:13 590
-1,125.0,197.0,278.35416,219.18056,19:57:14 135
-1,96.0,216.0,282.0,197.0,19:57:15 588
-1,98.0,183.0,296.0,191.0,19:57:16 602
-1,112.0,209.0,293.0,180.0,19:57:17 592
-1,129.0,198.0,288.0,194.0,19:57:18 586
+1,248.0,191.0,52.0,214.0,19:57:19 591
+1,259.0,183.0,44.0,233.5,19:57:20 673
+1,253.0,182.0,57.0,216.0,19:57:21 629
+1,271.0,186.0,65.809166,241.05765,19:57:23 676
+1,278.0,184.0,57.0,227.0,19:57:25 633
+1,287.0,180.0,100.0,221.0,19:57:26 632
+1,281.0,185.0,67.0,244.0,19:57:28 136
任务1, 结束
任务2, 开始
-1,127.0,182.0,312.9261,184.16887,19:57:44 487
-1,128.0,199.0,282.72388,219.10355,19:57:46 807
-1,80.0,220.0,308.0,181.0,19:57:47 291
0,130.0,226.0,130.0,226.0,19:57:51 652
视频,0,0,0,0,19:57:51 700
+1,245.0,185.0,76.57762,215.62527,19:57:51 728
+1,286.0,191.0,37.166508,237.89746,19:57:53 082
-1,92.0,195.0,314.42374,185.71892,19:57:53 695
-1,122.0,207.0,286.0,226.5,19:57:55 100
+2,180.0,110.0,161.5,294.5,19:58:00 375
＊主菜单＊,0,0,0,0,19:58:00 473
-1,118.0,196.0,292.0,215.0,19:58:03 602
-1,95.0,217.0,264.0,195.0,19:58:04 056
-1,110.0,201.0,299.0,184.0,19:58:05 691
-1,141.0,181.0,305.0,191.0,19:58:07 370
+1,282.0,182.0,62.0,223.0,19:58:09 269
+1,275.0,175.0,71.68925,236.65538,19:58:09 382
+1,267.0,183.0,44.5,238.0,19:58:10 074
+1,295.0,182.0,52.0,236.0,19:58:11 559
+1,281.0,187.0,127.0,214.0,19:58:13 601
+1,270.0,191.0,91.0,243.0,19:58:14 016
-1,99.0,210.0,257.0,192.0,19:58:16 178
-1,130.0,208.0,289.0,213.0,19:58:16 250
-1,103.0,196.0,303.0,185.0,19:58:16 629
0,140.0,234.0,140.0,234.0,19:58:18 094
视频,0,0,0,0,19:58:18 135
+1,257.0,179.0,67.5,201.5,19:58:20 097
-1,141.0,201.0,258.0,192.0,19:58:22 736
+1,287.0,209.0,46.632996,234.10101,19:58:25 592
-1,98.0,213.0,303.0,197.0,19:58:26 595
+1,280.0,186.0,134.0,213.0,19:58:28 093
任务2, 结束
+1,287.0,181.0,38.5,190.5,19:58:32 539
任务3, 开始
-1,125.0,193.0,308.13507,199.48456,19:58:42 553
+2,181.0,94.0,147.99963,265.00372,19:58:43 107
＊主菜单＊,0,0,0,0,19:58:43 226
-1,75.0,204.0,284.0,214.0,19:58:47 236
-1,96.0,193.0,256.0,185.0,19:58:47 975
0,223.0,224.0,223.0,224.0,19:58:49 612
邮箱,0,0,0,0,19:58:49 644
0,216.0,87.0,216.0,87.0,19:58:53 102
+1,254.0,162.0,29.0,194.0,19:58:54 268
+1,253.0,179.0,38.349785,197.56502,19:58:56 105
+1,255.0,175.0,83.5,224.5,19:58:58 101
+1,260.0,169.0,49.697803,206.08516,19:59:02 107
-1,53.0,199.0,309.40402,192.4404,19:59:03 064
-1,127.0,184.0,292.0,181.0,19:59:03 708
+1,258.0,181.0,75.044846,181.95628,19:59:07 608
+1,262.0,180.0,83.06364,194.54643,19:59:09 577
任务3, 结束
任务4, 开始
+2,166.0,90.0,172.35281,297.1169,19:59:20 514
＊主菜单＊,0,0,0,0,19:59:21 105
+1,258.0,154.0,70.0,177.0,19:59:23 720
+1,253.0,160.0,35.131844,233.3344,19:59:25 259
0,113.0,233.0,113.0,233.0,19:59:25 407
视频,0,0,0,0,19:59:25 487
+1,261.0,203.0,59.0,235.0,19:59:27 565
任务4, 结束
任务5, 开始
+2,135.0,94.0,137.56004,256.47916,19:59:39 058
＊主菜单＊,0,0,0,0,19:59:39 097
-1,147.0,172.0,299.0,189.0,19:59:41 577
-1,92.0,164.0,300.0,192.0,19:59:42 229
-1,103.0,190.0,258.0,200.0,19:59:42 793
0,106.0,111.0,106.0,111.0,19:59:44 601
健康运动,0,0,0,0,19:59:44 643
+1,296.0,158.0,28.0,196.0,19:59:53 095
+1,247.0,191.0,58.387524,197.69666,19:59:54 053
任务5, 结束
＊＊＊＊＊＊＊＊＊＊＊＊＊＊＊＊＊＊＊＊＊＊＊＊＊＊＊＊＊＊
