任务1, 开始
+1,263.0,223.0,83.0,226.0,19:49:41 696
+1,302.0,174.0,36.0,228.0,19:49:52 126
+1,285.0,197.0,53.0,227.0,19:49:54 166
0,115.0,231.0,115.0,231.0,19:49:58 072
视频,0,0,0,0,19:49:58 108
+1,242.0,153.0,40.53398,173.25243,19:50:00 316
任务1, 结束
任务2, 开始
+2,178.0,97.0,143.74567,281.21637,19:50:17 158
＊主菜单＊,0,0,0,0,19:50:17 204
+1,226.0,206.0,25.0,177.0,19:50:19 778
+1,223.0,192.0,52.0,186.0,19:50:20 642
+1,234.0,231.0,45.0,230.0,19:50:21 625
+1,265.0,189.0,45.0,203.0,19:50:22 442
+1,255.0,209.0,48.317486,237.65161,19:50:23 508
-1,125.0,155.0,254.0,141.0,19:50:23 893
-1,62.0,199.0,267.0,193.0,19:50:24 381
-1,66.0,204.0,254.0,177.0,19:50:24 874
-1,49.0,148.0,299.0,183.0,19:50:25 585
-1,104.0,195.0,283.0,177.0,19:50:29 140
0,222.0,86.0,222.0,86.0,19:50:30 101
微信,0,0,0,0,19:50:30 132
+1,273.0,173.0,43.0,193.0,19:50:34 054
+1,295.0,153.0,56.142685,257.67352,19:50:37 551
+1,291.0,183.0,63.0,233.0,19:50:41 052
+1,255.0,185.0,32.49557,228.71037,19:50:43 485
0,282.0,152.0,282.0,152.0,19:50:45 553
-1,85.0,227.0,272.0,187.0,19:50:45 656
-1,79.0,181.0,316.26505,176.038,19:50:47 295
-1,83.0,225.0,280.0,195.0,19:50:48 548
-1,143.0,195.0,290.0,147.0,19:50:49 992
0,185.0,107.0,185.0,107.0,19:50:56 346
+1,300.0,167.0,29.0,204.5,19:51:00 028
-1,93.0,222.0,263.0,223.0,19:51:00 342
+1,247.0,165.0,-3.351303,169.87643,19:51:04 029
+1,266.0,193.0,57.64875,247.4204,19:51:06 559
+1,259.0,191.0,43.062904,234.04674,19:51:08 051
+1,275.0,182.0,20.221764,207.73111,19:51:10 026
-1,59.0,206.0,261.0,196.0,19:51:11 553
-1,152.0,209.0,260.0,214.0,19:51:12 047
-1,94.0,205.0,262.0,214.0,19:51:12 189
-1,138.0,205.0,308.4768,213.17271,19:51:15 548
-1,143.0,181.0,319.16403,174.114,19:51:16 737
+1,237.0,172.0,26.275301,222.1382,19:51:18 053
0,131.0,136.0,131.0,136.0,19:51:19 551
0,248.0,100.0,248.0,100.0,19:51:26 067
0,236.0,115.0,236.0,115.0,19:51:27 561
微信,0,0,0,0,19:51:27 598
+1,268.0,182.0,25.468073,214.9924,19:51:29 751
任务2, 结束
任务3, 开始
+2,187.0,66.0,128.0,280.0,19:51:55 624
＊主菜单＊,0,0,0,0,19:51:55 717
+2,170.0,99.0,146.0,275.0,19:51:56 527
-1,74.0,203.0,295.0,153.0,19:51:58 986
0,134.0,105.0,134.0,105.0,19:52:00 096
健康运动,0,0,0,0,19:52:00 565
+1,240.0,161.0,26.0,147.0,19:52:04 570
+1,270.0,154.0,44.848248,201.34145,19:52:07 071
+1,293.0,177.0,24.670769,188.98526,19:52:10 059
+1,266.0,189.0,51.0,188.0,19:52:11 561
-1,91.0,219.0,273.0,193.5,19:52:13 647
+1,291.0,172.0,55.284065,237.83775,19:52:15 064
-1,37.0,186.0,176.36,176.7179,19:52:15 821
-1,90.0,192.0,321.69553,168.67659,19:52:16 446
-1,101.0,209.0,294.0,182.0,19:52:16 950
任务3, 结束
0,260.0,239.0,260.0,239.0,19:52:24 239
+2,207.0,96.0,169.3457,294.30185,19:52:26 082
＊主菜单＊,0,0,0,0,19:52:26 597
-1,99.0,179.0,330.35132,161.15445,19:52:30 408
+1,294.0,153.0,70.0,217.0,19:52:31 403
+1,284.0,147.0,46.256245,228.14424,19:52:34 554
+1,271.0,142.0,62.0,212.0,19:52:35 399
+1,245.0,176.0,49.0,227.0,19:52:37 609
+1,268.0,174.0,95.0,237.0,19:52:39 664
任务4, 开始
+1,296.0,152.0,72.0,190.0,19:52:45 475
0,111.0,104.0,111.0,104.0,19:52:48 997
系统设置,0,0,0,0,19:52:49 035
-1,120.0,183.0,268.08038,185.0,19:52:53 306
+1,263.0,166.0,15.0,182.0,19:52:53 828
+2,233.0,68.0,151.0,278.0,19:52:57 558
＊主菜单＊,0,0,0,0,19:52:57 595
0,235.0,96.0,235.0,96.0,19:53:01 078
自带导航,0,0,0,0,19:53:01 128
-1,118.0,169.0,215.0,171.0,19:53:18 087
+2,184.0,98.0,150.82178,269.54172,19:53:19 232
＊主菜单＊,0,0,0,0,19:53:19 268
任务4, 结束
任务5, 开始
0,99.0,117.0,99.0,117.0,19:53:33 011
系统设置,0,0,0,0,19:53:33 053
任务5, 结束
＊＊＊＊＊＊＊＊＊＊＊＊＊＊＊＊＊＊＊＊＊＊＊＊＊＊＊＊＊＊
