任务1, 开始
+2,230.0,45.0,163.16377,292.48135,14:22:52 962
＊主菜单＊,0,0,0,0,14:22:52 993
+1,300.0,160.0,81.93699,227.658,14:22:55 330
-1,138.0,165.0,287.0,137.0,14:22:57 642
+1,301.0,155.0,48.0,216.0,14:22:57 851
+1,299.0,170.0,43.06611,239.2388,14:22:57 994
+1,307.0,176.0,25.5,237.5,14:22:58 353
+1,307.0,167.0,60.0,229.0,14:22:59 408
0,101.0,116.0,101.0,116.0,14:22:59 975
系统设置,0,0,0,0,14:23:00 023
任务1, 结束
+2,182.0,33.0,141.55724,294.57483,14:23:10 172
＊主菜单＊,0,0,0,0,14:23:10 266
任务2, 开始
-1,29.0,160.0,256.0,174.0,14:23:14 882
-1,39.0,184.0,294.0,150.0,14:23:15 418
-1,43.0,181.0,282.57724,156.2687,14:23:16 101
-1,31.0,165.0,294.0,136.0,14:23:16 881
-1,21.0,177.0,302.80582,154.60194,14:23:17 533
-1,21.0,174.0,301.48004,152.076,14:23:18 405
0,103.0,98.0,103.0,98.0,14:23:20 093
健康运动,0,0,0,0,14:23:20 130
+1,288.0,184.0,29.314806,190.4137,14:23:22 590
-1,70.0,180.0,336.3416,177.0,14:23:23 135
+1,239.0,144.0,-4.0,161.5,14:23:25 590
+1,259.0,178.0,17.868862,175.8552,14:23:25 845
+1,280.0,174.0,29.079319,181.9673,14:23:26 566
+1,282.0,182.0,39.27566,190.48277,14:23:28 090
任务2, 结束
任务3, 开始
+2,223.0,55.0,142.0,279.5,14:23:34 421
＊主菜单＊,0,0,0,0,14:23:34 499
+1,306.0,161.0,36.0,223.0,14:23:36 432
+1,305.0,174.0,132.0,207.0,14:23:37 010
+1,273.0,164.0,165.0,188.0,14:23:38 682
-1,69.0,191.0,262.0,144.0,14:23:39 304
0,224.0,225.0,224.0,225.0,14:23:39 341
支付宝,0,0,0,0,14:23:39 378
任务3, 结束
任务4, 开始
+2,218.0,40.0,173.21756,305.09348,14:23:51 615
＊主菜单＊,0,0,0,0,14:23:51 660
0,108.0,104.0,108.0,104.0,14:23:55 601
电话,0,0,0,0,14:23:55 640
+1,306.0,152.0,121.0,198.0,14:23:57 613
-1,84.0,187.0,279.68304,137.95082,14:23:59 091
+2,208.0,28.0,140.91487,297.7141,14:23:59 910
＊主菜单＊,0,0,0,0,14:23:59 967
-1,120.0,178.0,293.0,137.0,14:24:03 741
+1,294.0,161.0,76.0,225.0,14:24:04 050
-1,88.0,182.0,271.0,146.0,14:24:05 208
-1,74.0,192.0,292.0,116.0,14:24:05 334
0,215.0,101.0,215.0,101.0,14:24:05 453
微信,0,0,0,0,14:24:05 559
+1,307.0,162.0,88.0,199.0,14:24:08 304
+1,304.0,162.0,102.0,212.0,14:24:09 567
+1,248.0,168.0,81.9567,227.14238,14:24:10 594
+1,258.0,175.0,135.30176,197.00677,14:24:11 383
+2,180.0,29.0,103.22894,296.31317,14:24:13 080
＊主菜单＊,0,0,0,0,14:24:13 122
0,103.0,228.0,103.0,228.0,14:24:16 206
短信息,0,0,0,0,14:24:16 294
+1,271.0,177.0,163.43086,199.47118,14:24:19 226
-1,77.0,230.0,313.79572,141.62401,14:24:21 087
+2,225.0,50.0,166.16324,292.73276,14:24:21 597
＊主菜单＊,0,0,0,0,14:24:21 636
0,102.0,111.0,102.0,111.0,14:24:23 611
腾讯QQ,0,0,0,0,14:24:23 652
+1,288.0,151.0,81.62007,209.68996,14:24:26 016
+1,300.0,150.0,73.076935,226.92307,14:24:27 092
+2,202.0,32.0,155.16606,282.79608,14:24:28 381
＊主菜单＊,0,0,0,0,14:24:28 548
+2,202.0,28.0,138.0,273.0,14:24:30 317
-1,180.0,174.0,303.2394,145.0,14:24:32 239
-1,177.0,169.0,309.0,157.0,14:24:33 016
+1,247.0,174.0,106.5,210.0,14:24:33 791
-1,173.0,181.0,302.8103,147.69296,14:24:34 254
-1,78.0,193.0,297.0,140.0,14:24:34 952
+1,306.0,161.0,67.0,226.0,14:24:35 868
0,208.0,223.0,208.0,223.0,14:24:36 289
邮箱,0,0,0,0,14:24:36 380
+1,305.0,161.0,162.13747,179.79326,14:24:39 090
+1,297.0,169.0,114.0,199.5,14:24:41 117
+1,263.0,176.0,157.0,208.0,14:24:43 118
+1,302.0,173.0,122.55603,217.72198,14:24:44 117
+1,303.0,171.0,135.0,232.0,14:24:45 092
+1,298.0,181.0,140.92148,237.70932,14:24:46 049
+2,200.0,27.0,149.8382,237.14835,14:24:47 594
＊主菜单＊,0,0,0,0,14:24:47 639
+1,263.0,172.0,130.0,217.0,14:24:52 227
0,219.0,101.0,219.0,101.0,14:24:52 267
联系人,0,0,0,0,14:24:52 304
+1,293.0,105.0,132.13501,194.54996,14:24:54 092
+2,216.0,44.0,181.82428,271.55612,14:24:54 143
＊主菜单＊,0,0,0,0,14:24:54 173
+1,271.0,164.0,177.0,186.0,14:24:56 200
+1,271.0,161.0,166.0,190.0,14:24:57 008
+1,303.0,156.0,181.0,182.0,14:24:59 104
+1,276.0,155.0,147.0,199.0,14:24:59 266
+1,307.0,149.0,184.0,189.0,14:25:00 451
任务4, 结束
任务5, 开始
-1,45.0,188.0,330.0,137.0,14:25:10 747
-1,57.0,218.0,304.0,181.0,14:25:10 905
-1,53.0,196.0,291.0,136.0,14:25:11 869
0,101.0,220.0,101.0,220.0,14:25:13 620
视频,0,0,0,0,14:25:13 661
+1,300.0,185.0,90.69026,228.90936,14:25:15 601
任务5, 结束
＊＊＊＊＊＊＊＊＊＊＊＊＊＊＊＊＊＊＊＊＊＊＊＊＊＊＊＊＊＊
