任务1, 开始
+1,301.0,156.0,61.0,193.0,14:13:36 567
+1,293.0,186.0,55.5,241.5,14:13:37 714
-1,71.0,193.0,293.0,156.0,14:13:38 164
-1,54.0,217.0,316.62497,176.445,14:13:39 233
-1,47.0,223.0,280.0,171.0,14:13:40 432
-1,45.0,216.0,301.0,181.0,14:13:42 643
-1,54.0,232.0,304.0,157.0,14:13:42 807
-1,46.0,223.0,262.0,139.0,14:13:45 137
0,218.0,230.0,218.0,230.0,14:13:45 257
国际象棋,0,0,0,0,14:13:45 293
+1,294.0,157.0,34.34881,232.3692,14:13:48 113
任务1, 结束
任务2, 开始
+2,185.0,32.0,107.82299,294.53104,14:13:56 557
＊主菜单＊,0,0,0,0,14:13:56 608
+1,298.0,182.0,38.5,230.0,14:13:58 720
+1,303.0,182.0,66.0,185.0,14:13:59 583
+1,297.0,189.0,26.5,236.5,14:14:00 346
0,218.0,229.0,218.0,229.0,14:14:02 561
相册,0,0,0,0,14:14:02 621
+1,305.0,177.0,77.94235,173.5241,14:14:04 933
+1,305.0,169.0,81.10635,197.71484,14:14:08 053
-1,55.0,221.0,311.48386,135.65506,14:14:08 092
-1,46.0,222.0,334.27985,154.03088,14:14:08 129
+1,267.0,177.0,25.793339,196.18495,14:14:09 539
+1,269.0,166.0,36.381775,232.60767,14:14:10 216
任务2, 结束
任务3, 开始
+2,226.0,65.0,145.44972,281.07278,14:14:20 659
＊主菜单＊,0,0,0,0,14:14:20 713
+1,307.0,173.0,93.0,217.0,14:14:23 444
+1,301.0,177.0,58.0,222.0,14:14:25 180
0,100.0,222.0,100.0,222.0,14:14:25 740
天气,0,0,0,0,14:14:25 782
+1,302.0,177.0,65.0,227.0,14:14:30 778
+1,304.0,176.0,98.158485,232.97507,14:14:32 531
+1,224.0,185.0,69.5,233.0,14:14:33 055
-1,53.0,214.0,295.5391,140.77196,14:14:34 038
-1,59.0,233.0,302.40338,150.76257,14:14:35 055
-1,67.0,252.0,282.7466,161.35287,14:14:35 410
任务3, 结束
任务4, 开始
+2,222.0,51.0,147.778,301.24774,14:14:44 555
＊主菜单＊,0,0,0,0,14:14:44 598
+2,180.0,33.0,134.0,279.0,14:14:46 102
+1,300.0,167.0,29.068192,234.93144,14:14:46 627
0,82.0,142.0,82.0,142.0,14:14:48 192
0,97.0,101.0,97.0,101.0,14:14:49 549
系统设置,0,0,0,0,14:14:49 587
+1,307.0,174.0,48.715866,228.50525,14:14:53 050
-2,119.0,282.0,139.41838,74.13059,14:14:53 560
+2,217.0,38.0,160.0,285.0,14:15:02 035
＊主菜单＊,0,0,0,0,14:15:02 116
+1,298.0,153.0,78.0,180.0,14:15:04 856
-1,57.0,205.0,265.0,131.0,14:15:05 521
-1,82.0,207.0,307.0,141.0,14:15:06 437
-1,55.0,214.0,315.37823,166.02705,14:15:07 369
-1,76.0,208.0,324.93604,151.30399,14:15:08 113
-1,68.0,216.0,299.0,147.0,14:15:08 891
-1,71.0,225.0,288.0,142.0,14:15:11 043
-1,64.0,200.0,302.0,139.0,14:15:11 242
+1,301.0,174.0,25.0,245.5,14:15:13 679
+1,280.0,198.0,59.0,199.0,14:15:14 034
0,215.0,96.0,215.0,96.0,14:15:14 850
联系人,0,0,0,0,14:15:15 125
+1,300.0,177.0,28.873978,241.87302,14:15:17 540
+1,302.0,165.0,29.068192,225.55205,14:15:17 589
+1,304.0,176.0,35.152203,246.84444,14:15:17 935
+2,202.0,46.0,131.58177,279.3528,14:15:19 017
＊主菜单＊,0,0,0,0,14:15:19 550
+2,192.0,30.0,118.0,277.0,14:15:20 293
+1,295.0,182.0,21.0,212.0,14:15:20 796
+1,281.0,169.0,31.352827,186.7227,14:15:21 382
任务4, 结束
任务5, 开始
+2,190.0,33.0,92.486046,287.45078,14:15:29 246
+1,297.0,179.0,82.0,190.0,14:15:29 692
+1,301.0,182.0,29.029594,234.1945,14:15:30 286
+1,293.0,180.0,97.0,193.0,14:15:31 224
-1,62.0,216.0,299.0,155.0,14:15:31 684
-1,41.0,193.0,270.0,143.0,14:15:32 099
-1,39.0,221.0,246.0,146.0,14:15:32 887
-1,66.0,198.0,274.0,144.0,14:15:33 490
0,93.0,227.0,93.0,227.0,14:15:34 247
新浪微博,0,0,0,0,14:15:34 537
+1,296.0,187.0,71.15614,212.01845,14:15:37 765
-1,73.0,208.0,292.3578,123.69943,14:15:38 315
+1,295.0,183.0,6.3051224,232.93745,14:15:39 548
+1,296.0,187.0,28.29988,236.99396,14:15:40 023
+1,303.0,184.0,39.5,227.0,14:15:44 065
-1,63.0,226.0,310.29926,150.35037,14:15:46 260
任务5, 结束
＊＊＊＊＊＊＊＊＊＊＊＊＊＊＊＊＊＊＊＊＊＊＊＊＊＊＊＊＊＊
