+2,190.0,46.0,135.0,289.39713,14:17:51 052
＊主菜单＊,0,0,0,0,14:17:51 095
任务1, 开始
+1,296.0,181.0,59.81714,246.72858,14:18:08 688
+1,297.0,160.0,31.0,222.0,14:18:08 877
+1,304.0,179.0,90.74513,206.05527,14:18:09 481
+1,302.0,182.0,29.0,198.0,14:18:10 369
0,99.0,110.0,99.0,110.0,14:18:12 049
系统设置,0,0,0,0,14:18:12 087
+2,186.0,25.0,136.6206,296.69025,14:18:15 062
＊主菜单＊,0,0,0,0,14:18:15 571
0,213.0,217.0,213.0,217.0,14:18:17 907
下载,0,0,0,0,14:18:17 966
+1,286.0,163.0,47.0,210.5,14:18:20 114
+1,289.0,175.0,17.494246,230.62932,14:18:20 715
-1,137.0,204.0,300.105,138.34106,14:18:22 068
-1,67.0,231.0,284.0,143.0,14:18:22 560
-1,65.0,224.0,297.55475,135.26166,14:18:22 639
+2,178.0,30.0,113.679565,289.70618,14:18:24 036
＊主菜单＊,0,0,0,0,14:18:24 556
-1,59.0,201.0,286.24078,144.56206,14:18:26 701
-1,51.0,213.0,296.0,163.0,14:18:27 679
-1,72.0,202.0,303.0,178.0,14:18:29 553
-1,79.0,198.0,306.0,133.0,14:18:31 813
-1,49.0,224.0,294.0,149.0,14:18:34 096
-1,80.0,180.0,320.35382,150.1202,14:18:34 821
-1,50.0,205.0,312.0,154.0,14:18:35 701
任务1, 结束
任务2, 开始
+1,255.0,190.0,52.0,219.0,14:18:45 210
+1,295.0,186.0,54.0,216.0,14:18:45 656
+1,280.0,165.0,13.038986,229.82684,14:18:46 532
0,98.0,245.0,98.0,245.0,14:18:48 861
0,103.0,229.0,103.0,229.0,14:18:51 214
视频,0,0,0,0,14:18:51 259
+1,305.0,186.0,58.51365,266.8362,14:18:54 567
+1,186.0,205.0,34.5,233.5,14:18:55 118
-1,70.0,216.0,280.65836,205.6269,14:18:55 807
任务2, 结束
任务3, 开始
+2,216.0,47.0,88.46768,274.21387,14:19:03 592
＊主菜单＊,0,0,0,0,14:19:03 637
+2,213.0,30.0,139.0,268.0,14:19:05 137
-1,102.0,210.0,288.15115,107.842804,14:19:05 633
-1,65.0,185.0,310.02325,156.88165,14:19:07 576
-1,66.0,202.0,312.73114,158.0,14:19:07 699
-1,89.0,235.0,324.3416,171.12357,14:19:08 027
-1,51.0,215.0,321.2008,175.29068,14:19:08 927
0,70.0,81.0,70.0,81.0,14:19:09 621
0,119.0,101.0,119.0,101.0,14:19:11 819
健康运动,0,0,0,0,14:19:11 878
+1,297.0,190.0,24.545553,222.9186,14:19:14 072
+1,290.0,175.0,40.193344,222.92674,14:19:14 717
+1,305.0,185.0,43.555565,193.27142,14:19:15 327
+1,290.0,181.0,23.4906,230.83647,14:19:15 914
+1,281.0,188.0,50.064564,197.37717,14:19:16 478
任务3, 结束
任务4, 开始
+2,210.0,35.0,141.11954,280.3875,14:19:27 061
＊主菜单＊,0,0,0,0,14:19:27 118
+1,300.0,179.0,42.0,182.0,14:19:29 764
+1,293.0,193.0,70.0,208.0,14:19:31 675
+1,270.0,179.0,30.0,193.0,14:19:32 511
-1,74.0,205.0,305.0,153.0,14:19:33 321
-1,50.0,178.0,305.0,143.0,14:19:33 826
+1,300.0,180.0,56.0,212.0,14:19:34 833
+1,303.0,185.0,29.017353,239.16573,14:19:35 440
+1,288.0,196.0,85.0,189.0,14:19:36 053
+1,298.0,189.0,41.0,208.0,14:19:37 653
+1,254.0,177.0,99.0,196.0,14:19:39 645
0,221.0,102.0,221.0,102.0,14:19:41 059
自带导航,0,0,0,0,14:19:41 099
+2,218.0,51.0,134.8435,276.73663,14:19:44 010
＊主菜单＊,0,0,0,0,14:19:44 114
-1,29.0,177.0,304.0,137.0,14:19:46 973
-1,67.0,193.0,329.96213,159.04152,14:19:49 201
0,218.0,223.0,218.0,223.0,14:19:51 571
笔记,0,0,0,0,14:19:51 619
+1,301.0,169.0,5.7777023,196.68819,14:19:53 079
+1,284.0,193.0,40.203625,220.41455,14:19:54 061
+2,203.0,55.0,116.75843,290.62134,14:19:56 628
＊主菜单＊,0,0,0,0,14:19:56 671
+2,163.0,47.0,110.0,235.0,14:19:58 108
0,101.0,237.0,101.0,237.0,14:20:00 094
卡包,0,0,0,0,14:20:00 135
+1,288.0,147.0,82.0,183.0,14:20:02 067
+1,291.0,152.0,8.620316,230.05925,14:20:02 517
+1,299.0,143.0,57.171566,186.65543,14:20:03 087
任务4, 结束
0,146.0,22.0,146.0,22.0,14:20:11 164
任务5, 开始
+2,195.0,48.0,129.0,271.0,14:20:17 187
＊主菜单＊,0,0,0,0,14:20:17 300
-1,44.0,183.0,295.0,119.0,14:20:19 709
-1,47.0,220.0,257.0,146.0,14:20:21 584
0,214.0,108.0,214.0,108.0,14:20:23 067
联系人,0,0,0,0,14:20:23 576
+1,306.0,178.0,43.175446,220.94188,14:20:25 054
+1,291.0,160.0,1.0,181.5,14:20:25 441
+1,303.0,174.0,2.0,220.0,14:20:26 156
+1,298.0,186.0,29.01072,213.30974,14:20:27 686
+2,220.0,47.0,110.78251,282.0981,14:20:29 110
＊主菜单＊,0,0,0,0,14:20:29 558
0,236.0,225.0,236.0,225.0,14:20:31 930
支付宝,0,0,0,0,14:20:31 983
+1,291.0,176.0,46.58766,191.84225,14:20:33 851
+2,220.0,45.0,167.0,278.0,14:20:35 580
＊主菜单＊,0,0,0,0,14:20:35 619
+2,178.0,32.0,99.20675,307.0352,14:20:36 052
+1,297.0,183.0,70.0,203.0,14:20:38 241
+1,265.0,144.0,56.403675,195.61124,14:20:39 228
+1,292.0,186.0,80.0,191.0,14:20:40 294
+1,304.0,177.0,61.232864,188.08301,14:20:42 587
-1,52.0,226.0,269.0,148.0,14:20:42 670
-1,47.0,222.0,312.34775,178.64558,14:20:42 783
-1,76.0,216.0,305.0,132.0,14:20:43 555
-1,55.0,211.0,303.0,148.0,14:20:44 046
0,120.0,103.0,120.0,103.0,14:20:46 120
电话,0,0,0,0,14:20:46 155
+1,297.0,166.0,60.041767,217.5009,14:20:48 543
任务5, 结束
＊＊＊＊＊＊＊＊＊＊＊＊＊＊＊＊＊＊＊＊＊＊＊＊＊＊＊＊＊＊
