任务1, 开始
+2,177.0,37.0,183.48456,236.0424,20:04:42 555
+2,184.0,50.0,210.0,256.0,20:04:44 258
+1,268.0,220.0,129.0,213.0,20:04:45 973
+1,280.0,196.0,92.62577,223.16483,20:04:46 256
+1,239.0,184.0,28.0,216.0,20:04:46 762
+1,290.0,175.0,196.0,179.0,20:04:47 429
-1,111.0,196.0,277.0,195.0,20:04:47 753
-1,71.0,152.0,289.0,180.0,20:04:48 275
-1,105.0,168.0,265.18002,145.86584,20:04:48 994
0,96.0,206.0,96.0,206.0,20:04:50 026
视频,0,0,0,0,20:04:50 083
+1,273.0,196.0,118.0,229.0,20:04:52 985
-1,62.0,192.0,234.0,219.0,20:04:53 713
任务1, 结束
任务2, 开始
+1,216.0,55.0,174.48564,174.96725,20:05:00 657
+2,206.0,27.0,217.0,242.0,20:05:01 837
＊主菜单＊,0,0,0,0,20:05:01 897
+1,294.0,175.0,57.0,226.0,20:05:06 219
0,295.0,146.0,295.0,146.0,20:05:07 214
0,111.0,210.0,111.0,210.0,20:05:08 119
卡包,0,0,0,0,20:05:08 161
+1,234.0,181.0,50.374924,201.99681,20:05:11 328
+1,267.0,193.0,35.846916,220.73056,20:05:12 026
+1,294.0,160.0,52.0,193.0,20:05:12 885
+1,290.0,173.0,107.0,181.0,20:05:13 838
+1,273.0,180.0,99.60296,165.39935,20:05:14 591
-1,102.0,154.0,279.46948,195.01677,20:05:14 902
-1,121.0,194.0,288.92236,181.61,20:05:15 253
-1,97.0,153.0,315.169,158.9169,20:05:15 695
-1,98.0,161.0,323.45544,181.97632,20:05:16 323
+2,172.0,67.0,169.97093,266.64252,20:05:16 957
＊主菜单＊,0,0,0,0,20:05:17 025
+1,294.0,181.0,68.0,256.0,20:05:21 786
+1,242.0,183.0,33.0,224.0,20:05:21 978
+1,258.0,165.0,62.0,176.0,20:05:23 788
+1,166.0,175.0,60.0,174.0,20:05:24 427
-1,82.0,159.0,269.0,125.0,20:05:25 718
-1,101.0,151.0,294.0,156.0,20:05:26 560
+1,238.0,179.0,99.0,202.0,20:05:27 430
0,109.0,97.0,109.0,97.0,20:05:28 011
股票,0,0,0,0,20:05:28 053
+1,168.0,171.0,132.0,165.0,20:05:30 487
+1,177.0,193.0,44.0,203.0,20:05:31 199
+1,276.0,189.0,67.0,198.0,20:05:31 622
+1,253.0,214.0,94.240845,231.27603,20:05:31 947
+1,228.0,234.0,105.780785,221.73975,20:05:32 210
+1,220.0,244.0,189.25604,257.176,20:05:32 475
0,170.0,62.0,170.0,62.0,20:05:33 047
+2,216.0,59.0,218.93822,288.40338,20:05:37 642
＊主菜单＊,0,0,0,0,20:05:37 681
-1,95.0,189.0,223.0,194.0,20:05:39 532
-1,136.0,155.0,237.0,170.0,20:05:40 251
-1,169.0,175.0,289.0,177.0,20:05:40 974
0,96.0,185.0,96.0,185.0,20:05:42 942
0,107.0,97.0,107.0,97.0,20:05:43 014
电话,0,0,0,0,20:05:43 088
0,135.0,132.0,135.0,132.0,20:05:47 496
0,255.0,136.0,255.0,136.0,20:05:48 033
+1,291.0,189.0,62.0,210.0,20:05:48 603
任务2, 结束
任务3, 开始
+2,177.0,24.0,210.68988,248.82808,20:05:59 984
＊主菜单＊,0,0,0,0,20:06:00 110
+1,285.0,164.0,63.0,216.0,20:06:04 008
-1,139.0,164.0,303.0,174.0,20:06:06 097
0,219.0,235.0,219.0,235.0,20:06:06 750
支付宝,0,0,0,0,20:06:06 836
+1,275.0,188.0,118.24048,191.44832,20:06:08 981
+1,296.0,177.0,78.27925,192.74416,20:06:09 962
-1,60.0,190.0,306.3452,173.91702,20:06:10 325
+2,181.0,27.0,180.77539,228.33209,20:06:11 015
＊主菜单＊,0,0,0,0,20:06:11 092
-1,143.0,153.0,276.0,195.0,20:06:13 719
-1,148.0,149.0,296.0,143.0,20:06:14 408
+1,289.0,187.0,137.0,187.0,20:06:15 202
+1,288.0,190.0,97.096245,183.89081,20:06:15 595
+1,271.0,181.0,139.0,180.0,20:06:16 223
+1,229.0,143.0,92.0,160.0,20:06:17 114
+1,278.0,180.0,96.0,195.0,20:06:18 401
+1,270.0,190.0,144.0,182.0,20:06:19 552
0,224.0,88.0,224.0,88.0,20:06:20 345
自带导航,0,0,0,0,20:06:20 475
+1,251.0,180.0,69.5,211.5,20:06:22 620
-1,102.0,184.0,307.92996,170.51051,20:06:23 770
+1,262.0,176.0,95.08233,185.09235,20:06:24 192
+1,269.0,211.0,87.85241,203.3834,20:06:24 551
+2,193.0,39.0,197.0,260.0,20:06:30 577
＊主菜单＊,0,0,0,0,20:06:30 671
+1,296.0,166.0,105.0,181.0,20:06:34 466
+1,222.0,164.0,48.0,193.0,20:06:34 877
-1,52.0,173.0,296.0,186.0,20:06:35 350
-1,109.0,178.0,308.8041,202.96735,20:06:37 625
-1,129.0,141.0,305.0,149.0,20:06:40 253
-1,127.0,172.0,264.0,166.0,20:06:41 647
-1,135.0,155.0,289.0,182.0,20:06:43 802
-1,131.0,171.0,286.0,171.0,20:06:46 243
-1,69.0,168.0,190.30588,154.05023,20:06:49 220
-1,141.0,156.0,288.0,153.0,20:06:49 760
+1,278.0,151.0,99.0,158.0,20:06:50 917
+1,268.0,180.0,92.0,213.0,20:06:55 277
+1,253.0,193.0,140.0,216.0,20:06:57 793
+1,240.0,185.0,57.0,226.0,20:07:00 806
+1,288.0,161.0,131.0,163.0,20:07:05 372
0,219.0,229.0,219.0,229.0,20:07:07 178
指南针,0,0,0,0,20:07:07 283
+2,197.0,66.0,196.81,255.31601,20:07:10 703
＊主菜单＊,0,0,0,0,20:07:10 773
+1,282.0,159.0,101.0,177.0,20:07:13 787
+1,229.0,182.0,104.0,178.0,20:07:15 960
0,205.0,106.0,205.0,106.0,20:07:16 516
自带导航,0,0,0,0,20:07:16 559
0,210.0,136.0,210.0,136.0,20:07:18 133
+2,178.0,49.0,175.0,254.0,20:07:19 626
＊主菜单＊,0,0,0,0,20:07:19 720
-1,146.0,160.0,279.0,151.0,20:07:21 834
-1,138.0,139.0,231.0,146.0,20:07:23 595
0,214.0,219.0,214.0,219.0,20:07:25 164
笔记,0,0,0,0,20:07:25 209
+1,255.0,143.0,82.0,159.0,20:07:27 649
+1,236.0,140.0,194.74107,140.0,20:07:28 705
+1,272.0,139.0,70.81647,225.16171,20:07:30 126
+2,188.0,62.0,212.79344,241.46861,20:07:30 741
＊主菜单＊,0,0,0,0,20:07:30 807
0,63.0,202.0,63.0,202.0,20:07:34 508
0,108.0,104.0,108.0,104.0,20:07:34 586
浏览器,0,0,0,0,20:07:34 636
+1,293.0,166.0,163.5039,169.9188,20:07:36 650
+1,283.0,138.0,146.84451,141.74759,20:07:38 250
-1,36.0,148.0,284.0,146.0,20:07:40 126
-1,132.0,108.0,304.1398,102.38304,20:07:40 781
+2,167.0,25.0,178.0,194.0,20:07:41 515
＊主菜单＊,0,0,0,0,20:07:41 680
-1,74.0,185.0,267.0,180.0,20:07:44 290
+1,283.0,155.0,146.36517,145.09795,20:07:44 847
-1,98.0,162.0,303.0,172.0,20:07:45 736
+1,284.0,181.0,232.0,168.0,20:07:47 026
0,101.0,204.0,101.0,204.0,20:07:47 730
卡包,0,0,0,0,20:07:47 768
+1,268.0,183.0,136.0,183.0,20:07:50 136
+1,290.0,162.0,108.0,180.0,20:07:50 627
+1,237.0,151.0,131.0,162.0,20:07:51 393
任务3, 结束
任务4, 开始
+2,186.0,65.0,156.55353,226.13313,20:08:03 663
＊主菜单＊,0,0,0,0,20:08:03 704
-1,99.0,208.0,273.0,207.0,20:08:06 333
-1,89.0,159.0,280.6374,175.03625,20:08:07 257
-1,108.0,164.0,254.0,187.0,20:08:11 004
-1,126.0,154.0,298.0,176.0,20:08:11 870
0,80.0,97.0,80.0,97.0,20:08:12 795
健康运动,0,0,0,0,20:08:12 850
+1,211.0,189.0,94.0,191.0,20:08:14 679
+1,282.0,159.0,73.907295,172.0698,20:08:15 325
+1,241.0,157.0,62.0,216.0,20:08:16 033
+1,264.0,176.0,137.86836,192.29088,20:08:16 583
+1,219.0,173.0,107.0,170.0,20:08:17 092
任务4, 结束
任务5, 开始
+2,181.0,26.0,175.0,253.0,20:08:33 897
＊主菜单＊,0,0,0,0,20:08:34 014
+1,261.0,141.0,124.49515,134.48544,20:08:36 172
+1,293.0,177.0,39.980392,201.11655,20:08:36 904
+1,253.0,191.0,112.0,216.0,20:08:37 843
+1,264.0,193.0,65.0,183.0,20:08:38 353
+1,271.0,206.0,124.0,173.0,20:08:39 784
-1,90.0,218.0,237.82526,228.58728,20:08:40 994
-1,56.0,151.0,285.0,165.0,20:08:41 672
-1,151.0,149.0,241.0,161.0,20:08:42 240
-1,133.0,191.0,267.0,187.0,20:08:42 939
-1,107.0,154.0,255.78616,159.24109,20:08:43 583
+1,288.0,173.0,67.5,191.5,20:08:44 067
+1,244.0,190.0,139.0,175.0,20:08:44 291
+1,266.0,178.0,163.0,188.0,20:08:44 526
+1,280.0,188.0,132.0,180.0,20:08:44 793
+1,290.0,175.0,171.0,182.0,20:08:45 059
+1,261.0,151.0,150.0,145.0,20:08:45 257
0,293.0,166.0,293.0,166.0,20:08:45 838
0,204.0,222.0,204.0,222.0,20:08:46 410
下载,0,0,0,0,20:08:46 469
0,225.0,241.0,225.0,241.0,20:08:47 409
+1,239.0,185.0,46.0,192.5,20:08:48 161
+1,291.0,211.0,90.945496,208.44748,20:08:48 535
+1,229.0,163.0,182.45004,151.6125,20:08:48 880
任务5, 结束
＊＊＊＊＊＊＊＊＊＊＊＊＊＊＊＊＊＊＊＊＊＊＊＊＊＊＊＊＊＊
