任务1, 开始
+2,184.0,87.0,149.0,273.93146,17:54:07 595
＊主菜单＊,0,0,0,0,17:54:07 645
+1,268.0,183.0,87.0,230.0,17:54:10 746
+1,273.0,197.0,65.579346,254.44862,17:54:11 681
+1,283.0,193.0,56.401936,233.24213,17:54:13 085
0,104.0,124.0,104.0,124.0,17:54:14 141
系统设置,0,0,0,0,17:54:14 228
任务1, 结束
任务2, 开始
+2,117.0,57.0,100.10878,211.56487,17:54:29 293
＊主菜单＊,0,0,0,0,17:54:29 377
-1,109.0,219.0,262.0,189.0,17:54:31 846
0,113.0,113.0,113.0,113.0,17:54:33 040
股票,0,0,0,0,17:54:33 082
+1,283.0,200.0,59.61535,269.022,17:54:40 663
+1,274.0,199.0,60.51687,259.68988,17:54:41 665
+1,292.0,203.0,48.103012,265.8277,17:54:42 718
-1,151.0,226.0,302.8789,191.0519,17:54:51 423
-1,101.0,214.0,314.0,178.5,17:54:52 050
-1,133.0,221.0,316.30557,171.12627,17:54:52 767
+1,242.0,194.0,127.0,229.5,17:54:55 287
+1,278.0,188.0,71.0,255.0,17:54:56 131
+1,267.0,204.0,97.0,249.0,17:54:57 131
任务2, 结束
任务3, 开始
+2,198.0,39.0,140.36969,285.03046,17:55:05 879
＊主菜单＊,0,0,0,0,17:55:05 955
-1,136.0,186.0,293.7589,149.4137,17:55:08 230
-1,142.0,195.0,265.0,178.0,17:55:08 730
-1,111.0,196.0,302.0,173.0,17:55:09 181
-1,138.0,210.0,289.0,186.0,17:55:10 000
-1,140.0,194.0,308.0,167.0,17:55:11 037
0,216.0,111.0,216.0,111.0,17:55:11 941
睡眠,0,0,0,0,17:55:12 128
任务3, 结束
任务4, 开始
+2,201.0,71.0,169.06891,284.3105,17:55:23 611
＊主菜单＊,0,0,0,0,17:55:24 143
+1,277.0,196.0,84.0,255.0,17:55:25 369
+1,277.0,198.0,145.0,260.0,17:55:25 927
0,210.0,118.0,210.0,118.0,17:55:26 618
联系人,0,0,0,0,17:55:26 715
+1,279.0,178.0,89.436745,242.83623,17:55:29 633
+1,286.0,191.0,95.97424,267.83646,17:55:30 781
-1,133.0,222.0,307.04745,186.1448,17:55:32 430
+1,280.0,213.0,73.14578,254.84283,17:55:33 060
+1,272.0,190.0,108.0,226.0,17:55:33 730
-1,136.0,226.0,308.45615,212.15465,17:55:38 242
-1,179.0,226.0,292.57788,214.80737,17:55:39 140
-1,181.0,232.0,290.0,217.0,17:55:39 970
+1,269.0,194.0,66.0,246.0,17:55:40 572
+1,264.0,200.0,96.0,226.0,17:55:41 112
+1,241.0,198.0,57.0,243.0,17:55:41 721
任务4, 结束
任务5, 开始
+2,184.0,26.0,176.91931,276.56485,17:55:52 171
＊主菜单＊,0,0,0,0,17:55:52 224
+2,152.0,63.0,168.0,275.0,17:55:55 992
+2,181.0,58.0,144.0,261.0,17:55:56 172
+2,177.0,57.0,179.4095,272.90265,17:55:57 033
+1,285.0,205.0,120.0,257.0,17:55:58 190
0,221.0,112.0,221.0,112.0,17:55:58 840
音乐,0,0,0,0,17:55:58 889
+1,257.0,185.0,31.807722,235.89139,17:56:01 605
+1,277.0,195.0,140.0,237.0,17:56:01 959
任务5, 结束
＊＊＊＊＊＊＊＊＊＊＊＊＊＊＊＊＊＊＊＊＊＊＊＊＊＊＊＊＊＊
