任务1, 开始
+1,295.0,177.0,50.0,229.0,17:45:10 155
+1,297.0,182.0,52.585785,226.89662,17:45:10 633
+1,292.0,176.0,106.0,230.0,17:45:11 831
+1,282.0,191.0,52.0,225.0,17:45:12 689
+1,293.0,172.0,59.0,235.0,17:45:13 438
+1,283.0,177.0,60.0,236.0,17:45:14 723
+1,296.0,170.0,60.0,223.0,17:45:15 881
0,243.0,222.0,243.0,222.0,17:45:16 538
0,230.0,223.0,230.0,223.0,17:45:19 071
下载,0,0,0,0,17:45:19 109
任务1, 结束
任务2, 开始
+2,171.0,63.0,186.89662,273.89697,17:45:32 237
＊主菜单＊,0,0,0,0,17:45:32 310
-1,132.0,174.0,302.0,167.0,17:45:35 179
-1,94.0,182.0,305.49182,167.9235,17:45:35 757
-1,125.0,181.0,319.75916,179.51723,17:45:36 435
-1,134.0,184.0,299.0,166.0,17:45:37 407
-1,135.0,180.0,312.5,176.5,17:45:38 033
-1,134.0,210.0,260.0,188.0,17:45:39 340
-1,137.0,220.0,305.18393,178.4191,17:45:40 194
0,107.0,223.0,107.0,223.0,17:45:41 224
短信息,0,0,0,0,17:45:41 274
+1,285.0,199.0,95.0,259.0,17:45:45 450
+2,208.0,90.0,173.06389,284.9061,17:45:47 120
＊主菜单＊,0,0,0,0,17:45:47 158
0,220.0,230.0,220.0,230.0,17:45:50 200
邮箱,0,0,0,0,17:45:50 261
+1,294.0,176.0,56.34199,229.658,17:45:53 803
+1,295.0,177.0,89.65564,237.91829,17:45:54 906
+1,290.0,179.0,59.91633,239.8552,17:45:56 648
+1,294.0,175.0,94.50609,236.2683,17:45:58 184
+1,283.0,188.0,67.723976,267.89664,17:45:59 363
+1,265.0,194.0,74.327065,238.86917,17:46:00 357
-1,145.0,197.0,307.8645,170.67793,17:46:03 078
-1,140.0,216.0,264.0,195.0,17:46:03 678
-1,124.0,232.0,302.72018,183.35751,17:46:04 501
-1,139.0,224.0,291.0,182.0,17:46:05 992
-1,165.0,194.0,303.0,149.0,17:46:07 608
-1,141.0,199.0,315.29144,167.86378,17:46:08 938
+2,179.0,81.0,178.4404,289.64243,17:46:12 067
＊主菜单＊,0,0,0,0,17:46:12 138
+2,178.0,59.0,164.0,246.0,17:46:13 183
-1,138.0,177.0,302.0,152.0,17:46:15 235
+1,263.0,178.0,97.0,217.0,17:46:16 891
+1,278.0,187.0,63.0,238.0,17:46:17 454
+1,266.0,197.0,107.0,257.0,17:46:18 950
+1,289.0,184.0,86.0,247.0,17:46:19 693
+1,293.0,182.0,99.0,240.0,17:46:21 246
+1,266.0,157.0,100.0,216.0,17:46:22 984
+1,279.0,153.0,121.0,205.0,17:46:24 598
+1,290.0,184.0,80.0,231.0,17:46:25 422
-1,97.0,190.0,331.9806,140.26213,17:46:27 142
-1,137.0,199.0,291.0,185.0,17:46:27 959
-1,113.0,178.0,267.0,156.0,17:46:29 170
任务2, 结束
任务3, 开始
0,224.0,108.0,224.0,108.0,17:46:36 133
音乐,0,0,0,0,17:46:36 181
+1,293.0,175.0,70.0,223.0,17:46:42 544
+1,289.0,183.0,110.73128,227.13437,17:46:44 130
+1,286.0,196.0,68.87546,242.83676,17:46:44 887
任务3, 结束
任务4, 开始
+2,166.0,34.0,134.0,265.5,17:46:52 549
＊主菜单＊,0,0,0,0,17:46:52 694
-1,102.0,180.0,304.0,164.0,17:46:54 790
-1,104.0,194.0,301.0,179.0,17:46:55 348
-1,106.0,213.0,309.01038,185.88113,17:46:55 837
0,222.0,132.0,222.0,132.0,17:46:56 843
睡眠,0,0,0,0,17:46:56 890
+1,270.0,190.0,32.867973,239.34848,17:47:00 066
+1,297.0,178.0,56.0,256.0,17:47:00 830
任务4, 结束
任务5, 开始
+2,144.0,80.0,141.2986,240.39348,17:47:15 586
＊主菜单＊,0,0,0,0,17:47:15 630
+1,304.0,164.0,91.0,217.0,17:47:18 781
+1,303.0,164.0,52.502583,222.51357,17:47:20 236
+1,278.0,191.0,57.071426,264.47958,17:47:21 280
+1,293.0,179.0,90.48291,249.62187,17:47:22 856
0,216.0,223.0,216.0,223.0,17:47:24 013
笔记,0,0,0,0,17:47:24 054
+1,293.0,174.0,55.551685,234.86217,17:47:26 437
+1,278.0,178.0,107.0,223.0,17:47:27 779
任务5, 结束
＊＊＊＊＊＊＊＊＊＊＊＊＊＊＊＊＊＊＊＊＊＊＊＊＊＊＊＊＊＊
