8001,998,0,0,0,0
+2,164.0,101.0,126.52044,292.42706,031553.096
7000,0,0,0,0,031553.12
+2,217.0,49.0,175.59415,282.84097,031556.27
+1,296.0,145.0,110.0,159.0,031557.209
0,104.0,99.0,104.0,99.0,031558.136
7025,0,0,0,0,031558.554
+1,293.0,125.0,17.40247,183.4051,031563.053
+2,177.0,26.0,126.65591,298.3155,031563.67
7000,0,0,0,0,031563.733
0,220.0,223.0,220.0,223.0,031565.665
7028,0,0,0,0,031565.704
+1,240.0,166.0,49.0,216.0,031567.818
+1,302.0,160.0,20.318594,237.50575,031569.556
+1,155.0,173.0,47.294357,259.64023,031570.111
+1,248.0,121.0,33.0,211.0,031570.657
8001,999,0,0,0,0
8002,998,0,0,0,0
+2,187.0,36.0,91.64497,270.59714,031586.358
7000,0,0,0,0,031586.419
-1,117.0,102.0,296.56836,136.2763,031588.676
-1,159.0,106.0,295.0,132.0,031589.129
-1,106.0,148.0,258.0,116.0,031589.927
-1,78.0,207.0,282.0,159.0,031592.134
-1,141.0,135.0,263.0,119.0,031592.796
0,219.0,179.0,219.0,179.0,031595.056
7008,0,0,0,0,031595.096
+2,183.0,32.0,167.17621,286.58676,031597.334
7000,0,0,0,0,031597.37
0,273.0,141.0,273.0,141.0,031597.505
0,76.0,223.0,76.0,223.0,031599.58
0,86.0,233.0,86.0,233.0,031602.557
7007,0,0,0,0,031602.597
+1,246.0,165.0,116.0,172.0,031607.057
+1,252.0,170.0,80.0,189.0,031610.627
+1,268.0,161.0,-11.733013,190.52528,031612.057
-1,105.0,163.0,248.11115,154.29166,031612.097
-1,114.0,186.0,329.18137,167.17294,031613.555
-1,62.0,148.0,303.0,135.0,031615.158
+1,283.0,185.0,82.35642,202.85934,031615.472
+1,291.0,178.0,63.0,217.0,031615.972
+2,193.0,23.0,166.87546,286.18863,031617.582
7000,0,0,0,0,031617.62
0,198.0,208.0,198.0,208.0,031620.566
7008,0,0,0,0,031621.065
+1,292.0,135.0,60.0,194.0,031624.186
+1,284.0,147.0,44.21597,173.10101,031626.056
+1,281.0,138.0,157.0,163.0,031628.054
+1,259.0,141.0,22.64221,187.67366,031628.292
+2,199.0,56.0,183.0,267.0,031628.786
7000,0,0,0,0,031628.954
+2,207.0,60.0,168.0,269.0,031630.728
0,220.0,103.0,220.0,103.0,031631.308
7006,0,0,0,0,031631.338
+1,236.0,170.0,23.097466,225.15924,031637.36
+1,279.0,108.0,55.0,184.0,031638.563
+1,289.0,140.0,40.21782,206.94818,031640.033
+1,276.0,124.0,53.0,190.0,031640.744
+1,276.0,146.0,104.0,185.0,031642.567
+2,224.0,39.0,188.00153,283.3236,031642.605
7000,0,0,0,0,031642.645
0,93.0,100.0,93.0,100.0,031644.216
7005,0,0,0,0,031644.305
8002,999,0,0,0,0
8003,998,0,0,0,0
+2,170.0,59.0,174.48636,251.69475,031657.514
7000,0,0,0,0,031657.558
+2,190.0,44.0,103.88738,297.27097,031658.213
-1,31.0,137.0,238.9045,192.27321,031658.753
-1,92.0,183.0,267.86353,133.72562,031658.997
-1,145.0,222.0,245.0,217.0,031659.438
-1,137.0,178.0,273.0,152.0,031659.699
-1,120.0,203.0,261.0,211.0,031660.06
+1,295.0,134.0,68.0,240.0,031665.193
+1,286.0,128.0,45.0,236.0,031667.248
+1,288.0,158.0,105.0,197.0,031671.144
+1,266.0,113.0,86.0,187.0,031672.785
+1,254.0,190.0,77.0,228.0,031674.594
-1,68.0,171.0,268.0,151.0,031675.348
-1,100.0,189.0,216.0,179.0,031676.309
-1,109.0,156.0,269.0,193.0,031679.625
0,219.0,229.0,219.0,229.0,031681.672
7012,0,0,0,0,031681.74
+1,293.0,186.0,145.0,186.0,031684.436
+1,280.0,150.0,53.654697,200.1382,031686.061
+1,242.0,175.0,55.0,210.0,031687.263
-1,90.0,149.0,255.0,146.0,031688.082
-1,130.0,181.0,252.0,166.0,031688.566
+1,269.0,154.0,20.74899,178.78279,031689.215
+1,253.0,178.0,137.0,197.0,031689.676
+2,179.0,37.0,182.0,258.0,031690.015
7000,0,0,0,0,031690.07
-1,183.0,144.0,293.0,153.0,031692.609
-1,89.0,184.0,237.24493,204.43967,031695.319
+1,237.0,148.0,102.0,226.0,031697.878
+1,266.0,102.0,94.0,187.0,031698.303
+1,290.0,114.0,57.0,219.0,031699.114
+1,270.0,137.0,49.0,219.0,031704.146
0,95.0,258.0,95.0,258.0,031705.655
0,102.0,186.0,102.0,186.0,031706.217
7019,0,0,0,0,031706.26
+1,268.0,113.0,106.0,189.0,031712.539
+1,285.0,114.0,72.53343,206.41983,031713.307
+1,296.0,142.0,53.0,232.0,031715.543
+1,287.0,103.0,49.0,225.0,031717.063
+1,234.0,154.0,47.898434,232.89919,031717.706
-1,132.0,186.0,219.09805,165.34628,031719.058
-1,139.0,182.0,278.0,163.0,031721.258
-1,129.0,189.0,262.0,186.0,031722.545
-1,150.0,149.0,301.0,160.0,031723.544
8003,999,0,0,0,0
8004,998,0,0,0,0
+2,148.0,15.0,106.034454,258.06927,031730.539
7000,0,0,0,0,031730.604
-1,148.0,165.0,310.13416,194.76257,031732.666
0,218.0,97.0,218.0,97.0,031734.066
7014,0,0,0,0,031734.553
+1,299.0,140.0,7.92671,208.11388,031736.067
+1,274.0,169.0,35.27836,188.9276,031737.554
+1,298.0,176.0,43.0,188.0,031739.073
-1,156.0,206.0,258.0,204.0,031739.105
8004,999,0,0,0,0
8005,998,0,0,0,0
+2,199.0,27.0,131.89438,284.27533,031746.074
7000,0,0,0,0,031746.583
-1,94.0,186.0,223.13063,182.10164,031748.125
-1,86.0,163.0,254.0,176.0,031748.27
-1,144.0,170.0,293.0,153.0,031749.664
0,90.0,141.0,90.0,141.0,031753.059
0,108.0,72.0,108.0,72.0,031755.062
7001,0,0,0,0,031755.1
+1,274.0,104.0,153.0,148.0,031759.156
+1,278.0,176.0,67.78138,261.3522,031760.525
+1,286.0,176.0,38.8788,196.94173,031761.06
8005,999,0,0,0,0
66666666666666666666
