+2,100.0,48.0,126.40818,233.40036,136431.104
7000,0,0,0,0,136431.148
8001,998,0,0,0,0
+1,272.0,185.0,79.77145,202.43011,136443.167
+1,268.0,154.0,51.0,198.0,136444.299
+1,282.0,161.0,53.0,201.0,136445.455
+1,278.0,164.0,90.0,159.0,136447.251
+1,256.0,160.0,22.0,152.0,136448.264
+1,262.0,138.0,25.0,153.0,136449.46
0,219.0,248.0,219.0,248.0,136450.075
0,215.0,231.0,215.0,231.0,136452.597
7028,0,0,0,0,136452.635
+1,284.0,159.0,48.520866,187.0,136455.733
+1,213.0,145.0,81.0,138.0,136458.783
+1,272.0,154.0,35.0,176.0,136460.189
8001,999,0,0,0,0
8002,998,0,0,0,0
+2,181.0,90.0,200.75879,299.1041,136486.834
7000,0,0,0,0,136486.915
-1,149.0,151.0,271.0,139.0,136488.931
-1,138.0,161.0,261.0,142.0,136489.633
-1,124.0,162.0,272.0,132.0,136490.208
-1,135.0,182.0,303.0,170.0,136491.095
-1,116.0,207.0,306.0,170.0,136492.405
+1,221.0,139.0,56.0,223.0,136493.104
0,213.0,128.0,213.0,128.0,136493.693
7010,0,0,0,0,136493.816
+1,304.0,165.0,75.0,184.0,136496.65
+1,256.0,150.0,39.0,157.0,136497.214
+1,275.0,185.0,20.458776,160.93987,136498.057
+1,257.0,155.0,17.519,210.658,136499.782
+1,271.0,153.0,66.0,180.0,136500.604
-1,137.0,173.0,313.7411,139.38188,136502.408
-1,133.0,194.0,261.0,159.0,136503.688
-1,90.0,201.0,231.0,155.0,136504.532
-1,90.0,184.0,261.0,154.0,136505.481
+2,178.0,83.0,191.0,286.5,136506.549
7000,0,0,0,0,136506.668
-1,99.0,171.0,263.0,179.0,136509.347
0,109.0,217.0,109.0,217.0,136510.888
7007,0,0,0,0,136510.929
+1,297.0,177.0,41.0,208.0,136513.568
+1,274.0,179.0,57.176727,169.6471,136515.015
+1,275.0,179.0,105.70875,221.45625,136515.795
+2,160.0,121.0,166.33028,295.95087,136518.59
7000,0,0,0,0,136518.633
-1,120.0,193.0,237.0,182.0,136520.22
-1,102.0,223.0,303.0,173.0,136522.764
+1,294.0,164.0,42.0,223.0,136524.715
+1,265.0,184.0,40.064255,203.22061,136526.216
-1,118.0,180.0,295.0,151.0,136527.678
0,216.0,223.0,216.0,223.0,136528.234
7008,0,0,0,0,136528.345
+1,277.0,179.0,59.0,190.0,136531.591
+1,291.0,183.0,26.0,167.0,136533.194
+1,277.0,181.0,140.68095,138.90099,136534.386
+1,292.0,165.0,43.00969,149.57722,136535.543
+1,269.0,184.0,26.0,223.0,136536.368
+1,270.0,181.0,42.0,189.0,136537.207
0,185.0,111.0,185.0,111.0,136537.772
0,227.0,143.0,227.0,143.0,136539.591
0,221.0,166.0,221.0,166.0,136540.501
0,221.0,148.0,221.0,148.0,136541.06
0,218.0,133.0,218.0,133.0,136541.832
0,227.0,171.0,227.0,171.0,136542.334
+2,142.0,106.0,135.89122,309.24902,136542.797
7000,0,0,0,0,136542.95
+1,280.0,171.0,54.0,135.0,136545.763
0,101.0,112.0,101.0,112.0,136546.944
7009,0,0,0,0,136546.985
0,136.0,153.0,136.0,153.0,136549.873
0,225.0,145.0,225.0,145.0,136551.225
0,218.0,141.0,218.0,141.0,136552.111
0,175.0,145.0,175.0,145.0,136552.62
0,142.0,139.0,142.0,139.0,136553.007
+1,263.0,147.0,36.436382,156.47198,136553.896
8002,999,0,0,0,0
8003,998,0,0,0,0
+2,162.0,98.0,141.97292,282.66345,136571.065
7000,0,0,0,0,136571.106
-1,83.0,153.0,304.40417,135.05006,136573.2229999999
-1,139.0,182.0,244.98521,156.06744,136574.69
+1,258.0,109.0,100.0,142.0,136575.517
+1,246.0,140.0,25.0,147.0,136576.02
+1,239.0,141.0,24.0,178.0,136576.374
+1,260.0,137.0,56.0,143.0,136577.962
+1,267.0,143.0,55.0,122.0,136579.426
+1,242.0,138.0,20.0,160.0,136581.132
+1,294.0,158.0,64.0,131.0,136583.04
-1,116.0,192.0,289.0,156.0,136584.873
-1,106.0,185.0,226.0,151.0,136585.613
-1,136.0,155.0,294.0,130.0,136586.675
0,94.0,262.0,94.0,262.0,136587.482
0,115.0,217.0,115.0,217.0,136588.592
7015,0,0,0,0,136588.711
+1,266.0,157.0,13.608116,184.23743,136595.091
-1,96.0,193.0,252.5531,148.73717,136595.213
8003,999,0,0,0,0
8004,998,0,0,0,0
+2,173.0,75.0,168.0,294.93674,136608.728
7000,0,0,0,0,136608.801
-1,65.0,186.0,299.57486,146.28836,136611.64
-1,83.0,177.0,294.0,141.0,136612.291
+1,290.0,151.0,26.0,150.0,136613.26
+1,290.0,149.0,35.0,151.0,136613.963
+1,288.0,141.0,59.0,119.0,136614.958
+1,215.0,152.0,37.0,145.0,136618.064
+1,289.0,146.0,78.0,140.0,136619.809
0,197.0,116.0,197.0,116.0,136620.788
7026,0,0,0,0,136620.883
+1,269.0,131.0,43.442898,102.15181,136625.635
+1,298.0,153.0,49.055603,144.0556,136626.15
-2,153.0,267.0,156.87244,-8.343925,136626.485
+2,174.0,62.0,126.55086,294.3001,136626.842
7000,0,0,0,0,136626.933
+1,262.0,154.0,53.0,155.0,136629.738
+1,243.0,146.0,44.0,177.0,136630.284
-1,103.0,202.0,287.0,184.0,136630.781
-1,99.0,156.0,269.18845,173.49329,136634.961
0,98.0,110.0,98.0,110.0,136635.927
7017,0,0,0,0,136636.038
+1,290.0,149.0,40.0,135.0,136639.132
+1,211.0,145.0,34.0,147.0,136640.099
-1,95.0,166.0,313.8613,124.92931,136641.876
-1,60.0,177.0,285.0,137.0,136642.771
+2,177.0,94.0,161.0,304.41702,136643.252
7000,0,0,0,0,136643.403
0,105.0,198.0,105.0,198.0,136649.119
7019,0,0,0,0,136649.162
+1,275.0,148.0,61.65069,169.37799,136650.628
+1,293.0,142.0,54.09267,110.03089,136651.632
+1,276.0,140.0,57.0,117.0,136652.77
8004,999,0,0,0,0
8005,998,0,0,0,0
+2,178.0,62.0,183.28192,278.2984,136669.046
7000,0,0,0,0,136669.127
-1,141.0,144.0,266.79114,145.49002,136672.2
-1,129.0,139.0,312.09668,137.87868,136672.272
-1,102.0,174.0,256.0,139.0,136672.731
-1,135.0,143.0,252.0,134.0,136673.606
0,103.0,112.0,103.0,112.0,136674.744
7001,0,0,0,0,136674.783
+1,258.0,165.0,29.0,148.0,136678.328
+1,283.0,149.0,26.596474,140.5469,136679.284
+1,264.0,140.0,56.0,122.0,136679.933
+1,244.0,171.0,29.0,171.0,136680.496
+1,289.0,153.0,58.0,148.0,136681.15
8005,999,0,0,0,0
66666666666666666666
