8001,998,0,0,0,0
+1,279.0,200.0,95.0,190.0,034697.193
+1,286.0,176.0,57.0,145.0,034697.747
+1,289.0,150.0,51.0,169.0,034699.212
+1,287.0,169.0,60.0,192.0,034699.716
+1,280.0,174.0,47.12513,178.66965,034701.607
+1,294.0,148.0,48.0,173.0,034702.112
+1,261.0,159.0,14.0,182.0,034704.225
-1,145.0,173.0,235.0,181.0,034704.335
-1,99.0,140.0,276.0,131.0,034704.698
-1,96.0,143.0,272.0,126.0,034705.534
-1,74.0,181.0,261.0,162.0,034707.175
-1,96.0,177.0,299.0,143.0,034707.704
-1,62.0,185.0,224.0,155.0,034708.224
-1,130.0,160.0,263.0,142.0,034710.2229999999
+1,273.0,150.0,22.0,178.0,034710.987
+1,267.0,153.0,27.138374,188.43517,034713.112
+1,289.0,147.0,12.0,168.0,034715.684
0,78.0,231.0,78.0,231.0,034716.354
0,114.0,226.0,114.0,226.0,034718.108
7015,0,0,0,0,034718.151
+1,263.0,151.0,46.934105,174.28096,034720.104
8001,999,0,0,0,0
8002,998,0,0,0,0
+2,135.0,29.0,134.228,286.87302,034747.038
7000,0,0,0,0,034747.078
-1,86.0,206.0,305.2189,185.53004,034749.846
-1,84.0,174.0,304.66638,146.98552,034750.708
-1,73.0,179.0,293.0,146.0,034751.555
0,109.0,91.0,109.0,91.0,034753.101
7001,0,0,0,0,034753.609
+1,271.0,147.0,34.0,171.0,034758.341
+1,295.0,142.0,42.120888,147.6453,034762.741
+1,307.0,162.0,73.0,122.5,034763.586
8002,999,0,0,0,0
8003,998,0,0,0,0
+2,200.0,44.0,213.0,282.0,034782.647
7000,0,0,0,0,034782.689
+1,259.0,134.0,63.3078,165.76923,034785.832
0,201.0,115.0,201.0,115.0,034785.932
7006,0,0,0,0,034785.993
0,132.0,125.0,132.0,125.0,034794.606
0,211.0,106.0,211.0,106.0,034796.42
0,222.0,108.0,222.0,108.0,034797.582
0,183.0,110.0,183.0,110.0,034798.101
0,205.0,110.0,205.0,110.0,034798.605
0,226.0,122.0,226.0,122.0,034799.228
0,166.0,104.0,166.0,104.0,034799.547
0,136.0,105.0,136.0,105.0,034800.117
+1,294.0,144.0,116.38859,111.30715,034802.889
+1,290.0,134.0,106.54391,91.32635,034805.086
+1,272.0,143.0,130.81015,129.67957,034809.688
+1,285.0,129.0,112.48241,116.2412,034811.27
-1,110.0,107.0,311.00742,162.25557,034812.605
-1,103.0,104.0,294.28238,94.0,034813.582
-1,119.0,145.0,307.8715,156.3957,034820.604
-1,129.0,135.0,321.83585,141.0,034823.363
-1,103.0,137.0,276.45126,112.93741,034824.137
8003,999,0,0,0,0
8004,998,0,0,0,0
+2,175.0,66.0,142.52338,289.14923,034840.153
7000,0,0,0,0,034840.194
-1,79.0,149.0,283.0,138.0,034842.635
-1,85.0,156.0,291.7178,146.66832,034842.921
-1,68.0,142.0,323.5929,127.20476,034843.53
+1,293.0,107.0,61.0,100.0,034845.187
+1,268.0,118.0,15.864929,121.03089,034845.692
+1,269.0,131.0,27.0,135.0,034846.107
+1,267.0,139.0,91.0,143.0,034847.354
+1,269.0,145.0,101.0,136.0,034848.239
+1,283.0,143.0,55.0,111.0,034849.187
0,99.0,104.0,99.0,104.0,034849.99
7025,0,0,0,0,034850.049
8004,999,0,0,0,0
8005,998,0,0,0,0
+2,139.0,48.0,137.39517,264.0762,034866.133
7000,0,0,0,0,034866.174
+1,303.0,162.0,116.0,139.0,034870.729
+1,277.0,152.0,70.0,120.0,034871.202
0,223.0,113.0,223.0,113.0,034875.668
7026,0,0,0,0,034875.72
+1,291.0,137.0,69.34418,132.12987,034879.797
-2,196.0,192.0,176.37851,15.10742,034880.451
+2,172.0,41.0,224.53493,302.3896,034882.114
7000,0,0,0,0,034882.165
0,119.0,124.0,119.0,124.0,034883.608
7025,0,0,0,0,034884.116
-2,89.0,185.0,192.0,19.0,034886.613
-2,111.0,228.0,139.0,28.720573,034886.987
-2,58.0,189.0,163.91025,18.903511,034887.459
+2,102.0,58.0,171.86917,281.48364,034887.68
7000,0,0,0,0,034887.791
+2,128.0,70.0,177.03482,290.13818,034888.264
-1,118.0,151.0,263.08652,141.77838,034890.721
-1,96.0,177.0,316.0649,150.52518,034894.207
-1,98.0,154.0,287.34488,175.48636,034896.234
-1,117.0,125.0,289.0,129.0,034897.442
-1,95.0,158.0,272.40216,135.85979,034899.656
-1,103.0,136.0,292.0,108.0,034899.916
-1,99.0,142.0,303.0,159.0,034902.215
-1,90.0,139.0,288.0,108.0,034902.397
0,101.0,136.0,101.0,136.0,034908.137
7001,0,0,0,0,034908.177
+1,265.0,153.0,28.44062,141.06009,034910.137
+1,272.0,114.0,68.43494,96.39664,034911.001
+1,268.0,114.0,100.57259,96.89315,034912.617
+1,271.0,109.0,108.42759,106.57135,034913.616
+1,278.0,116.0,52.0,99.0,034915.133
+1,294.0,145.0,89.819626,98.819626,034919.139
+1,256.0,142.0,92.53914,125.48668,034919.206
+2,146.0,22.0,182.86476,295.39722,034919.732
7000,0,0,0,0,034919.778
+1,259.0,157.0,55.59595,99.86464,034922.066
+1,277.0,151.0,103.59804,95.98399,034923.673
+1,290.0,147.0,101.0,109.0,034925.634
+1,267.0,138.0,135.0,98.0,034925.796
+1,275.0,139.0,146.0,124.0,034927.764
0,118.0,216.0,118.0,216.0,034932.14
7023,0,0,0,0,034932.179
+1,259.0,117.0,83.38912,108.455025,034934.73
+1,269.0,134.0,102.0,126.0,034936.252
+1,261.0,131.0,82.64884,106.41329,034938.136
+1,242.0,103.0,47.593235,107.59323,034938.176
+1,276.0,142.0,19.57047,154.0,034938.633
+1,261.0,157.0,24.275301,201.93109,034939.438
8005,999,0,0,0,0
66666666666666666666
