8001,998,0,0,0,0	8001,998,0,0,0,0
+1,264.0,174.0,17.6191,206.157,17:34:20983	+1,264.0,174.0,17.6191,206.157,163260.983
+1,269.0,163.0,98.0,189.0,17:34:21615	+1,269.0,163.0,98.0,189.0,163261.615
+1,285.0,171.0,66.0,199.0,17:34:22399	+1,285.0,171.0,66.0,199.0,163262.399
-1,49.0,176.0,310.24634,172.85803,17:34:23092	-1,49.0,176.0,310.24634,172.85803,163263.092
0,111.0,221.0,111.0,221.0,17:34:23824	0,111.0,221.0,111.0,221.0,163263.824
7011,0,0,0,0,17:34:23874	7011,0,0,0,0,163263.874
+1,253.0,177.0,102.78572,187.44543,17:34:27545	+1,253.0,177.0,102.78572,187.44543,163267.545
+1,258.0,177.0,43.63983,233.34004,17:34:28383	+1,258.0,177.0,43.63983,233.34004,163268.383
+1,280.0,175.0,55.0,222.0,17:34:31049	+1,280.0,175.0,55.0,222.0,163271.049
-1,30.0,153.0,316.74692,149.48125,17:34:39470	-1,30.0,153.0,316.74692,149.48125,163279.47
8001,999,0,0,0,0	8001,999,0,0,0,0
-1,61.0,181.0,316.87863,168.93655,17:34:42625	-1,61.0,181.0,316.87863,168.93655,163282.625
-1,104.0,183.0,298.11627,169.0,17:34:45062	-1,104.0,183.0,298.11627,169.0,163285.062
8002,998,0,0,0,0	8002,998,0,0,0,0
+2,172.0,36.0,181.4117,268.352,17:35:00576	+2,172.0,36.0,181.4117,268.352,163300.576
7000,0,0,0,0,17:35:00616	7000,0,0,0,0,163300.616
-1,65.0,202.0,196.0,185.0,17:35:02489	-1,65.0,202.0,196.0,185.0,163302.489
+1,261.0,182.0,66.0,233.0,17:35:03040	+1,261.0,182.0,66.0,233.0,163303.04
+1,238.0,162.0,93.0,220.0,17:35:03291	+1,238.0,162.0,93.0,220.0,163303.291
+1,262.0,165.0,94.0,215.0,17:35:04253	+1,262.0,165.0,94.0,215.0,163304.253
+1,252.0,192.0,86.0,211.0,17:35:05139	+1,252.0,192.0,86.0,211.0,163305.139
0,90.0,229.0,90.0,229.0,17:35:06078	0,90.0,229.0,90.0,229.0,163306.078
7023,0,0,0,0,17:35:06162	7023,0,0,0,0,163306.162
+1,266.0,162.0,102.0,203.0,17:35:10229	+1,266.0,162.0,102.0,203.0,163310.229
+1,238.0,147.0,86.75807,177.87802,17:35:11638	+1,238.0,147.0,86.75807,177.87802,163311.638
+1,264.0,163.0,118.2175,189.69562,17:35:12417	+1,264.0,163.0,118.2175,189.69562,163312.417
+1,276.0,161.0,162.48972,181.45103,17:35:13467	+1,276.0,161.0,162.48972,181.45103,163313.467
-1,26.0,184.0,298.0,159.0,17:35:14820	-1,26.0,184.0,298.0,159.0,163314.82
-1,52.0,204.0,271.0,181.0,17:35:15351	-1,52.0,204.0,271.0,181.0,163315.351
-1,112.0,221.0,264.0,192.0,17:35:18058	-1,112.0,221.0,264.0,192.0,163318.058
+1,295.0,172.0,96.0,186.0,17:35:18228	+1,295.0,172.0,96.0,186.0,163318.228
+1,277.0,181.0,127.0,182.0,17:35:18648	+1,277.0,181.0,127.0,182.0,163318.648
-1,41.0,189.0,234.0,182.0,17:35:20283	-1,41.0,189.0,234.0,182.0,163320.283
-1,30.0,192.0,93.45688,192.0,17:35:20812	-1,30.0,192.0,93.45688,192.0,163320.812
-1,38.0,195.0,213.0,190.0,17:35:22326	-1,38.0,195.0,213.0,190.0,163322.326
8002,999,0,0,0,0	8002,999,0,0,0,0
+2,169.0,74.0,185.88065,285.9884,17:35:31205	+2,169.0,74.0,185.88065,285.9884,163331.205
7000,0,0,0,0,17:35:31273	7000,0,0,0,0,163331.273
8003,998,0,0,0,0	8003,998,0,0,0,0
-1,50.0,224.0,290.0,196.0,17:35:36475	-1,50.0,224.0,290.0,196.0,163336.475
-1,72.0,224.0,267.0,203.0,17:35:37222	-1,72.0,224.0,267.0,203.0,163337.222
0,218.0,220.0,218.0,220.0,17:35:37779	0,218.0,220.0,218.0,220.0,163337.779
7016,0,0,0,0,17:35:37843	7016,0,0,0,0,163337.843
+1,279.0,162.0,131.700004,198.81247,17:35:41164	+1,279.0,162.0,131.700004,198.81247,163341.164
+1,230.0,214.0,133.0,267.0,17:35:43041	+1,230.0,214.0,133.0,267.0,163343.041
+1,267.0,176.0,97.13747,229.24156,17:35:44205	+1,267.0,176.0,97.13747,229.24156,163344.205
-1,108.0,181.0,219.0,168.0,17:35:44779	-1,108.0,181.0,219.0,168.0,163344.779
8003,999,0,0,0,0	8003,999,0,0,0,0
8004,998,0,0,0,0	8004,998,0,0,0,0
+2,178.0,59.0,142.0,280.0,17:35:57020	+2,178.0,59.0,142.0,280.0,163357.02
7000,0,0,0,0,17:35:57095	7000,0,0,0,0,163357.095
+1,266.0,204.0,133.0,227.0,17:36:00198	+1,266.0,204.0,133.0,227.0,163360.198
+1,248.0,195.0,51.0,228.0,17:36:00315	+1,248.0,195.0,51.0,228.0,163360.315
+1,278.0,181.0,95.0,193.0,17:36:00847	+1,278.0,181.0,95.0,193.0,163360.847
0,116.0,139.0,116.0,139.0,17:36:01902	0,116.0,139.0,116.0,139.0,163361.902
0,113.0,114.0,113.0,114.0,17:36:03688	0,113.0,114.0,113.0,114.0,163363.688
7025,0,0,0,0,17:36:03796	7025,0,0,0,0,163363.796
-1,134.0,245.0,183.0,280.0,17:36:06443	-1,134.0,245.0,183.0,280.0,163366.443
+2,195.0,52.0,199.32043,281.7388,17:36:08163	+2,195.0,52.0,199.32043,281.7388,163368.163
7000,0,0,0,0,17:36:08251	7000,0,0,0,0,163368.251
+1,239.0,200.0,65.0,254.0,17:36:09059	+1,239.0,200.0,65.0,254.0,163369.059
0,218.0,130.0,218.0,130.0,17:36:10608	0,218.0,130.0,218.0,130.0,163370.608
7026,0,0,0,0,17:36:10663	7026,0,0,0,0,163370.663
+1,251.0,184.0,139.0,200.0,17:36:13556	+1,251.0,184.0,139.0,200.0,163373.556
0,219.0,144.0,219.0,144.0,17:36:13949	0,219.0,144.0,219.0,144.0,163373.949
0,167.0,243.0,167.0,243.0,17:36:15227	0,167.0,243.0,167.0,243.0,163375.227
+2,163.0,48.0,187.9154,284.06464,17:36:16876	+2,163.0,48.0,187.9154,284.06464,163376.876
7000,0,0,0,0,17:36:16960	7000,0,0,0,0,163376.96
-1,57.0,200.0,270.28778,183.54897,17:36:20005	-1,57.0,200.0,270.28778,183.54897,163380.005
+1,276.0,176.0,63.0,181.0,17:36:21050	+1,276.0,176.0,63.0,181.0,163381.05
0,215.0,229.0,215.0,229.0,17:36:21695	0,215.0,229.0,215.0,229.0,163381.695
7028,0,0,0,0,17:36:21761	7028,0,0,0,0,163381.761
+1,283.0,163.0,113.506836,202.78279,17:36:24564	+1,283.0,163.0,113.506836,202.78279,163384.564
+1,264.0,194.0,112.0,236.0,17:36:24897	+1,264.0,194.0,112.0,236.0,163384.897
+1,277.0,176.0,134.0,223.0,17:36:25615	+1,277.0,176.0,134.0,223.0,163385.615
0,187.0,38.0,187.0,38.0,17:36:28602	0,187.0,38.0,187.0,38.0,163388.602
8004,999,0,0,0,0	8004,999,0,0,0,0
8005,998,0,0,0,0	8005,998,0,0,0,0
+2,153.0,39.0,138.47556,253.16895,17:36:43583	+2,153.0,39.0,138.47556,253.16895,163403.583
7000,0,0,0,0,17:36:43624	7000,0,0,0,0,163403.624
-1,99.0,187.0,134.0,187.0,17:36:44736	-1,99.0,187.0,134.0,187.0,163404.736
-1,61.0,220.0,185.0,193.0,17:36:45082	-1,61.0,220.0,185.0,193.0,163405.082
-1,90.0,198.0,243.0,191.0,17:36:45389	-1,90.0,198.0,243.0,191.0,163405.389
-1,58.0,204.0,228.0,189.0,17:36:45697	-1,58.0,204.0,228.0,189.0,163405.697
-1,54.0,219.0,261.0,199.0,17:36:46333	-1,54.0,219.0,261.0,199.0,163406.333
-1,59.0,201.0,222.0,193.0,17:36:47237	-1,59.0,201.0,222.0,193.0,163407.237
0,222.0,225.0,222.0,225.0,17:36:48566	0,222.0,225.0,222.0,225.0,163408.566
7004,0,0,0,0,17:36:48661	7004,0,0,0,0,163408.661
+1,280.0,163.0,101.0,191.0,17:36:52731	+1,280.0,163.0,101.0,191.0,163412.731
8005,999,0,0,0,0	8005,999,0,0,0,0
66666666666666666666	66666666666666666666
