0,66.0,172.0,66.0,172.0,276028.253
-1,52.0,191.0,222.0,231.0,276029.63
+2,137.0,100.0,175.57182,270.76337,276030.376
7000,0,0,0,0,276030.447
+2,174.0,62.0,210.0,264.0,276031.141
8001,998,0,0,0,0
0,105.0,233.0,105.0,233.0,276037.193
7015,0,0,0,0,276037.236
+1,296.0,191.0,80.39848,242.48488,276039.297
+2,213.0,106.0,210.0,263.0,276041.451
7000,0,0,0,0,276041.559
8001,999,0,0,0,0
8002,998,0,0,0,0
-1,55.0,150.0,299.0,172.0,276052.917
-1,59.0,159.0,276.0,182.0,276053.984
-1,55.0,162.0,297.0,164.0,276055.354
+1,263.0,167.0,100.0,191.0,276056.253
+1,281.0,179.0,82.0,183.0,276057.597
0,194.0,222.0,194.0,222.0,276058.275
7008,0,0,0,0,276058.352
0,219.0,80.0,219.0,80.0,276061.511
+1,293.0,168.0,97.83551,163.18822,276063.371
-1,88.0,185.0,298.0,201.0,276064.494
-2,207.0,225.0,208.0,30.111408,276070.222
+2,213.0,82.0,214.0,258.0,276070.826
7000,0,0,0,0,276070.896
0,221.0,227.0,221.0,227.0,276073.724
7008,0,0,0,0,276073.77
+1,296.0,174.0,127.0,187.0,276075.001
+1,296.0,188.0,55.0,218.0,276076.041
+1,264.0,193.0,43.803246,207.6214,276077.621
+1,292.0,187.0,175.0,181.0,276078.824
-1,96.0,227.0,256.97922,251.34421,276080.321
+1,286.0,181.0,130.40909,185.84492,276084.411
+1,279.0,177.0,42.296684,226.3339,276086.224
+1,264.0,178.0,53.0,224.0,276088.698
-1,72.0,198.0,256.0,219.0,276089.691
-1,95.0,232.0,257.0,181.0,276091.522
8002,999,0,0,0,0
8003,998,0,0,0,0
+2,216.0,58.0,174.93153,293.0203,276098.232
7000,0,0,0,0,276098.27
-1,81.0,196.0,298.0,189.0,276100.253
+1,256.0,178.0,106.0,222.0,276101.463
+1,293.0,161.0,68.0,213.0,276102.139
+1,288.0,156.0,140.0,190.0,276103.348
+1,292.0,170.0,85.0,224.0,276104.532
+1,297.0,179.0,120.0,223.0,276106.499
+1,279.0,185.0,140.0,224.0,276107.648
0,217.0,221.0,217.0,221.0,276108.672
7028,0,0,0,0,276108.737
8003,999,0,0,0,0
8004,998,0,0,0,0
+2,229.0,69.0,224.0,280.0,276122.729
7000,0,0,0,0,276122.77
+2,190.0,28.0,195.0,281.0,276122.979
-1,124.0,188.0,278.21634,180.99098,276125.772
-1,107.0,182.0,283.0,156.0,276126.924
-1,129.0,162.0,305.0,158.0,276127.593
-1,97.0,191.0,251.0,177.0,276128.1
-1,107.0,195.0,307.0,162.0,276128.639
-1,98.0,195.0,266.0,175.0,276129.323
0,138.0,126.0,138.0,126.0,276130.809
7001,0,0,0,0,276130.911
+1,286.0,153.0,92.0,193.0,276137.075
-1,90.0,206.0,253.0,194.0,276138.087
+1,290.0,188.0,51.0,259.0,276138.979
8004,999,0,0,0,0
+2,205.0,26.0,211.0,281.0,276145.105
7000,0,0,0,0,276145.199
8005,998,0,0,0,0
+1,303.0,173.0,133.0,194.0,276156.563
+1,261.0,181.0,104.0,215.0,276157.068
+1,281.0,186.0,106.0,221.0,276157.804
0,136.0,228.0,136.0,228.0,276158.546
7015,0,0,0,0,276158.63
+1,292.0,178.0,70.0,247.0,276162.029
+1,281.0,180.0,48.4613,269.07712,276163.088
-1,46.0,217.0,279.5691,188.9559,276163.884
+1,295.0,166.0,55.0,250.0,276166.184
+1,299.0,148.0,138.0,185.0,276166.873
-2,215.0,230.0,212.14536,25.691866,276167.882
+2,181.0,32.0,184.97812,286.8468,276168.472
7000,0,0,0,0,276168.567
+1,292.0,178.0,107.0,229.0,276172.574
+1,283.0,160.0,179.0,180.0,276173.469
+1,295.0,155.0,176.0,215.0,276174.51
+1,303.0,175.0,102.0,262.0,276175.651
-1,120.0,154.0,259.0,162.0,276176.665
-1,109.0,165.0,291.0,171.0,276177.715
-1,98.0,180.0,302.0,182.0,276179.419
-1,31.0,186.0,257.0,198.0,276181.803
-1,65.0,184.0,286.0,187.0,276182.643
-1,62.0,185.0,296.0,185.0,276183.542
+1,287.0,181.0,62.0,231.0,276185.11
+1,271.0,187.0,61.0,226.0,276185.615
+1,264.0,184.0,63.0,199.0,276186.679
0,120.0,237.0,120.0,237.0,276187.542
7015,0,0,0,0,276187.816
+1,288.0,172.0,93.57778,165.30719,276190.886
-2,218.0,258.0,217.66783,27.01736,276192.08
+2,190.0,84.0,229.0,286.5,276192.773
7000,0,0,0,0,276192.846
+1,289.0,176.0,48.0,211.0,276195.895
+1,293.0,185.0,110.0,217.0,276197.66
+1,280.0,192.0,146.32484,203.71793,276199.788
+1,258.0,185.0,32.0,219.0,276200.772
+1,292.0,193.0,79.0,227.5,276203.435
-1,65.0,176.0,304.0,181.0,276203.974
-1,52.0,217.0,297.0,188.0,276204.67
-1,88.0,227.0,273.0,234.0,276205.706
-1,51.0,172.0,302.0,164.0,276206.785
-1,107.0,181.0,288.0,187.0,276211.792
-1,137.0,199.0,293.0,199.0,276213.725
-1,110.0,187.0,254.0,191.0,276215.375
-2,238.0,235.0,261.0,84.51544,276218.894
+1,281.0,185.0,135.0,194.0,276220.151
+1,281.0,183.0,108.0,179.0,276221.301
+1,295.0,181.0,171.0,192.0,276222.29
0,299.0,168.0,299.0,168.0,276224.122
0,227.0,217.0,227.0,217.0,276224.639
7016,0,0,0,0,276224.699
+1,292.0,171.0,53.525135,207.29921,276227.166
+1,297.0,174.0,75.0,216.0,276228.021
+1,282.0,182.0,68.0,219.0,276229.671
+2,179.0,61.0,209.0,281.0,276230.391
7000,0,0,0,0,276230.487
0,110.0,221.0,110.0,221.0,276232.39
7015,0,0,0,0,276232.455
+1,276.0,173.0,47.818924,239.36331,276234.281
+1,273.0,184.0,62.013134,239.99344,276235.196
-2,212.0,238.0,253.47752,68.29962,276235.923
+2,178.0,57.0,172.48819,283.32288,276236.474
7000,0,0,0,0,276236.598
+1,240.0,190.0,74.0,233.0,276238.902
0,122.0,111.0,122.0,111.0,276240.236
7017,0,0,0,0,276240.279
8005,999,0,0,0,0
66666666666666666666
