8001,998,0,0,0,0	8001,998,0,0,0,0
+2,187.0,26.0,183.0,196.0,20:11:57374	+2,187.0,26.0,183.0,196.0,272717.374
7000,0,0,0,0,20:11:57421	7000,0,0,0,0,272717.421
+1,266.0,175.0,171.15343,180.71591,20:12:00257	+1,266.0,175.0,171.15343,180.71591,272720.257
-1,124.0,182.0,251.4469,192.43034,20:12:00389	-1,124.0,182.0,251.4469,192.43034,272720.389
-1,89.0,175.0,297.0,205.0,20:12:01081	-1,89.0,175.0,297.0,205.0,272721.081
-1,108.0,163.0,233.0,181.0,20:12:01797	-1,108.0,163.0,233.0,181.0,272721.797
0,121.0,224.0,121.0,224.0,20:12:02711	0,121.0,224.0,121.0,224.0,272722.711
7015,0,0,0,0,20:12:02752	7015,0,0,0,0,272722.752
+1,273.0,142.0,157.01927,137.8469,20:12:05676	+1,273.0,142.0,157.01927,137.8469,272725.676
8001,999,0,0,0,0	8001,999,0,0,0,0
+2,178.0,29.0,175.1218,287.93265,20:12:15334	+2,178.0,29.0,175.1218,287.93265,272735.334
7000,0,0,0,0,20:12:15438	7000,0,0,0,0,272735.438
+1,265.0,191.0,171.0,180.0,20:12:17583	+1,265.0,191.0,171.0,180.0,272737.583
0,83.0,198.0,83.0,198.0,20:12:18318	0,83.0,198.0,83.0,198.0,272738.318
7019,0,0,0,0,20:12:18366	7019,0,0,0,0,272738.366
+1,261.0,139.0,119.0,153.0,20:12:20341	+1,261.0,139.0,119.0,153.0,272740.341
+1,292.0,146.0,69.979034,241.3473,20:12:21124	+1,292.0,146.0,69.979034,241.3473,272741.124
+1,293.0,159.0,132.0,260.0,20:12:22253	+1,293.0,159.0,132.0,260.0,272742.253
+1,265.0,178.0,37.73896,216.79861,20:12:23184	+1,265.0,178.0,37.73896,216.79861,272743.184
-1,141.0,191.0,295.0276,156.05814,20:12:23653	-1,141.0,191.0,295.0276,156.05814,272743.653
-1,139.0,179.0,329.6479,138.03625,20:12:26679	-1,139.0,179.0,329.6479,138.03625,272746.679
-1,139.0,193.0,262.0,160.0,20:12:27199	-1,139.0,193.0,262.0,160.0,272747.199
-1,125.0,177.0,287.53925,150.14781,20:12:29013	-1,125.0,177.0,287.53925,150.14781,272749.013
+2,168.0,52.0,196.0,225.0,20:12:29455	+2,168.0,52.0,196.0,225.0,272749.455
7000,0,0,0,0,20:12:29625	7000,0,0,0,0,272749.625
0,306.0,143.0,306.0,143.0,20:12:30743	0,306.0,143.0,306.0,143.0,272750.743
+1,302.0,164.0,80.113174,268.48965,20:12:32220	+1,302.0,164.0,80.113174,268.48965,272752.22
-1,122.0,205.0,300.0,183.0,20:12:33014	-1,122.0,205.0,300.0,183.0,272753.014
+1,289.0,149.0,42.0,178.0,20:12:35916	+1,289.0,149.0,42.0,178.0,272755.916
+1,263.0,187.0,82.0,235.0,20:12:37229	+1,263.0,187.0,82.0,235.0,272757.229
-1,145.0,156.0,339.5524,163.06891,20:12:37713	-1,145.0,156.0,339.5524,163.06891,272757.713
-1,101.0,202.0,326.60587,150.21648,20:12:39301	-1,101.0,202.0,326.60587,150.21648,272759.301
-1,139.0,179.0,291.0,149.0,20:12:40623	-1,139.0,179.0,291.0,149.0,272760.623
0,231.0,227.0,231.0,227.0,20:12:42512	0,231.0,227.0,231.0,227.0,272762.512
7016,0,0,0,0,20:12:42571	7016,0,0,0,0,272762.571
+2,208.0,65.0,190.0,278.0,20:12:43595	+2,208.0,65.0,190.0,278.0,272763.595
7000,0,0,0,0,20:12:43673	7000,0,0,0,0,272763.673
+2,190.0,78.0,195.24808,292.2941,20:12:44402	+2,190.0,78.0,195.24808,292.2941,272764.402
+1,277.0,149.0,130.0,187.0,20:12:45922	+1,277.0,149.0,130.0,187.0,272765.922
-1,128.0,221.0,259.0,194.0,20:12:46667	-1,128.0,221.0,259.0,194.0,272766.667
-1,131.0,155.0,311.0,156.0,20:12:47221	-1,131.0,155.0,311.0,156.0,272767.221
0,213.0,227.0,213.0,227.0,20:12:47819	0,213.0,227.0,213.0,227.0,272767.819
7012,0,0,0,0,20:12:47949	7012,0,0,0,0,272767.949
8002,998,0,0,0,0	8002,998,0,0,0,0
+2,206.0,29.0,153.13026,265.34158,20:12:57246	+2,206.0,29.0,153.13026,265.34158,272777.246
7000,0,0,0,0,20:12:57387	7000,0,0,0,0,272777.387
+1,236.0,141.0,109.5,153.0,20:13:04461	+1,236.0,141.0,109.5,153.0,272784.461
+1,253.0,180.0,134.0,184.0,20:13:04900	+1,253.0,180.0,134.0,184.0,272784.9
+1,244.0,144.0,176.0,164.0,20:13:05342	+1,244.0,144.0,176.0,164.0,272785.342
+1,263.0,175.0,170.0,195.0,20:13:05816	+1,263.0,175.0,170.0,195.0,272785.816
-1,125.0,179.0,258.0,207.0,20:13:06209	-1,125.0,179.0,258.0,207.0,272786.209
-1,136.0,184.0,302.0,182.0,20:13:07199	-1,136.0,184.0,302.0,182.0,272787.199
-1,131.0,125.0,237.0,153.0,20:13:07756	-1,131.0,125.0,237.0,153.0,272787.756
-1,66.0,250.0,325.29846,217.5905,20:13:08259	-1,66.0,250.0,325.29846,217.5905,272788.259
-1,131.0,216.0,259.51752,211.8724,20:13:08511	-1,131.0,216.0,259.51752,211.8724,272788.511
+2,203.0,65.0,220.62097,256.89734,20:13:08871	+2,203.0,65.0,220.62097,256.89734,272788.871
+1,259.0,218.0,74.0,186.0,20:13:09546	+1,259.0,218.0,74.0,186.0,272789.546
8002,999,0,0,0,0	8002,999,0,0,0,0
8003,998,0,0,0,0	8003,998,0,0,0,0
+2,222.0,42.0,221.5,208.5,20:13:17746	+2,222.0,42.0,221.5,208.5,272797.746
+1,267.0,197.0,55.0,227.0,20:13:18975	+1,267.0,197.0,55.0,227.0,272798.975
+1,272.0,183.0,69.0,193.0,20:13:19386	+1,272.0,183.0,69.0,193.0,272799.386
+1,282.0,195.0,56.0,200.0,20:13:20432	+1,282.0,195.0,56.0,200.0,272800.432
0,99.0,111.0,99.0,111.0,20:13:21113	0,99.0,111.0,99.0,111.0,272801.113
7025,0,0,0,0,20:13:21202	7025,0,0,0,0,272801.202
8003,999,0,0,0,0	8003,999,0,0,0,0
8004,998,0,0,0,0	8004,998,0,0,0,0
+2,182.0,36.0,186.4645,281.89627,20:13:33678	+2,182.0,36.0,186.4645,281.89627,272813.678
7000,0,0,0,0,20:13:33718	7000,0,0,0,0,272813.718
-1,100.0,173.0,286.20255,174.19351,20:13:35170	-1,100.0,173.0,286.20255,174.19351,272815.17
-1,117.0,196.0,268.0,183.0,20:13:35712	-1,117.0,196.0,268.0,183.0,272815.712
-1,138.0,178.0,333.01202,174.114,20:13:36360	-1,138.0,178.0,333.01202,174.114,272816.36
-1,93.0,185.0,305.0,178.0,20:13:37109	-1,93.0,185.0,305.0,178.0,272817.109
-1,143.0,155.0,286.0,156.0,20:13:37731	-1,143.0,155.0,286.0,156.0,272817.731
-1,135.0,172.0,263.0,152.0,20:13:38603	-1,135.0,172.0,263.0,152.0,272818.603
0,107.0,112.0,107.0,112.0,20:13:39308	0,107.0,112.0,107.0,112.0,272819.308
7001,0,0,0,0,20:13:39340	7001,0,0,0,0,272819.34
+1,286.0,177.0,97.406944,182.85466,20:13:41691	+1,286.0,177.0,97.406944,182.85466,272821.691
-1,94.0,170.0,301.0,156.0,20:13:41929	-1,94.0,170.0,301.0,156.0,272821.929
+1,181.0,192.0,14.0,183.0,20:13:44658	+1,181.0,192.0,14.0,183.0,272824.658
+1,272.0,162.0,14.12035,177.68709,20:13:45101	+1,272.0,162.0,14.12035,177.68709,272825.101
+1,265.0,162.0,133.0,197.0,20:13:45627	+1,265.0,162.0,133.0,197.0,272825.627
+1,254.0,219.0,100.20806,225.58398,20:13:45971	+1,254.0,219.0,100.20806,225.58398,272825.971
8004,999,0,0,0,0	8004,999,0,0,0,0
8005,998,0,0,0,0	8005,998,0,0,0,0
+2,142.0,25.0,152.96172,238.04672,20:13:53182	+2,142.0,25.0,152.96172,238.04672,272833.182
7000,0,0,0,0,20:13:53222	7000,0,0,0,0,272833.222
+1,256.0,198.0,100.0,260.0,20:13:54946	+1,256.0,198.0,100.0,260.0,272834.946
0,215.0,106.0,215.0,106.0,20:13:55705	0,215.0,106.0,215.0,106.0,272835.705
0,237.0,95.0,237.0,95.0,20:13:57527	0,237.0,95.0,237.0,95.0,272837.527
7006,0,0,0,0,20:13:57568	7006,0,0,0,0,272837.568
0,205.0,130.0,205.0,130.0,20:13:58732	0,205.0,130.0,205.0,130.0,272838.732
+1,297.0,185.0,109.0,222.0,20:14:00573	+1,297.0,185.0,109.0,222.0,272840.573
+1,293.0,180.0,57.0,228.0,20:14:01675	+1,293.0,180.0,57.0,228.0,272841.675
+1,217.0,191.0,47.344475,211.0,20:14:02458	+1,217.0,191.0,47.344475,211.0,272842.458
+2,163.0,76.0,164.85884,306.47687,20:14:06299	+2,163.0,76.0,164.85884,306.47687,272846.299
7000,0,0,0,0,20:14:06413	7000,0,0,0,0,272846.413
+2,224.0,59.0,210.0,222.0,20:14:09703	+2,224.0,59.0,210.0,222.0,272849.703
0,226.0,61.0,226.0,61.0,20:14:10000	0,226.0,61.0,226.0,61.0,272850
+2,216.0,30.0,203.0,216.0,20:14:10475	+2,216.0,30.0,203.0,216.0,272850.475
+1,286.0,202.0,133.0,205.0,20:14:11908	+1,286.0,202.0,133.0,205.0,272851.908
+1,276.0,178.0,78.0,202.0,20:14:12833	+1,276.0,178.0,78.0,202.0,272852.833
+1,287.0,166.0,105.74456,189.03221,20:14:13600	+1,287.0,166.0,105.74456,189.03221,272853.6
0,208.0,233.0,208.0,233.0,20:14:13858	0,208.0,233.0,208.0,233.0,272853.858
7020,0,0,0,0,20:14:13975	7020,0,0,0,0,272853.975
+1,263.0,166.0,163.0,177.0,20:14:15745	+1,263.0,166.0,163.0,177.0,272855.745
-1,60.0,213.0,123.53075,229.83957,20:14:16048	-1,60.0,213.0,123.53075,229.83957,272856.048
+1,306.0,164.0,159.0,173.0,20:14:19189	+1,306.0,164.0,159.0,173.0,272859.189
+1,273.0,125.0,170.75008,152.23111,20:14:28487	+1,273.0,125.0,170.75008,152.23111,272868.487
+1,272.0,144.0,63.5,142.5,20:14:29062	+1,272.0,144.0,63.5,142.5,272869.062
-1,54.0,157.0,270.0,195.0,20:14:30020	-1,54.0,157.0,270.0,195.0,272870.02
+1,289.0,185.0,141.0,186.0,20:14:30994	+1,289.0,185.0,141.0,186.0,272870.994
8005,999,0,0,0,0	8005,999,0,0,0,0
66666666666666666666	66666666666666666666
+2,181.0,29.0,179.0,264.0,20:16:07234	+2,181.0,29.0,179.0,264.0,272967.234
7000,0,0,0,0,20:16:07273	7000,0,0,0,0,272967.273
+2,183.0,30.0,176.0,275.0,20:16:09719	+2,183.0,30.0,176.0,275.0,272969.719
8001,998,0,0,0,0	8001,998,0,0,0,0
0,221.0,235.0,221.0,235.0,21:53:21583	0,221.0,235.0,221.0,235.0,278801.583
7008,0,0,0,0,21:53:21644	7008,0,0,0,0,278801.644
+2,208.0,30.0,221.85463,297.89313,21:53:23323	+2,208.0,30.0,221.85463,297.89313,278803.323
7000,0,0,0,0,21:53:23446	7000,0,0,0,0,278803.446
0,108.0,267.0,108.0,267.0,21:53:26982	0,108.0,267.0,108.0,267.0,278806.982
0,63.0,230.0,63.0,230.0,21:53:29778	0,63.0,230.0,63.0,230.0,278809.778
0,107.0,246.0,107.0,246.0,21:53:30442	0,107.0,246.0,107.0,246.0,278810.442
0,60.0,207.0,60.0,207.0,21:53:30942	0,60.0,207.0,60.0,207.0,278810.942
7007,0,0,0,0,21:53:31675	7007,0,0,0,0,278811.675
0,104.0,212.0,104.0,212.0,21:53:32296	0,104.0,212.0,104.0,212.0,278812.296
+1,285.0,180.0,78.68492,265.3249,21:53:34784	+1,285.0,180.0,78.68492,265.3249,278814.784
+1,294.0,141.0,94.71722,183.76303,21:53:37778	+1,294.0,141.0,94.71722,183.76303,278817.778
+1,255.0,142.0,90.03549,188.52342,21:53:38361	+1,255.0,142.0,90.03549,188.52342,278818.361
+2,160.0,34.0,142.52075,254.50548,21:53:41140	+2,160.0,34.0,142.52075,254.50548,278821.14
7000,0,0,0,0,21:53:41205	7000,0,0,0,0,278821.205
0,224.0,222.0,224.0,222.0,21:53:43984	0,224.0,222.0,224.0,222.0,278823.984
7008,0,0,0,0,21:53:44033	7008,0,0,0,0,278824.033
+1,219.0,197.0,48.784992,263.88602,21:53:46294	+1,219.0,197.0,48.784992,263.88602,278826.294
+1,255.0,185.0,36.806297,247.14725,21:53:46989	+1,255.0,185.0,36.806297,247.14725,278826.989
+1,245.0,178.0,43.604332,234.61455,21:53:48031	+1,245.0,178.0,43.604332,234.61455,278828.031
+1,227.0,191.0,44.394295,195.1889,21:53:56285	+1,227.0,191.0,44.394295,195.1889,278836.285
8001,999,0,0,0,0	8001,999,0,0,0,0
8002,998,0,0,0,0	8002,998,0,0,0,0
+2,200.0,41.0,175.44446,241.00035,21:54:03732	+2,200.0,41.0,175.44446,241.00035,278843.732
7000,0,0,0,0,21:54:03779	7000,0,0,0,0,278843.779
+1,250.0,188.0,33.0,285.5,21:54:06028	+1,250.0,188.0,33.0,285.5,278846.028
+1,259.0,194.0,67.0,275.0,21:54:06543	+1,259.0,194.0,67.0,275.0,278846.543
+1,291.0,155.0,57.0,242.0,21:54:07484	+1,291.0,155.0,57.0,242.0,278847.484
0,106.0,253.0,106.0,253.0,21:54:08204	0,106.0,253.0,106.0,253.0,278848.204
0,102.0,232.0,102.0,232.0,21:54:09509	0,102.0,232.0,102.0,232.0,278849.509
7019,0,0,0,0,21:54:09565	7019,0,0,0,0,278849.565
+1,291.0,176.0,61.0,266.0,21:54:13248	+1,291.0,176.0,61.0,266.0,278853.248
+1,294.0,142.0,64.0,233.0,21:54:14229	+1,294.0,142.0,64.0,233.0,278854.229
+1,236.0,186.0,22.122026,230.80357,21:54:15875	+1,236.0,186.0,22.122026,230.80357,278855.875
+1,215.0,192.0,55.0,238.0,21:54:16795	+1,215.0,192.0,55.0,238.0,278856.795
8002,999,0,0,0,0	8002,999,0,0,0,0
8003,998,0,0,0,0	8003,998,0,0,0,0
+2,172.0,24.0,96.893,214.2762,21:54:27625	+2,172.0,24.0,96.893,214.2762,278867.625
7000,0,0,0,0,21:54:27770	7000,0,0,0,0,278867.77
-1,57.0,161.0,301.0,187.0,21:54:31914	-1,57.0,161.0,301.0,187.0,278871.914
-1,68.0,163.0,294.0,101.0,21:54:34947	-1,68.0,163.0,294.0,101.0,278874.947
-1,108.0,199.0,308.06778,144.99812,21:54:35423	-1,108.0,199.0,308.06778,144.99812,278875.423
-1,70.0,206.0,276.0,197.0,21:54:36244	-1,70.0,206.0,276.0,197.0,278876.244
-1,108.0,183.0,263.0,150.0,21:54:37188	-1,108.0,183.0,263.0,150.0,278877.188
+1,249.0,192.0,41.701084,206.22278,21:54:37805	+1,249.0,192.0,41.701084,206.22278,278877.805
-1,65.0,190.0,291.0,137.0,21:54:40871	-1,65.0,190.0,291.0,137.0,278880.871
-1,88.0,201.0,302.0,161.0,21:54:41018	-1,88.0,201.0,302.0,161.0,278881.018
0,94.0,117.0,94.0,117.0,21:54:43789	0,94.0,117.0,94.0,117.0,278883.789
7001,0,0,0,0,21:54:43826	7001,0,0,0,0,278883.826
+1,251.0,191.0,111.0,242.0,21:54:49766	+1,251.0,191.0,111.0,242.0,278889.766
+1,262.0,156.0,99.0,240.0,21:54:50718	+1,262.0,156.0,99.0,240.0,278890.718
+1,257.0,185.0,81.0,253.0,21:54:51709	+1,257.0,185.0,81.0,253.0,278891.709
+1,287.0,152.0,-3.4651718,241.99031,21:54:53596	+1,287.0,152.0,-3.4651718,241.99031,278893.596
8003,999,0,0,0,0	8003,999,0,0,0,0
+2,175.0,37.0,166.51636,257.14267,21:54:59301	+2,175.0,37.0,166.51636,257.14267,278899.301
7000,0,0,0,0,21:54:59355	7000,0,0,0,0,278899.355
8004,998,0,0,0,0	8004,998,0,0,0,0
+1,292.0,184.0,84.0,273.0,21:55:03035	+1,292.0,184.0,84.0,273.0,278903.035
+1,259.0,181.0,68.0,249.0,21:55:03604	+1,259.0,181.0,68.0,249.0,278903.604
+1,249.0,151.0,51.0,230.0,21:55:04267	+1,249.0,151.0,51.0,230.0,278904.267
+1,273.0,171.0,52.0,254.0,21:55:05555	+1,273.0,171.0,52.0,254.0,278905.555
+1,253.0,185.0,60.0,260.0,21:55:06311	+1,253.0,185.0,60.0,260.0,278906.311
+1,256.0,170.0,52.0,258.0,21:55:07505	+1,256.0,170.0,52.0,258.0,278907.505
0,218.0,215.0,218.0,215.0,21:55:08212	0,218.0,215.0,218.0,215.0,278908.212
7028,0,0,0,0,21:55:08271	7028,0,0,0,0,278908.271
+1,267.0,159.0,11.987974,245.46802,21:55:10252	+1,267.0,159.0,11.987974,245.46802,278910.252
+1,188.0,220.0,61.75685,256.8237,21:55:10963	+1,188.0,220.0,61.75685,256.8237,278910.963
+1,274.0,127.0,47.03477,228.33568,21:55:11688	+1,274.0,127.0,47.03477,228.33568,278911.688
8004,999,0,0,0,0	8004,999,0,0,0,0
8005,998,0,0,0,0	8005,998,0,0,0,0
+2,174.0,42.0,161.01927,257.11374,21:55:18975	+2,174.0,42.0,161.01927,257.11374,278918.975
7000,0,0,0,0,21:55:19072	7000,0,0,0,0,278919.072
-1,130.0,176.0,297.0,145.0,21:55:20975	-1,130.0,176.0,297.0,145.0,278920.975
-1,133.0,170.0,296.0,162.0,21:55:21589	-1,133.0,170.0,296.0,162.0,278921.589
-1,96.0,203.0,312.0,170.0,21:55:22314	-1,96.0,203.0,312.0,170.0,278922.314
-1,82.0,164.0,295.0,120.0,21:55:23073	-1,82.0,164.0,295.0,120.0,278923.073
0,211.0,103.0,211.0,103.0,21:55:24097	0,211.0,103.0,211.0,103.0,278924.097
7014,0,0,0,0,21:55:24136	7014,0,0,0,0,278924.136
+1,284.0,164.0,63.344215,247.17265,21:55:25782	+1,284.0,164.0,63.344215,247.17265,278925.782
+1,266.0,173.0,61.088882,232.42519,21:55:26971	+1,266.0,173.0,61.088882,232.42519,278926.971
+1,218.0,194.0,25.0,230.0,21:55:27877	+1,218.0,194.0,25.0,230.0,278927.877
8005,999,0,0,0,0	8005,999,0,0,0,0
66666666666666666666	66666666666666666666
