+2,162.0,43.0,173.43245,216.78384,162923.676
7000,0,0,0,0,162923.788
8001,998,0,0,0,0
+1,261.0,134.0,47.902763,183.5927,162937.009
-1,69.0,141.0,251.32791,184.19281,162938.033
-1,85.0,223.0,239.0,190.0,162938.183
-1,90.0,145.0,283.0,163.0,162938.817
-1,86.0,192.0,182.0,187.0,162939.354
-1,70.0,214.0,294.0,161.0,162940.442
-1,106.0,178.0,254.0,177.0,162941.323
-1,76.0,193.0,294.0,162.0,162942.283
-1,93.0,210.0,153.0,211.0,162943.323
+1,280.0,151.0,64.0,228.0,162943.928
+1,267.0,146.0,89.0,214.0,162944.597
+1,293.0,132.0,66.0,186.0,162945.566
0,103.0,223.0,103.0,223.0,162947.162
7015,0,0,0,0,162947.228
8001,999,0,0,0,0
8002,998,0,0,0,0
+2,235.0,64.0,218.91557,307.4848,162962.537
7000,0,0,0,0,162962.581
+1,275.0,149.0,35.0,142.0,162965.544
+1,293.0,117.0,40.5,125.0,162967.584
+1,298.0,164.0,106.0,132.0,162970.355
+1,291.0,116.0,102.7809,111.90409,162971.77
-1,92.0,165.0,311.0744,177.46725,162972.465
-1,106.0,201.0,295.86545,234.46683,162975.066
-1,53.0,153.0,266.0,163.0,162976.107
-1,55.0,206.0,231.0,179.0,162978.439
-1,136.0,180.0,262.0,192.0,162980.794
0,218.0,91.0,218.0,91.0,162981.764
7010,0,0,0,0,162981.823
+1,296.0,133.0,21.0,146.0,162984.71
+1,256.0,160.0,23.0,152.0,162985.489
+1,196.0,130.0,35.0,151.0,162986.499
+1,281.0,134.0,86.24006,133.45999,162989.798
-1,94.0,183.0,269.0,172.0,162992.189
-1,63.0,168.0,327.5,201.5,162993.174
-1,62.0,185.0,282.0,181.0,162993.969
-1,50.0,186.0,292.0,155.0,162994.95
+1,276.0,148.0,105.0,163.0,163000.34
+1,240.0,142.0,98.0,158.0,163001.588
+1,260.0,122.0,88.0,169.0,163002.353
+1,264.0,153.0,60.0,155.0,163002.981
+1,274.0,136.0,51.0,187.0,163004.933
-2,175.0,213.0,190.42712,62.0,163007.194
-2,187.0,197.0,191.55931,20.216116,163010.823
-2,219.0,210.0,184.61292,8.80634,163013.683
+1,272.0,135.0,37.0,154.0,163013.731
+1,266.0,149.0,38.0,173.0,163015.858
+1,290.0,173.0,29.0,183.0,163018.691
-1,115.0,230.0,328.3686,180.6041,163020.408
-1,105.0,135.0,303.22586,137.7837,163021.168
-1,66.0,150.0,295.58722,150.96555,163022.34
-1,76.0,163.0,313.0,176.0,163023.32
-1,60.0,165.0,275.0,170.0,163024.383
+2,177.0,51.0,149.0,279.0,163026.281
7000,0,0,0,0,163026.446
0,99.0,118.0,99.0,118.0,163029.707
7009,0,0,0,0,163029.747
0,213.0,137.0,213.0,137.0,163032.702
0,222.0,139.0,222.0,139.0,163034.313
+1,287.0,138.0,28.129145,182.87085,163035.322
8002,999,0,0,0,0
8003,998,0,0,0,0
+2,143.0,92.0,175.0,251.0,163054.366
7000,0,0,0,0,163054.462
+1,185.0,156.0,27.0,172.0,163056.45
+1,245.0,146.0,55.0,142.0,163056.892
+1,256.0,147.0,48.0,107.0,163057.82
+1,216.0,145.0,33.0,113.0,163058.582
0,242.0,227.0,242.0,227.0,163059.451
0,227.0,215.0,227.0,215.0,163062.216
7028,0,0,0,0,163062.255
+1,278.0,151.0,52.759586,181.4764,163065.216
+1,270.0,141.0,58.0,153.0,163065.255
+1,262.0,121.0,77.0,133.0,163065.76
8003,999,0,0,0,0
8004,998,0,0,0,0
-1,93.0,85.0,124.0,191.0,163077.798
+2,217.0,47.0,176.49554,282.94647,163079.147
7000,0,0,0,0,163079.215
-1,89.0,159.0,301.0,156.0,163082.773
+1,286.0,129.0,79.0,175.0,163084.303
0,202.0,107.0,202.0,107.0,163084.918
7026,0,0,0,0,163085.071
+1,263.0,144.0,76.0,165.0,163088.094
+2,200.0,66.0,205.0,278.5,163090.733
7000,0,0,0,0,163090.864
-1,81.0,153.0,277.0,179.0,163094.191
-1,98.0,146.0,249.0,136.0,163096.794
-1,83.0,165.0,255.0,184.0,163098.128
-1,104.0,154.0,257.4739,182.0,163100.317
-1,100.0,184.0,295.0,192.0,163101.769
-1,85.0,149.0,305.18674,181.11035,163102.678
-1,80.0,155.0,261.0,176.0,163105.312
+1,267.0,154.0,44.0,162.0,163106.386
+1,254.0,142.0,57.0,138.0,163107.168
+1,270.0,146.0,22.382797,147.86523,163108.074
+1,270.0,142.0,23.0,146.0,163109.711
+1,248.0,144.0,65.0,154.0,163111.374
+1,286.0,135.0,65.0,137.0,163113.248
+1,263.0,120.0,59.0,154.0,163114.776
+1,285.0,146.0,58.0,134.0,163117.403
-1,68.0,205.0,303.0,160.0,163117.919
-1,75.0,149.0,297.0,161.0,163118.734
0,107.0,102.0,107.0,102.0,163119.642
7017,0,0,0,0,163119.682
+1,298.0,174.0,13.699114,168.5543,163123.573
+1,274.0,91.0,13.5,157.5,163124.313
-1,236.0,130.0,351.75073,231.63513,163126.729
+1,277.0,131.0,67.0,139.0,163128.195
+2,175.0,42.0,166.31514,280.7535,163129.552
7000,0,0,0,0,163129.638
-1,45.0,147.0,288.0,210.0,163135.349
-1,102.0,152.0,229.0,178.0,163137.08
-1,66.0,168.0,298.0,176.0,163139.334
+1,276.0,138.0,24.066729,154.07777,163140.072
0,220.0,223.0,220.0,223.0,163141.126
7012,0,0,0,0,163141.209
+1,272.0,139.0,45.0,172.0,163144.227
+1,276.0,135.0,60.515476,158.64523,163147.2229999999
-1,64.0,139.0,304.0,171.0,163147.841
+1,279.0,136.0,43.281887,144.26398,163149.095
+1,305.0,162.0,15.0,181.0,163155.92
-1,92.0,166.0,345.0359,174.27603,163157.143
0,170.0,146.0,170.0,146.0,163159.709
0,173.0,245.0,173.0,245.0,163162.377
0,189.0,103.0,189.0,103.0,163171.743
0,213.0,269.0,213.0,269.0,163172.228
0,180.0,263.0,180.0,263.0,163172.847
0,177.0,265.0,177.0,265.0,163173.226
-1,60.0,225.0,309.81393,145.51068,163173.798
-1,97.0,211.0,295.0,145.0,163174.396
+2,237.0,73.0,208.66019,259.17474,163174.908
7000,0,0,0,0,163174.977
8004,999,0,0,0,0
+1,279.0,154.0,18.0,156.0,163187.229
8005,998,0,0,0,0
-1,89.0,152.0,143.05548,152.0,163194.457
-1,49.0,206.0,296.0,187.0,163195.378
-1,86.0,198.0,310.0,175.0,163196.667
0,96.0,135.0,96.0,135.0,163199.78
7001,0,0,0,0,163199.818
+1,287.0,133.0,44.0,148.0,163201.431
+1,283.0,151.0,41.0,151.0,163202.032
+1,286.0,150.0,35.0,154.0,163202.81
+1,259.0,120.0,41.0,149.37924,163203.409
+1,298.0,164.0,19.0,155.0,163204.062
+1,297.0,162.0,34.0,153.0,163204.811
+1,177.0,164.0,17.0,156.0,163205.602
+1,293.0,149.0,59.0,109.0,163206.794
+1,262.0,151.0,94.0,147.0,163207.418
8005,999,0,0,0,0
66666666666666666666
+1,267.0,97.0,91.0,44.0,163275.254
