任务1, 开始
+1,253.0,158.0,139.0,185.0,09:57:01 045
+1,253.0,159.0,105.0,199.0,09:57:01 966
+1,250.0,162.0,212.6099,162.0,09:57:02 780
0,214.0,232.0,214.0,232.0,09:57:03 678
相册,0,0,0,0,09:57:03 719
+1,238.0,161.0,96.59515,210.10718,09:57:06 637
+1,240.0,188.0,101.73623,211.5371,09:57:07 261
-1,100.0,190.0,279.0,150.0,09:57:08 050
+1,223.0,197.0,120.0,226.0,09:57:09 446
任务1, 结束
任务2, 开始
+2,214.0,87.0,220.03816,255.15265,09:57:18 046
＊主菜单＊,0,0,0,0,09:57:18 143
+1,210.0,154.0,134.0,168.0,09:57:21 189
+1,247.0,168.0,97.0,180.0,09:57:21 365
+1,250.0,165.0,83.0,171.0,09:57:22 346
0,110.0,119.0,110.0,119.0,09:57:23 096
系统设置,0,0,0,0,09:57:23 141
+1,228.0,193.0,60.0,195.0,09:57:27 287
-2,171.0,276.0,187.96463,76.261765,09:57:29 238
+2,161.0,75.0,164.0,277.0,09:57:30 886
＊主菜单＊,0,0,0,0,09:57:31 000
+1,212.0,163.0,139.0,185.0,09:57:33 756
0,218.0,219.0,218.0,219.0,09:57:35 395
下载,0,0,0,0,09:57:35 427
+1,229.0,201.0,93.9494,205.79228,09:57:38 068
+1,179.0,222.0,116.86591,229.60826,09:57:38 306
+1,254.0,196.0,95.0,203.0,09:57:39 118
任务2, 结束
任务3, 开始
+2,155.0,74.0,143.48366,268.04788,09:57:47 056
＊主菜单＊,0,0,0,0,09:57:47 097
+1,230.0,182.0,130.78175,191.86295,09:57:49 683
+1,216.0,177.0,63.0,186.0,09:57:50 501
-1,119.0,183.0,251.22902,177.0,09:57:50 831
0,102.0,237.0,102.0,237.0,09:57:52 138
天气,0,0,0,0,09:57:52 179
+1,201.0,187.0,162.40524,192.14597,09:57:58 209
+1,242.0,179.0,94.62187,184.00804,09:58:00 113
+1,227.0,202.0,71.68684,214.93459,09:58:01 589
+1,239.0,212.0,44.03228,219.9727,09:58:02 535
-1,69.0,216.0,255.04715,222.71307,09:58:03 821
-1,120.0,209.0,229.0,195.0,09:58:04 268
-1,95.0,249.0,179.0,231.0,09:58:05 217
-1,152.0,187.0,197.82863,181.69371,09:58:06 050
任务3, 结束
任务4, 开始
+2,188.0,93.0,195.36893,295.47574,09:58:15 839
＊主菜单＊,0,0,0,0,09:58:15 902
+1,200.0,143.0,169.29027,140.63771,09:58:19 148
-1,146.0,173.0,273.0,164.0,09:58:19 670
-1,146.0,177.0,187.0,178.0,09:58:21 528
-1,128.0,185.0,292.0,175.0,09:58:22 259
-1,124.0,182.0,294.0,184.0,09:58:23 225
-1,135.0,171.0,259.0,170.0,09:58:24 483
-1,139.0,172.0,296.0,152.0,09:58:25 452
-1,106.0,200.0,229.0,187.0,09:58:26 320
0,215.0,235.0,215.0,235.0,09:58:27 992
国际象棋,0,0,0,0,09:58:28 053
0,137.0,193.0,137.0,193.0,09:58:32 039
+1,259.0,151.0,92.425835,177.0638,09:58:32 719
任务4, 结束
任务5, 开始
+2,179.0,92.0,214.0,296.0,09:58:39 607
＊主菜单＊,0,0,0,0,09:58:39 649
+1,225.0,180.0,97.0,181.0,09:58:41 579
+1,198.0,182.0,165.59242,182.0,09:58:42 522
+1,237.0,167.0,71.0,172.0,09:58:43 461
0,120.0,230.0,120.0,230.0,09:58:44 185
新浪微博,0,0,0,0,09:58:44 223
+1,274.0,162.0,134.0,184.0,09:58:47 397
+1,255.0,179.0,144.0,185.0,09:58:48 350
任务5, 结束
＊＊＊＊＊＊＊＊＊＊＊＊＊＊＊＊＊＊＊＊＊＊＊＊＊＊＊＊＊＊
