+2,149.0,105.0,185.62097,299.86252,10:01:01 044
＊主菜单＊,0,0,0,0,10:01:01 080
任务1, 开始
-1,121.0,174.0,277.0,184.0,10:01:06 046
-1,120.0,175.0,287.0,197.0,10:01:06 204
-1,125.0,186.0,283.0,221.0,10:01:06 481
0,105.0,128.0,105.0,128.0,10:01:08 051
健康运动,0,0,0,0,10:01:08 084
+1,248.0,185.0,141.0,166.0,10:01:11 038
+1,251.0,180.0,139.0,155.0,10:01:11 100
+1,254.0,188.0,135.0,171.0,10:01:11 792
+1,256.0,188.0,99.0,155.0,10:01:12 297
+1,247.0,180.0,83.0,142.0,10:01:12 968
任务1, 结束
任务2, 开始
+2,172.0,113.0,221.24173,285.47592,10:01:20 006
＊主菜单＊,0,0,0,0,10:01:20 050
+1,277.0,184.0,163.0,179.0,10:01:25 149
-1,100.0,164.0,301.0,175.0,10:01:26 064
+1,265.0,152.0,129.0,153.0,10:01:27 588
-1,112.0,164.0,264.0,168.0,10:01:28 512
0,106.0,140.0,106.0,140.0,10:01:30 036
0,105.0,111.0,105.0,111.0,10:01:32 184
健康运动,0,0,0,0,10:01:32 234
0,105.0,114.0,105.0,114.0,10:01:33 542
+1,239.0,181.0,111.0,192.0,10:01:34 168
+1,203.0,198.0,157.0,207.0,10:01:34 384
+1,234.0,196.0,155.0,213.0,10:01:34 698
+1,268.0,189.0,143.05298,201.39647,10:01:35 223
+1,275.0,183.0,103.0,191.0,10:01:35 744
+1,255.0,194.0,75.0,226.0,10:01:36 144
+2,174.0,120.0,182.0,274.0,10:01:38 699
＊主菜单＊,0,0,0,0,10:01:38 742
+1,253.0,183.0,40.62024,227.86217,10:01:41 152
+1,231.0,176.0,145.0,183.0,10:01:41 735
+1,256.0,175.0,100.0,185.0,10:01:42 477
+1,240.0,171.0,116.0,181.0,10:01:44 068
+1,256.0,192.0,79.0,195.0,10:01:44 658
-1,110.0,183.0,267.0,172.0,10:01:46 154
+1,257.0,160.0,137.0,171.0,10:01:46 500
+1,243.0,152.0,99.0,153.0,10:01:47 152
0,104.0,115.0,104.0,115.0,10:01:47 890
系统设置,0,0,0,0,10:01:47 955
+2,175.0,67.0,137.61131,269.46335,10:01:57 276
＊主菜单＊,0,0,0,0,10:01:57 326
+1,235.0,174.0,82.0,184.0,10:01:59 966
+1,168.0,175.0,67.0,182.0,10:02:00 474
-1,109.0,158.0,262.0,152.0,10:02:00 851
-1,116.0,188.0,225.0,184.0,10:02:01 577
任务2, 结束
任务3, 开始
-1,116.0,149.0,254.0,157.0,10:02:07 145
-1,103.0,157.0,294.0,170.0,10:02:07 965
+1,249.0,162.0,64.0,146.0,10:02:08 762
0,106.0,222.0,106.0,222.0,10:02:09 348
视频,0,0,0,0,10:02:09 421
任务3, 结束
任务4, 开始
+2,185.0,111.0,189.82771,292.9659,10:02:18 987
＊主菜单＊,0,0,0,0,10:02:19 131
+1,256.0,173.0,97.0,177.0,10:02:21 379
+1,258.0,153.0,102.0,134.0,10:02:23 621
+1,269.0,157.0,115.0,162.0,10:02:23 733
0,205.0,118.0,205.0,118.0,10:02:25 053
自带导航,0,0,0,0,10:02:25 082
+1,254.0,162.0,99.0,165.0,10:02:27 077
+2,178.0,98.0,177.95657,288.62366,10:02:29 084
＊主菜单＊,0,0,0,0,10:02:29 147
+1,286.0,176.0,136.0,145.0,10:02:32 114
-1,92.0,183.0,282.0,183.0,10:02:33 008
-1,126.0,162.0,297.0,200.0,10:02:35 697
-1,133.0,155.0,295.0,177.0,10:02:37 126
-1,112.0,183.0,282.0,204.0,10:02:38 686
-1,120.0,174.0,293.0,208.0,10:02:39 397
-1,144.0,173.0,296.0,192.0,10:02:40 255
+1,279.0,191.0,58.0,181.0,10:02:45 713
+1,234.0,167.0,96.0,150.0,10:02:46 191
+1,229.0,139.0,84.0,140.0,10:02:46 975
+1,264.0,171.0,102.0,156.0,10:02:49 205
0,93.0,121.0,93.0,121.0,10:02:49 564
浏览器,0,0,0,0,10:02:49 605
+1,277.0,159.0,60.42909,153.0742,10:02:52 034
+1,291.0,172.0,120.0,155.0,10:02:53 596
+2,219.0,109.0,206.0,266.0,10:02:54 087
＊主菜单＊,0,0,0,0,10:02:54 205
-1,188.0,140.0,220.0,278.0,10:02:56 540
+1,284.0,176.0,98.0,192.0,10:02:58 274
+1,279.0,182.0,78.40945,174.56824,10:03:00 558
0,218.0,111.0,218.0,111.0,10:03:02 554
自带导航,0,0,0,0,10:03:02 596
+2,219.0,94.0,248.90189,285.32828,10:03:06 558
＊主菜单＊,0,0,0,0,10:03:06 601
+1,255.0,188.0,82.0,185.0,10:03:06 757
+1,283.0,182.0,112.0,151.0,10:03:08 234
0,220.0,224.0,220.0,224.0,10:03:08 899
下载,0,0,0,0,10:03:08 937
+1,271.0,161.0,140.0,191.0,10:03:11 362
+1,263.0,184.0,51.938004,194.9053,10:03:12 570
+1,254.0,192.0,80.20638,206.44832,10:03:13 534
任务4, 结束
任务5, 开始
+2,172.0,62.0,203.0,254.0,10:03:20 276
＊主菜单＊,0,0,0,0,10:03:20 344
-1,97.0,149.0,262.0,175.0,10:03:22 879
-1,111.0,177.0,280.0,185.0,10:03:23 357
-1,120.0,172.0,288.0,205.0,10:03:24 317
-1,140.0,143.0,306.0,160.0,10:03:25 041
0,208.0,122.0,208.0,122.0,10:03:26 533
联系人,0,0,0,0,10:03:26 578
+1,278.0,178.0,89.0,144.0,10:03:28 040
+1,236.0,172.0,79.0,150.0,10:03:28 675
+1,222.0,170.0,62.0,139.0,10:03:29 364
+2,176.0,81.0,229.93546,293.30096,10:03:33 052
＊主菜单＊,0,0,0,0,10:03:33 090
0,101.0,118.0,101.0,118.0,10:03:35 190
电话,0,0,0,0,10:03:35 227
0,216.0,148.0,216.0,148.0,10:03:38 544
+1,285.0,202.0,89.593834,180.22153,10:03:39 037
任务5, 结束
＊＊＊＊＊＊＊＊＊＊＊＊＊＊＊＊＊＊＊＊＊＊＊＊＊＊＊＊＊＊
