任务1, 开始
+2,197.0,62.0,183.0,271.0,16:57:50 893
＊主菜单＊,0,0,0,0,16:57:50 923
0,112.0,220.0,112.0,220.0,16:57:53 883
新浪微博,0,0,0,0,16:57:53 913
+1,193.0,147.0,55.40196,187.09442,16:57:55 660
+1,227.0,174.0,95.0,190.0,16:57:57 313
-1,71.0,192.0,298.0,175.0,16:58:08 383
+1,272.0,173.0,62.259274,233.22221,16:58:24 916
-1,100.0,194.0,250.0,220.0,16:58:30 389
+1,272.0,187.0,87.75323,270.41666,16:58:30 879
任务1, 结束
任务2, 开始
+2,180.0,39.0,176.0,269.0,16:58:56 363
＊主菜单＊,0,0,0,0,16:58:56 411
+1,265.0,178.0,102.463356,195.93822,16:58:58 383
0,214.0,114.0,214.0,114.0,16:58:59 085
音乐,0,0,0,0,16:58:59 175
+1,254.0,181.0,136.0,198.0,16:59:01 878
+1,239.0,191.0,127.694405,229.76004,16:59:02 634
任务2, 结束
任务3, 开始
+2,218.0,56.0,180.0398,267.00793,16:59:12 906
＊主菜单＊,0,0,0,0,16:59:12 944
-1,71.0,181.0,312.51935,183.49075,16:59:15 882
-1,94.0,194.0,279.0,194.5,16:59:15 920
-1,70.0,191.0,277.48962,188.33891,16:59:16 849
+1,270.0,181.0,101.0,235.0,16:59:17 658
+1,241.0,191.0,87.10301,241.34494,16:59:18 231
+1,251.0,191.0,84.55228,274.07852,16:59:19 109
+1,260.0,178.0,140.0,205.0,16:59:19 972
0,97.0,218.0,97.0,218.0,16:59:22 469
卡包,0,0,0,0,16:59:22 503
+1,264.0,176.0,195.5,182.0,16:59:31 883
+1,289.0,182.0,142.7902,193.11803,16:59:32 937
+1,268.0,182.0,146.71454,188.46172,16:59:34 666
-1,139.0,179.0,292.93286,182.33824,16:59:37 885
+1,295.0,169.0,164.0,184.0,16:59:38 338
-1,104.0,183.0,277.0,182.5,16:59:41 878
-1,106.0,186.0,275.0,183.0,16:59:42 460
-1,150.0,190.0,292.0,189.0,16:59:43 263
+1,257.0,190.0,143.55319,211.8156,16:59:55 394
+1,268.0,168.0,137.8913,171.16306,16:59:56 124
+1,251.0,181.0,161.48418,195.55133,16:59:59 411
任务3, 结束
+2,198.0,33.0,191.61867,259.61124,17:00:06 414
＊主菜单＊,0,0,0,0,17:00:06 454
任务4, 开始
-1,89.0,159.0,268.82617,170.09319,17:00:11 367
-1,60.0,186.0,265.94666,209.71434,17:00:11 960
-1,92.0,198.0,297.0,208.0,17:00:12 705
-1,112.0,222.0,283.46912,217.99588,17:00:13 709
0,130.0,100.0,130.0,100.0,17:00:15 181
健康运动,0,0,0,0,17:00:15 216
+2,180.0,57.0,193.0,259.0,17:00:17 898
＊主菜单＊,0,0,0,0,17:00:17 954
0,220.0,112.0,220.0,112.0,17:00:19 886
睡眠,0,0,0,0,17:00:19 948
任务4, 结束
任务5, 开始
+2,178.0,46.0,199.0,302.0,17:00:34 896
＊主菜单＊,0,0,0,0,17:00:34 934
+1,211.0,192.0,59.213406,236.6494,17:00:36 394
+1,231.0,188.0,193.0,187.0,17:00:36 978
+1,254.0,187.0,146.0,199.0,17:00:37 503
+1,241.0,181.0,126.0,219.0,17:00:38 173
+1,248.0,158.0,123.65656,190.82492,17:00:38 750
+1,223.0,185.0,105.07648,223.11362,17:00:39 422
0,220.0,230.0,220.0,230.0,17:00:40 170
下载,0,0,0,0,17:00:40 205
+1,271.0,191.0,142.19972,220.76375,17:00:42 904
+1,255.0,181.0,144.0,189.0,17:00:42 935
+1,259.0,180.0,127.26214,210.79611,17:00:43 294
任务5, 结束
＊＊＊＊＊＊＊＊＊＊＊＊＊＊＊＊＊＊＊＊＊＊＊＊＊＊＊＊＊＊
