任务1, 开始
+2,178.0,61.0,192.37717,294.85852,16:51:53 901
＊主菜单＊,0,0,0,0,16:51:53 931
-1,86.0,191.0,264.0,184.0,16:51:57 342
-1,81.0,181.0,319.5,176.0,16:51:57 754
+1,264.0,152.0,104.0,155.0,16:51:59 602
-1,77.0,185.0,259.0,159.0,16:52:00 315
-1,107.0,182.0,268.0,173.0,16:52:00 937
-1,114.0,178.0,261.0,182.0,16:52:04 844
0,105.0,142.0,105.0,142.0,16:52:08 348
0,119.0,100.0,119.0,100.0,16:52:10 362
电话,0,0,0,0,16:52:10 405
+1,231.0,184.0,96.04148,198.25429,16:52:14 852
+1,263.0,195.0,119.0,215.0,16:52:15 564
-1,128.0,212.0,268.59268,217.75731,16:52:16 679
+1,264.0,174.0,107.76277,183.4788,16:52:27 346
+2,222.0,96.0,221.92043,250.64455,16:52:30 345
＊主菜单＊,0,0,0,0,16:52:30 385
0,218.0,103.0,218.0,103.0,16:52:32 888
联系人,0,0,0,0,16:52:32 939
+1,236.0,182.0,128.0,193.0,16:52:36 881
+1,247.0,177.0,103.72972,180.47911,16:52:40 350
+1,256.0,171.0,87.83047,187.46996,16:52:41 252
-1,108.0,200.0,279.6558,200.41385,16:52:44 344
-1,106.0,182.0,257.0,184.0,16:52:44 720
-1,96.0,193.0,251.0,188.0,16:52:45 478
+1,245.0,179.0,83.02515,200.85355,16:52:46 458
+1,227.0,180.0,95.677536,197.06201,16:52:47 284
+1,225.0,184.0,96.34749,201.10524,16:52:48 137
-1,104.0,197.0,275.0,202.0,16:52:51 352
-1,138.0,211.0,286.0,213.0,16:52:51 742
+1,223.0,190.0,101.0,218.0,16:52:53 075
+1,231.0,183.0,100.0,226.0,16:52:53 608
任务1, 结束
任务2, 开始
+2,182.0,75.0,217.0,257.0,16:53:10 367
＊主菜单＊,0,0,0,0,16:53:10 406
-1,98.0,183.0,319.22812,151.4433,16:53:12 044
-1,101.0,197.0,257.0,145.0,16:53:13 329
+1,256.0,147.0,84.52513,189.90733,16:53:14 391
+1,266.0,162.0,149.9862,172.9611,16:53:15 135
+1,259.0,155.0,129.0,161.0,16:53:16 051
0,220.0,223.0,220.0,223.0,16:53:19 840
相册,0,0,0,0,16:53:19 891
+1,255.0,150.0,56.823402,181.51103,16:53:22 859
-1,62.0,168.0,277.36035,153.0,16:53:25 353
+1,219.0,152.0,88.00969,181.45366,16:53:26 756
+1,247.0,154.0,130.0,184.0,16:53:29 354
任务2, 结束
任务3, 开始
+2,189.0,55.0,172.0,275.0,16:53:45 362
＊主菜单＊,0,0,0,0,16:53:45 412
+1,242.0,172.0,59.137466,185.16284,16:53:47 204
+1,288.0,179.0,163.0,182.5,16:53:48 068
+1,264.0,178.0,84.96168,202.92897,16:53:48 971
0,106.0,124.0,106.0,124.0,16:53:49 904
系统设置,0,0,0,0,16:53:49 949
+2,204.0,119.0,192.98552,281.7105,16:53:55 325
＊主菜单＊,0,0,0,0,16:53:55 390
0,218.0,113.0,218.0,113.0,16:53:58 859
自带导航,0,0,0,0,16:53:58 903
+2,203.0,120.0,203.50539,278.7956,16:54:00 030
＊主菜单＊,0,0,0,0,16:54:00 114
-1,113.0,189.0,269.0,176.0,16:54:06 887
0,97.0,226.0,97.0,226.0,16:54:07 283
天气,0,0,0,0,16:54:07 354
+1,245.0,156.0,100.0,190.0,16:54:09 865
+1,234.0,174.0,50.6374,189.69028,16:54:10 754
+1,258.0,165.0,40.018826,189.90738,16:54:11 606
+1,251.0,156.0,83.2576,178.47523,16:54:12 377
任务3, 结束
任务4, 开始
+2,189.0,52.0,177.0,280.0,16:54:27 869
＊主菜单＊,0,0,0,0,16:54:27 911
-1,112.0,178.0,322.64502,161.44301,16:54:29 709
-1,116.0,176.0,299.60364,146.54214,16:54:30 298
-1,101.0,160.0,256.0,143.0,16:54:30 903
-1,103.0,178.0,247.0,144.0,16:54:31 539
-1,107.0,151.0,251.0,147.0,16:54:32 437
0,97.0,115.0,97.0,115.0,16:54:33 539
健康运动,0,0,0,0,16:54:33 597
+1,231.0,174.0,87.06204,185.48187,16:54:36 890
+1,254.0,163.0,100.0,188.0,16:54:38 861
任务4, 结束
任务5, 开始
+2,196.0,37.0,205.0,276.0,16:55:02 912
＊主菜单＊,0,0,0,0,16:55:02 950
+1,225.0,178.0,61.0,194.0,16:55:05 863
+1,218.0,191.0,125.0,214.0,16:55:05 900
+1,225.0,183.0,83.961716,196.25319,16:55:09 629
+1,249.0,178.0,197.18906,183.1006,16:55:10 524
-1,57.0,179.0,243.0,146.0,16:55:11 918
-1,107.0,182.0,272.0,186.0,16:55:12 249
-1,104.0,192.0,253.84023,185.04437,16:55:12 848
0,94.0,119.0,94.0,119.0,16:55:13 568
腾讯QQ,0,0,0,0,16:55:13 615
+1,220.0,224.0,118.0,247.0,16:55:15 775
+2,177.0,70.0,180.92747,270.23853,16:55:16 831
＊主菜单＊,0,0,0,0,16:55:16 919
+1,225.0,171.0,78.37056,185.73148,16:55:19 066
+1,232.0,185.0,101.0,204.0,16:55:19 587
+1,214.0,192.0,125.95355,214.55496,16:55:20 324
+1,227.0,184.0,63.0,199.0,16:55:21 326
+1,241.0,184.0,121.46602,223.28156,16:55:22 395
0,218.0,220.0,218.0,220.0,16:55:23 232
下载,0,0,0,0,16:55:23 306
+1,228.0,182.0,101.0,205.0,16:55:25 860
+1,222.0,152.0,66.0,180.0,16:55:26 157
+1,248.0,148.0,104.0,161.0,16:55:27 018
任务5, 结束
＊＊＊＊＊＊＊＊＊＊＊＊＊＊＊＊＊＊＊＊＊＊＊＊＊＊＊＊＊＊
