任务1, 开始
+2,179.0,53.0,137.5,301.5,17:03:20 390
＊主菜单＊,0,0,0,0,17:03:20 429
245.32678,178.85332,17:03:22 192
122.075325,188.42729,17:03:22 265
88.0,190.0,17:03:22 328
+1,303.0,170.0,88.0,190.0,17:03:22 397
252.14857,170.47974,17:03:22 784
57.0,187.0,17:03:22 877
+1,283.0,165.0,57.0,187.0,17:03:22 961
237.30905,151.6354,17:03:24 496
171.26526,163.35951,17:03:24 622
82.0,185.0,17:03:24 705
+1,278.0,149.0,82.0,185.0,17:03:24 769
264.54294,153.78145,17:03:25 903
134.0013,171.49968,17:03:25 994
101.0,179.0,17:03:26 033
+1,286.0,157.0,101.0,179.0,17:03:26 116
0,214.0,221.0,214.0,221.0,17:03:29 422
下载,0,0,0,0,17:03:29 459
任务1, 结束
任务2, 开始
+2,186.0,63.0,176.71628,271.14728,17:03:45 920
＊主菜单＊,0,0,0,0,17:03:45 959
100.0349,181.32751,17:03:47 583
298.0,154.0,17:03:47 705
-1,66.0,187.0,298.0,154.0,17:03:47 816
138.86833,183.22768,17:03:48 415
280.0,182.0,17:03:48 487
-1,97.0,191.0,280.0,182.0,17:03:48 592
127.821396,169.63199,17:03:49 494
286.0,185.0,17:03:49 591
-1,102.0,173.0,286.0,185.0,17:03:49 682
134.21101,168.08595,17:03:50 787
244.6407,184.31169,17:03:50 878
268.0,188.0,17:03:50 972
-1,100.0,166.0,268.0,188.0,17:03:51 082
104.64308,165.78564,17:03:52 410
213.99303,170.13414,17:03:52 502
262.0,182.0,17:03:52 585
-1,80.0,174.0,262.0,182.0,17:03:52 692
0,212.0,107.0,212.0,107.0,17:03:53 839
微信,0,0,0,0,17:03:53 879
0,194.0,123.0,194.0,123.0,17:04:00 405
+1,256.0,215.0,123.66132,224.18549,17:04:01 379
+1,274.0,200.0,150.0,234.0,17:04:04 424
+1,267.0,190.0,146.95888,226.39108,17:04:08 913
+1,266.0,203.0,127.5,233.0,17:04:10 379
-1,131.0,186.0,270.0,188.0,17:04:11 565
-1,135.0,196.0,304.5,189.5,17:04:12 538
-1,128.0,192.0,274.87512,195.42616,17:04:13 715
-1,103.0,215.0,225.0,222.0,17:04:15 434
+1,244.0,222.0,136.0,231.0,17:04:17 106
0,231.0,231.0,231.0,231.0,17:04:19 911
+1,258.0,208.0,111.51995,235.34401,17:04:20 256
+1,243.0,137.0,25.0,207.0,17:04:26 418
任务2, 结束
任务3, 开始
+2,197.0,77.0,173.0,262.0,17:04:44 427
＊主菜单＊,0,0,0,0,17:04:44 467
248.13951,194.0,17:04:47 425
158.29517,223.94682,17:04:47 464
115.40736,233.89816,17:04:47 507
+1,266.0,194.0,115.40736,233.89816,17:04:47 558
174.4815,212.64163,17:04:48 796
62.909744,241.3279,17:04:48 832
+1,241.0,193.0,62.909744,241.3279,17:04:48 935
191.40407,211.66602,17:04:50 178
141.0,234.0,17:04:50 248
+1,254.0,188.0,141.0,234.0,17:04:50 392
0,206.0,222.0,206.0,222.0,17:04:51 648
笔记,0,0,0,0,17:04:51 747
+1,245.0,216.0,117.600525,228.9181,17:04:54 016
+1,267.0,193.0,131.0,238.0,17:04:55 545
任务3, 结束
任务4, 开始
+2,199.0,55.0,192.5,301.5,17:05:09 891
＊主菜单＊,0,0,0,0,17:05:09 927
231.99733,198.29669,17:05:12 925
108.0,254.0,17:05:12 962
+1,261.0,194.0,108.0,254.0,17:05:13 000
204.0197,182.09901,17:05:13 491
110.0,199.0,17:05:13 575
+1,251.0,179.0,110.0,199.0,17:05:13 662
227.1576,187.28395,17:05:15 678
261.0,189.0,17:05:15 731
-1,133.0,220.0,261.0,189.0,17:05:15 793
169.38136,191.93747,17:05:16 571
229.00577,187.0,17:05:16 647
262.0,187.0,17:05:16 745
-1,91.0,222.0,262.0,187.0,17:05:16 827
116.27916,160.93655,17:05:17 759
245.07376,144.79141,17:05:17 834
253.0,145.0,17:05:17 911
-1,94.0,166.0,253.0,145.0,17:05:17 976
0,106.0,227.0,106.0,227.0,17:05:19 039
视频,0,0,0,0,17:05:19 136
+1,272.0,181.0,113.206024,185.96555,17:05:22 413
任务4, 结束
任务5, 开始
+2,213.0,103.0,222.0,275.0,17:05:35 425
＊主菜单＊,0,0,0,0,17:05:35 464
134.5318,182.80853,17:05:37 042
257.59113,182.19931,17:05:37 101
281.0,184.0,17:05:37 185
-1,109.0,186.0,281.0,184.0,17:05:37 223
152.64006,177.0,17:05:37 920
284.0,194.0,17:05:37 998
-1,101.0,177.0,284.0,194.0,17:05:38 036
144.8028,178.85768,17:05:38 875
262.0,185.0,17:05:38 953
-1,105.0,182.0,262.0,185.0,17:05:39 013
0,226.0,109.0,226.0,109.0,17:05:40 699
睡眠,0,0,0,0,17:05:40 735
+1,229.0,175.0,66.0,223.0,17:05:43 927
+1,258.0,171.0,83.38256,244.48286,17:05:45 650
+1,232.0,186.0,175.0,210.0,17:05:48 414
任务5, 结束
＊＊＊＊＊＊＊＊＊＊＊＊＊＊＊＊＊＊＊＊＊＊＊＊＊＊＊＊＊＊
