任务1, 开始
+1,227.0,157.0,52.0,182.0,16:10:45 166
+1,226.0,177.0,0.4971676,185.92747,16:10:45 918
+1,245.0,175.0,27.0,182.0,16:10:47 210
+1,234.0,179.0,31.595734,203.35997,16:10:48 500
0,208.0,222.0,208.0,222.0,16:10:49 919
0,220.0,225.0,220.0,225.0,16:10:50 948
笔记,0,0,0,0,16:10:51 003
+1,251.0,188.0,44.0,195.0,16:10:54 144
任务1, 结束
任务2, 开始
0,214.0,229.0,214.0,229.0,16:12:14 637
+2,211.0,62.0,199.69759,278.00513,16:12:15 999
＊主菜单＊,0,0,0,0,16:12:16 067
+1,246.0,108.0,45.0,133.0,16:12:23 633
+1,259.0,154.0,31.0,179.0,16:12:25 057
-1,92.0,187.0,223.0,178.0,16:12:27 613
-1,103.0,169.0,303.0,167.0,16:12:28 024
-1,127.0,150.0,277.0,129.0,16:12:29 194
-1,91.0,167.0,265.0634,173.63867,16:12:30 756
-1,98.0,154.0,291.7786,153.36333,16:12:32 183
0,237.0,218.0,237.0,218.0,16:12:33 388
邮箱,0,0,0,0,16:12:33 482
+1,226.0,184.0,54.645756,186.5118,16:12:48 146
+1,227.0,201.0,76.0,198.0,16:12:48 999
-1,129.0,174.0,229.32765,186.81418,16:12:52 645
-1,76.0,189.0,299.2158,186.08603,16:12:53 103
+1,255.0,170.0,40.71864,177.70169,16:12:53 840
+1,229.0,181.0,47.0,177.5,16:12:54 462
+1,222.0,169.0,68.47849,180.0,16:12:55 966
+1,255.0,177.0,43.0,161.0,16:12:57 410
+1,264.0,152.0,79.620316,164.58162,16:13:01 142
+1,251.0,169.0,51.873978,162.633,16:13:04 141
-1,95.0,170.0,305.5,169.0,16:13:04 860
-1,85.0,182.0,287.99744,174.1868,16:13:05 524
0,72.0,184.0,72.0,184.0,16:13:06 145
-1,135.0,167.0,298.0,128.0,16:13:06 856
-1,125.0,188.0,270.0,146.0,16:13:07 570
-1,142.0,182.0,328.5707,142.5382,16:13:08 224
任务2, 结束
任务3, 开始
+2,203.0,51.0,199.0,255.0,16:13:28 665
＊主菜单＊,0,0,0,0,16:13:28 708
-1,55.0,202.0,310.9554,180.84875,16:13:32 172
+1,232.0,148.0,0.43674374,173.0,16:13:33 707
+1,218.0,169.0,55.0,179.0,16:13:34 864
+1,232.0,161.0,16.0,177.0,16:13:36 147
0,222.0,102.0,222.0,102.0,16:13:37 151
0,212.0,106.0,212.0,106.0,16:13:38 955
音乐,0,0,0,0,16:13:38 988
+1,264.0,173.0,37.067963,182.02913,16:13:43 649
+1,256.0,148.0,104.38878,150.33986,16:13:45 306
任务3, 结束
任务4, 开始
+2,211.0,80.0,189.0,258.0,16:14:04 668
＊主菜单＊,0,0,0,0,16:14:04 710
+1,232.0,187.0,118.0,188.5,16:14:07 633
+1,261.0,180.0,75.0,182.0,16:14:07 927
+1,265.0,168.0,92.78708,171.28935,16:14:08 900
0,103.0,95.0,103.0,95.0,16:14:10 145
系统设置,0,0,0,0,16:14:10 191
+1,186.0,179.0,91.22495,186.20592,16:14:17 145
-1,139.0,127.0,302.0,155.0,16:14:18 209
+1,267.0,150.0,96.75834,169.71979,16:14:23 643
-2,186.0,234.0,222.0,30.0,16:14:24 436
0,250.0,244.0,250.0,244.0,16:14:25 692
任务4, 结束
任务5, 开始
+2,191.0,90.0,206.33011,261.1042,16:15:21 685
＊主菜单＊,0,0,0,0,16:15:21 722
-1,65.0,183.0,284.9031,195.45912,16:15:24 650
-1,64.0,178.0,317.44904,188.96555,16:15:25 755
-1,127.0,174.0,275.6284,119.355034,16:15:26 654
-1,115.0,157.0,218.67178,133.82414,16:15:27 676
0,97.0,235.0,97.0,235.0,16:15:28 642
新浪微博,0,0,0,0,16:15:28 683
-1,128.0,147.0,253.0,140.0,16:15:29 317
-1,222.0,114.0,252.8694,240.89601,16:15:43 653
+2,186.0,96.0,183.0,271.0,16:15:50 160
＊主菜单＊,0,0,0,0,16:15:50 202
0,135.0,224.0,135.0,224.0,16:15:53 160
新浪微博,0,0,0,0,16:15:53 201
+2,220.0,43.0,242.03821,271.19104,16:16:17 152
＊主菜单＊,0,0,0,0,16:16:17 201
-1,131.0,151.0,295.0,132.0,16:16:20 163
-1,102.0,166.0,254.0,152.0,16:16:20 659
0,100.0,132.0,100.0,132.0,16:16:24 174
健康运动,0,0,0,0,16:16:24 212
任务5, 结束
＊＊＊＊＊＊＊＊＊＊＊＊＊＊＊＊＊＊＊＊＊＊＊＊＊＊＊＊＊＊
