任务1, 开始
+1,262.0,159.0,37.24962,140.40276,16:01:22 126
+1,250.0,162.0,39.312344,174.68402,16:01:23 290
+1,257.0,159.0,51.0,182.0,16:01:24 706
-1,83.0,185.0,316.2084,191.9727,16:01:25 729
-1,179.0,168.0,297.0,151.0,16:01:26 567
0,205.0,99.0,205.0,99.0,16:01:27 489
微信,0,0,0,0,16:01:27 681
+1,225.0,136.0,57.219254,187.49615,16:01:31 292
+1,246.0,186.0,57.0,187.0,16:01:32 569
+1,263.0,181.0,58.0,183.0,16:01:33 775
+1,236.0,176.0,20.267832,181.80234,16:01:34 985
+1,247.0,160.0,55.0,175.0,16:01:36 173
0,146.0,181.0,146.0,181.0,16:01:36 794
+2,165.0,36.0,144.47789,251.60733,16:01:38 274
＊主菜单＊,0,0,0,0,16:01:38 344
0,191.0,101.0,191.0,101.0,16:01:39 103
微信,0,0,0,0,16:01:39 219
+1,248.0,178.0,57.0,185.0,16:01:40 288
+2,198.0,66.0,185.0,282.0,16:01:44 085
＊主菜单＊,0,0,0,0,16:01:44 119
+1,213.0,172.0,31.255434,157.77522,16:01:46 583
+1,218.0,184.0,64.705696,193.007,16:01:47 535
+1,236.0,184.0,96.0,202.0,16:01:48 788
+1,256.0,165.0,130.0,186.0,16:01:50 223
+1,225.0,170.0,116.0,196.5,16:01:52 152
+1,233.0,163.0,105.22077,181.12192,16:01:53 592
-1,96.0,194.0,294.0987,181.0,16:01:54 274
-1,105.0,178.0,278.0,143.0,16:01:55 586
-1,136.0,174.0,258.0,167.0,16:01:56 332
-1,151.0,185.0,306.5,137.5,16:01:57 926
-1,180.0,210.0,304.72308,179.53282,16:01:59 277
-1,125.0,189.0,309.03226,149.50322,16:02:00 043
-1,150.0,194.0,315.0493,158.0,16:02:01 959
-1,172.0,180.0,280.0,152.0,16:02:03 350
+1,272.0,184.0,35.086876,224.29527,16:02:05 323
+1,266.0,187.0,39.782543,238.9246,16:02:06 602
0,101.0,219.0,101.0,219.0,16:02:07 495
新浪微博,0,0,0,0,16:02:07 694
0,225.0,87.0,225.0,87.0,16:02:16 074
0,219.0,108.0,219.0,108.0,16:02:16 609
+1,256.0,153.0,60.0,179.0,16:02:19 593
-1,73.0,182.0,273.0,184.5,16:02:20 147
任务1, 结束
任务2, 开始
-1,203.0,282.0,261.0,183.0,16:02:44 094
-2,172.0,264.0,275.36075,45.16012,16:02:45 627
-2,209.0,242.0,295.5,48.5,16:02:47 650
+2,226.0,63.0,221.0,265.0,16:02:48 488
＊主菜单＊,0,0,0,0,16:02:48 550
+1,262.0,172.0,62.0,188.0,16:02:51 606
0,132.0,235.0,132.0,235.0,16:02:52 817
视频,0,0,0,0,16:02:52 864
+1,220.0,181.0,87.0,185.0,16:02:55 601
0,186.0,204.0,186.0,204.0,16:02:58 183
任务2, 结束
任务3, 开始
-2,199.0,281.0,244.0,55.0,16:03:15 629
+2,216.0,32.0,206.0,192.0,16:03:17 589
＊主菜单＊,0,0,0,0,16:03:17 631
-1,56.0,160.0,295.09625,153.0,16:03:22 090
-1,109.0,177.0,289.0,177.0,16:03:22 575
-1,120.0,175.0,261.18585,176.299,16:03:23 722
0,195.0,123.0,195.0,123.0,16:03:26 594
睡眠,0,0,0,0,16:03:26 638
+1,263.0,145.0,49.0,186.0,16:03:32 087
任务3, 结束
任务4, 开始
-2,191.0,270.0,241.98077,37.569344,16:03:49 104
+2,215.0,39.0,186.0,194.0,16:03:49 546
＊主菜单＊,0,0,0,0,16:03:49 587
+1,272.0,190.0,28.395985,217.10327,16:03:52 599
+1,215.0,154.0,48.9954,186.55627,16:03:53 588
+1,221.0,153.0,86.0,181.0,16:03:54 799
+1,218.0,183.0,34.058746,193.00279,16:03:55 982
+1,228.0,162.0,35.22592,167.54634,16:03:59 386
+1,237.0,155.0,28.0,161.0,16:04:01 156
0,203.0,220.0,203.0,220.0,16:04:02 591
下载,0,0,0,0,16:04:02 645
任务4, 结束
任务5, 开始
-2,160.0,275.0,280.46533,76.738335,16:04:18 596
-2,191.0,275.0,270.46332,93.43162,16:04:19 899
+2,221.0,99.0,215.81168,255.29248,16:04:20 945
＊主菜单＊,0,0,0,0,16:04:21 013
-1,99.0,169.0,285.3104,175.30789,16:04:24 598
-1,131.0,188.0,323.24832,165.69415,16:04:25 913
0,128.0,223.0,128.0,223.0,16:04:27 465
天气,0,0,0,0,16:04:27 526
+1,250.0,204.0,35.392975,259.215,16:04:36 120
-1,95.0,174.0,314.5,154.0,16:04:37 280
+1,253.0,188.0,66.93935,224.6485,16:04:44 088
+1,260.0,180.0,95.0,199.0,16:04:44 827
+1,252.0,200.0,135.0,225.0,16:04:45 958
+1,242.0,185.0,35.250656,211.37717,16:04:47 115
-1,54.0,206.0,254.008,180.82042,16:04:48 542
-1,125.0,190.0,264.88794,181.06178,16:04:49 213
-1,106.0,175.0,317.0662,157.10031,16:04:50 114
+1,199.0,189.0,88.358475,215.60313,16:04:52 608
+1,222.0,182.0,36.164143,194.93822,16:04:53 332
-1,131.0,198.0,296.0,189.5,16:04:54 607
-1,127.0,199.0,256.0,186.0,16:04:55 338
-1,143.0,196.0,244.81458,183.09404,16:04:57 000
任务5, 结束
＊＊＊＊＊＊＊＊＊＊＊＊＊＊＊＊＊＊＊＊＊＊＊＊＊＊＊＊＊＊
-1,245.0,230.0,295.0,106.0,16:05:27 598
-1,210.0,282.0,261.8622,212.09877,16:05:27 933
+2,232.0,97.0,228.0,258.0,16:05:28 877
＊主菜单＊,0,0,0,0,16:05:28 933
