任务1, 开始
224.71132,179.0,16:19:31 724
56.0,183.0,16:19:31 752
+1,245.0,179.0,56.0,183.0,16:19:31 791
205.5713,161.09218,16:19:33 563
83.90373,152.40665,16:19:33 614
80.0,152.0,16:19:33 715
+1,238.0,159.0,80.0,152.0,16:19:33 818
230.53941,174.51909,16:19:35 532
130.34059,185.72162,16:19:35 627
99.0,185.0,16:19:35 694
+1,254.0,171.0,99.0,185.0,16:19:35 783
0,216.0,99.0,216.0,99.0,16:19:37 525
音乐,0,0,0,0,16:19:37 572
+1,251.0,184.0,37.95565,196.0,16:19:42 168
任务1, 结束
任务2, 开始
+2,170.0,116.0,154.0,289.0,16:20:04 219
＊主菜单＊,0,0,0,0,16:20:04 255
147.06381,165.99469,16:20:09 194
221.1064,166.64577,16:20:09 233
307.0,162.0,16:20:09 275
-1,123.0,168.0,307.0,162.0,16:20:09 310
0,143.0,99.0,143.0,99.0,16:20:10 546
电话,0,0,0,0,16:20:10 615
0,128.0,95.0,128.0,95.0,16:20:11 280
0,227.0,138.0,227.0,138.0,16:20:14 168
0,152.0,146.0,152.0,146.0,16:20:14 988
+1,261.0,155.0,71.0,186.0,16:20:15 917
任务2, 结束
任务3, 开始
+2,184.0,77.0,154.0,243.0,16:20:39 686
＊主菜单＊,0,0,0,0,16:20:39 723
142.09424,179.27701,16:20:41 630
309.5025,189.62086,16:20:41 678
-1,96.0,181.0,309.5025,189.62086,16:20:41 741
210.60371,147.0,16:20:42 763
324.67184,164.83809,16:20:42 814
-1,76.0,166.0,324.67184,164.83809,16:20:42 867
205.7663,183.0425,16:20:44 149
126.0,193.0,16:20:44 203
+1,228.0,179.0,126.0,193.0,16:20:44 287
84.27905,178.0,16:20:44 953
243.75233,171.73364,16:20:44 986
307.0,171.0,16:20:45 100
-1,67.0,178.0,307.0,171.0,16:20:45 216
0,223.0,228.0,223.0,228.0,16:20:49 181
国际象棋,0,0,0,0,16:20:49 218
+1,224.0,181.0,51.21215,181.02907,16:20:55 169
任务3, 结束
任务4, 开始
+2,193.0,26.0,167.0,246.0,16:21:17 696
＊主菜单＊,0,0,0,0,16:21:17 734
230.99292,191.84724,16:21:17 772
162.3797,196.73877,16:21:17 816
62.0,206.0,16:21:17 856
+1,263.0,190.0,62.0,206.0,16:21:17 892
245.54202,174.0,16:21:18 525
184.61191,183.26639,16:21:18 570
56.971653,195.50061,16:21:18 621
34.0,196.0,16:21:18 667
+1,265.0,174.0,34.0,196.0,16:21:18 767
211.35129,178.48491,16:21:19 648
137.0402,190.47583,16:21:19 686
93.0,197.0,16:21:19 742
+1,230.0,173.0,93.0,197.0,16:21:19 780
0,124.0,223.0,124.0,223.0,16:21:21 558
视频,0,0,0,0,16:21:21 597
+1,218.0,170.0,53.0,170.0,16:21:24 139
+1,227.0,185.0,48.0,212.0,16:21:30 184
-1,76.0,209.0,282.5,202.5,16:21:30 617
+1,272.0,185.0,52.0,189.0,16:21:33 693
-1,125.0,176.0,281.2887,180.17723,16:21:37 684
+2,195.0,85.0,195.76384,261.74664,16:21:45 689
＊主菜单＊,0,0,0,0,16:21:45 735
227.80788,180.06274,16:21:48 693
55.0,192.0,16:21:48 730
+1,271.0,179.0,55.0,192.0,16:21:48 795
0,106.0,115.0,106.0,115.0,16:21:49 940
浏览器,0,0,0,0,16:21:50 028
+1,263.0,190.0,95.6816,218.54547,16:21:56 686
-1,101.0,179.0,312.0,179.5,16:21:59 686
任务4, 结束
任务5, 开始
+2,174.0,52.0,172.95631,228.40253,16:22:15 216
＊主菜单＊,0,0,0,0,16:22:15 255
226.01784,185.49554,16:22:18 207
92.00777,197.47307,16:22:18 256
+1,270.0,180.0,92.00777,197.47307,16:22:18 372
235.43704,187.7886,16:22:20 154
128.99316,205.00145,16:22:20 299
53.684406,197.7114,16:22:20 458
+1,275.0,183.0,53.684406,197.7114,16:22:20 655
0,217.0,230.0,217.0,230.0,16:22:21 663
下载,0,0,0,0,16:22:21 705
+1,225.0,188.0,71.0,197.0,16:22:25 044
+1,229.0,184.0,78.5,183.5,16:22:26 394
+1,252.0,182.0,74.0,195.0,16:22:27 871
任务5, 结束
＊＊＊＊＊＊＊＊＊＊＊＊＊＊＊＊＊＊＊＊＊＊＊＊＊＊＊＊＊＊
