任务1, 开始
+2,189.0,69.0,196.0,274.0,16:34:38 306
＊主菜单＊,0,0,0,0,16:34:38 339
+1,270.0,130.0,52.238037,121.82918,16:34:41 761
+1,208.0,155.0,87.098305,160.02547,16:34:41 801
+1,222.0,187.0,54.0,142.0,16:34:42 352
+1,210.0,158.0,66.66196,198.8727,16:34:43 320
+1,183.0,195.0,5.6329384,195.48909,16:34:44 509
+1,252.0,105.0,94.0,155.0,16:34:45 625
0,106.0,109.0,106.0,109.0,16:34:46 840
系统设置,0,0,0,0,16:34:46 890
任务1, 结束
任务2, 开始
+2,192.0,78.0,183.22374,285.0581,16:35:13 258
＊主菜单＊,0,0,0,0,16:35:13 301
-1,112.0,178.0,320.0,150.5,16:35:15 782
-1,63.0,182.0,294.0,133.0,16:35:15 962
-1,107.0,241.0,287.0,181.0,16:35:16 685
-1,133.0,186.0,299.56104,164.31102,16:35:17 365
-1,114.0,197.0,344.03967,143.77281,16:35:18 061
-1,138.0,161.0,228.0,142.0,16:35:18 743
-1,99.0,201.0,313.8166,122.88013,16:35:19 443
-1,136.0,148.0,257.0,132.0,16:35:20 065
0,116.0,142.0,116.0,142.0,16:35:21 055
0,112.0,80.0,112.0,80.0,16:35:23 245
健康运动,0,0,0,0,16:35:23 283
-1,108.0,153.0,298.0,175.0,16:35:26 252
-1,140.0,159.0,318.8798,179.89684,16:35:26 826
+1,242.0,162.0,15.992935,175.51273,16:35:27 545
+1,286.0,171.0,101.807304,166.26094,16:35:30 765
+1,251.0,183.0,125.0,176.0,16:35:31 234
+1,252.0,159.0,109.24048,157.06891,16:35:33 722
+1,219.0,146.0,89.0,139.0,16:35:34 245
任务2, 结束
任务3, 开始
+2,200.0,30.0,171.75581,260.09024,16:35:52 775
＊主菜单＊,0,0,0,0,16:35:52 877
+1,296.0,179.0,83.43671,181.20187,16:35:55 773
0,103.0,190.0,103.0,190.0,16:35:56 681
短信息,0,0,0,0,16:35:56 723
+1,248.0,137.0,69.30322,184.25717,16:36:02 273
-1,124.0,208.0,297.17606,172.18707,16:36:06 268
+2,187.0,34.0,216.0919,239.24908,16:36:12 755
＊主菜单＊,0,0,0,0,16:36:12 794
0,233.0,135.0,233.0,135.0,16:36:16 269
微信,0,0,0,0,16:36:16 310
+1,188.0,195.0,12.555019,188.45103,16:36:22 258
+2,149.0,70.0,131.2902,296.09003,16:36:25 768
＊主菜单＊,0,0,0,0,16:36:25 810
0,98.0,131.0,98.0,131.0,16:36:27 374
腾讯QQ,0,0,0,0,16:36:27 437
+1,229.0,149.0,16.0,168.0,16:36:33 268
任务3, 结束
任务4, 开始
+2,171.0,71.0,158.0,261.0,16:37:03 777
＊主菜单＊,0,0,0,0,16:37:03 816
0,207.0,108.0,207.0,108.0,16:37:05 148
微信,0,0,0,0,16:37:05 204
+1,223.0,129.0,56.676704,149.45067,16:37:09 772
+1,232.0,172.0,96.0,150.0,16:37:10 453
+1,264.0,147.0,30.0,152.0,16:37:12 268
+1,260.0,182.0,69.242004,186.73543,16:37:13 673
-1,49.0,132.0,188.0,151.0,16:37:14 658
-1,104.0,178.0,300.0,158.0,16:37:15 320
-1,91.0,237.0,250.0,144.0,16:37:18 262
-1,100.0,183.0,209.0,148.0,16:37:19 066
+2,162.0,33.0,175.0,281.0,16:37:25 278
＊主菜单＊,0,0,0,0,16:37:25 326
0,133.0,263.0,133.0,263.0,16:37:27 104
0,126.0,225.0,126.0,225.0,16:37:27 965
短信息,0,0,0,0,16:37:28 002
+1,233.0,182.0,25.214073,221.93756,16:37:32 265
+2,141.0,86.0,140.23155,276.41824,16:37:33 528
＊主菜单＊,0,0,0,0,16:37:33 588
0,116.0,100.0,116.0,100.0,16:37:36 270
腾讯QQ,0,0,0,0,16:37:36 322
+1,250.0,94.0,42.5,177.0,16:37:38 833
+1,256.0,114.0,26.0,140.0,16:37:39 717
+2,181.0,69.0,174.62282,277.54996,16:37:42 769
＊主菜单＊,0,0,0,0,16:37:42 806
任务4, 结束
任务5, 开始
+2,166.0,52.0,169.14072,212.91183,16:37:54 774
+2,113.0,59.0,84.686066,238.14897,16:37:55 965
+2,184.0,84.0,180.94908,263.07993,16:37:56 996
+1,253.0,149.0,38.610413,176.88373,16:37:57 388
+1,289.0,175.0,57.0,196.0,16:37:58 146
+1,239.0,165.0,17.0,196.0,16:37:58 988
-1,101.0,181.0,294.62378,219.14984,16:37:59 512
0,123.0,226.0,123.0,226.0,16:38:00 098
视频,0,0,0,0,16:38:00 131
任务5, 结束
＊＊＊＊＊＊＊＊＊＊＊＊＊＊＊＊＊＊＊＊＊＊＊＊＊＊＊＊＊＊
