任务1, 开始
0,83.0,182.0,83.0,182.0,16:27:35 732
视频,0,0,0,0,16:27:35 782
任务1, 结束
任务2, 开始
+2,182.0,100.0,192.367,291.20203,16:27:49 815
＊主菜单＊,0,0,0,0,16:27:49 953
-1,95.0,154.0,262.10965,135.99599,16:27:52 787
0,215.0,229.0,215.0,229.0,16:27:54 849
支付宝,0,0,0,0,16:27:54 980
任务2, 结束
任务3, 开始
+2,179.0,98.0,173.41672,248.54782,16:28:09 312
＊主菜单＊,0,0,0,0,16:28:09 456
-1,70.0,154.0,305.0,177.0,16:28:12 801
-1,58.0,177.0,253.40866,186.69505,16:28:13 873
0,96.0,103.0,96.0,103.0,16:28:16 752
健康运动,0,0,0,0,16:28:16 786
+1,250.0,182.0,45.0,225.0,16:28:19 233
+1,255.0,195.0,109.860535,209.46837,16:28:20 038
-1,78.0,187.0,249.0,187.0,16:28:20 739
+1,222.0,181.0,20.544544,208.36978,16:28:21 988
+1,271.0,176.0,83.693146,224.04881,16:28:22 710
+1,245.0,191.0,98.0,193.0,16:28:23 487
任务3, 结束
任务4, 开始
+2,215.0,79.0,150.30775,299.90088,16:28:35 222
＊主菜单＊,0,0,0,0,16:28:35 267
+1,299.0,166.0,90.0,169.0,16:28:38 739
+1,254.0,180.0,38.77751,105.0653,16:28:39 686
+1,246.0,184.0,44.23835,189.45007,16:28:40 836
+1,197.0,176.0,103.0,180.0,16:28:41 827
+1,238.0,186.0,25.0,184.0,16:28:43 042
0,112.0,128.0,112.0,128.0,16:28:44 545
股票,0,0,0,0,16:28:44 640
+1,242.0,167.0,53.972107,191.92345,16:28:49 229
+1,292.0,154.0,59.19416,186.2388,16:28:50 478
+1,248.0,140.0,52.0,187.0,16:28:51 520
任务4, 结束
+2,192.0,66.0,215.2897,280.1495,16:29:06 228
＊主菜单＊,0,0,0,0,16:29:06 271
任务5, 开始
+1,238.0,205.0,58.0,221.0,16:29:10 737
+1,213.0,186.0,42.056953,186.24228,16:29:11 891
-1,89.0,160.0,242.0,181.0,16:29:12 489
-1,109.0,164.0,287.3052,191.26105,16:29:13 382
+1,283.0,147.0,51.0,164.0,16:29:14 687
+1,222.0,173.0,23.0,176.0,16:29:15 455
0,247.0,221.0,247.0,221.0,16:29:16 247
0,182.0,201.0,182.0,201.0,16:29:17 477
下载,0,0,0,0,16:29:17 540
任务5, 结束
＊＊＊＊＊＊＊＊＊＊＊＊＊＊＊＊＊＊＊＊＊＊＊＊＊＊＊＊＊＊
