任务1, 开始
+2,175.0,89.0,149.0,275.0,16:42:36 362
＊主菜单＊,0,0,0,0,16:42:36 388
0,213.0,103.0,213.0,103.0,16:42:38 810
自带导航,0,0,0,0,16:42:38 848
+1,236.0,210.0,75.86871,202.0,16:42:41 303
+2,174.0,101.0,169.81409,273.34006,16:42:42 913
＊主菜单＊,0,0,0,0,16:42:42 958
276.46716,172.33882,16:42:45 811
329.82373,178.92345,16:42:45 868
-1,133.0,177.0,329.82373,178.92345,16:42:45 906
115.40928,200.59073,16:42:48 325
246.96152,186.7909,16:42:48 373
261.0,186.0,16:42:48 400
-1,96.0,220.0,261.0,186.0,16:42:48 438
245.0192,126.71539,16:42:48 810
-1,131.0,164.0,245.0192,126.71539,16:42:48 853
161.2093,190.91382,16:42:51 801
264.3303,160.17963,16:42:51 840
296.0,151.0,16:42:51 875
-1,144.0,198.0,296.0,151.0,16:42:51 911
181.59724,151.68005,16:42:52 484
256.0,136.0,16:42:52 564
-1,153.0,167.0,256.0,136.0,16:42:52 651
227.96555,149.32233,16:42:54 469
-1,127.0,202.0,227.96555,149.32233,16:42:54 505
196.08742,176.31616,16:42:55 166
259.0,177.0,16:42:55 225
-1,143.0,180.0,259.0,177.0,16:42:55 292
140.68361,185.58983,16:42:57 212
266.0,174.0,16:42:57 260
315.98608,172.06541,16:42:57 293
-1,120.0,198.0,315.98608,172.06541,16:42:57 330
100.101295,138.27141,16:42:58 022
275.6496,181.4411,16:42:58 107
-1,48.0,133.0,275.6496,181.4411,16:42:58 202
205.87448,187.0,16:43:01 445
106.61365,176.15654,16:43:01 482
11.792168,152.7929,16:43:01 581
+1,239.0,187.0,11.792168,152.7929,16:43:01 673
188.56177,171.63147,16:43:02 364
99.0,183.0,16:43:02 404
+1,228.0,155.0,99.0,183.0,16:43:02 510
0,198.0,176.0,198.0,176.0,16:43:03 982
支付宝,0,0,0,0,16:43:04 048
+1,257.0,202.0,83.0,222.0,16:43:06 770
+2,181.0,107.0,171.58162,297.79807,16:43:10 315
＊主菜单＊,0,0,0,0,16:43:10 346
240.03935,175.0,16:43:15 870
83.75571,192.64253,16:43:15 907
+1,257.0,175.0,83.75571,192.64253,16:43:15 943
197.22183,151.0,16:43:19 322
158.72165,153.52283,16:43:19 359
132.0,154.0,16:43:19 394
+1,223.0,151.0,132.0,154.0,16:43:19 429
0,92.0,100.0,92.0,100.0,16:43:22 303
浏览器,0,0,0,0,16:43:22 349
+1,257.0,203.0,31.0,207.5,16:43:24 074
+2,219.0,95.0,220.76236,282.51575,16:43:26 742
＊主菜单＊,0,0,0,0,16:43:26 889
131.4016,98.188835,16:43:27 463
126.415634,162.88898,16:43:27 522
125.38698,213.19304,16:43:27 564
129.0,229.0,16:43:27 625
+2,133.0,63.0,129.0,229.0,16:43:27 704
231.0,240.0,16:43:29 258
0,224.0,258.0,224.0,258.0,16:43:29 295
0,229.0,212.0,229.0,212.0,16:43:29 966
笔记,0,0,0,0,16:43:30 003
+1,224.0,149.0,101.0,152.0,16:43:32 800
+1,221.0,184.0,101.84867,182.14993,16:43:34 503
+1,228.0,230.0,41.102364,230.96912,16:43:37 637
-1,99.0,188.0,288.0,212.0,16:43:40 306
-1,143.0,202.0,251.0,223.5,16:43:41 112
-1,107.0,186.0,258.0,141.0,16:43:44 087
+2,221.0,62.0,219.0,216.0,16:43:45 613
＊主菜单＊,0,0,0,0,16:43:45 685
任务1, 结束
任务2, 开始
139.345,54.69,16:44:09 324
144.6676,83.75493,16:44:09 370
181.43419,209.8628,16:44:09 407
205.5355,274.33878,16:44:09 446
+2,135.0,29.0,205.5355,274.33878,16:44:09 494
78.91546,151.42181,16:44:09 989
257.0,134.0,16:44:10 027
-1,59.0,164.0,257.0,134.0,16:44:10 131
75.54236,160.0,16:44:10 991
223.0,181.0,16:44:11 058
-1,55.0,160.0,223.0,181.0,16:44:11 116
102.37176,206.14496,16:44:11 725
126.64103,190.5436,16:44:11 763
196.41843,184.87572,16:44:11 811
259.0,192.0,16:44:11 897
-1,92.0,230.0,259.0,192.0,16:44:11 935
126.83433,121.23176,16:44:12 383
265.0,167.0,16:44:12 420
-1,108.0,116.0,265.0,167.0,16:44:12 503
87.80713,162.91573,16:44:13 389
161.0,160.0,16:44:13 440
-1,66.0,176.0,161.0,160.0,16:44:13 503
0,112.0,99.0,112.0,99.0,16:44:16 322
健康运动,0,0,0,0,16:44:16 366
+1,245.0,183.0,131.02104,198.57666,16:44:18 805
+1,224.0,192.0,121.0,197.0,16:44:23 309
+1,257.0,152.0,26.0,188.0,16:44:32 306
+1,243.0,155.0,20.0,169.0,16:44:36 292
+1,212.0,163.0,61.0,183.0,16:44:39 300
+2,200.0,129.0,200.04533,287.34464,16:44:40 359
＊主菜单＊,0,0,0,0,16:44:40 454
任务2, 结束
任务3, 开始
164.19257,187.93977,16:45:16 334
64.94759,181.48552,16:45:16 379
59.0,181.0,16:45:16 420
+1,218.0,185.0,59.0,181.0,16:45:16 470
183.27759,184.0,16:45:17 167
15.305122,184.0,16:45:17 204
+1,206.0,184.0,15.305122,184.0,16:45:17 288
0,209.0,221.0,209.0,221.0,16:45:18 712
支付宝,0,0,0,0,16:45:18 774
+1,173.0,189.0,31.0,181.0,16:45:21 283
+2,158.0,125.0,139.0,286.0,16:45:24 313
＊主菜单＊,0,0,0,0,16:45:24 349
0,111.0,231.0,111.0,231.0,16:45:25 697
新浪微博,0,0,0,0,16:45:25 732
+1,211.0,197.0,77.4619,192.28094,16:45:27 993
+1,222.0,196.0,11.161989,179.04962,16:45:29 006
+1,227.0,148.0,75.1012,181.55344,16:45:29 916
+2,213.0,97.0,192.95265,293.2751,16:45:30 817
＊主菜单＊,0,0,0,0,16:45:30 910
199.80695,127.79537,16:45:32 877
141.77675,138.60275,16:45:32 914
37.360283,138.73096,16:45:32 954
+1,225.0,111.0,37.360283,138.73096,16:45:32 989
266.16785,196.0,16:45:33 429
223.5238,190.87755,16:45:33 522
59.0,172.0,16:45:33 610
+1,284.0,196.0,59.0,172.0,16:45:33 666
146.35529,164.62566,16:45:34 348
48.0,183.0,16:45:34 389
+1,192.0,146.0,48.0,183.0,16:45:34 507
180.49507,181.73788,16:45:35 515
21.857677,178.36432,16:45:35 565
17.0,178.0,16:45:35 625
+1,220.0,177.0,17.0,178.0,16:45:35 721
196.4252,191.61372,16:45:36 520
18.0,183.0,16:45:36 625
+1,273.0,189.0,18.0,183.0,16:45:36 715
0,87.0,124.0,87.0,124.0,16:45:37 740
系统设置,0,0,0,0,16:45:37 827
0,99.0,102.0,99.0,102.0,16:45:38 369
任务3, 结束
任务4, 开始
+2,124.0,71.0,105.48816,294.47913,16:45:49 305
＊主菜单＊,0,0,0,0,16:45:49 352
183.41309,132.42651,16:45:51 101
274.55338,140.11807,16:45:51 140
-1,61.0,136.0,274.55338,140.11807,16:45:51 198
220.78235,185.24525,16:45:51 987
274.0,189.0,16:45:52 028
-1,118.0,181.0,274.0,189.0,16:45:52 098
188.51605,153.02069,16:45:53 970
329.6116,180.85495,16:45:54 020
-1,61.0,137.0,329.6116,180.85495,16:45:54 084
0,193.0,132.0,193.0,132.0,16:45:55 529
音乐,0,0,0,0,16:45:55 563
+1,222.0,180.0,19.0,155.0,16:45:58 825
任务4, 结束
任务5, 开始
+2,185.0,101.0,140.0516,307.34775,16:46:19 813
＊主菜单＊,0,0,0,0,16:46:19 856
106.66753,102.67667,16:46:22 821
-1,71.0,107.0,106.66753,102.67667,16:46:22 861
249.02827,170.2407,16:46:23 177
-1,93.0,184.0,249.02827,170.2407,16:46:23 223
121.59586,162.08636,16:46:24 235
213.0,175.0,16:46:24 276
-1,52.0,152.0,213.0,175.0,16:46:24 336
0,127.0,221.0,127.0,221.0,16:46:25 043
短信息,0,0,0,0,16:46:25 113
+1,222.0,144.0,-0.26737213,157.42674,16:46:32 810
+2,209.0,80.0,170.79076,291.48212,16:46:38 830
＊主菜单＊,0,0,0,0,16:46:38 871
190.52339,153.8898,16:46:40 551
267.54587,165.03188,16:46:40 598
294.0,169.0,16:46:40 663
-1,95.0,145.0,294.0,169.0,16:46:40 724
252.73578,181.22409,16:46:41 498
151.9554,193.34514,16:46:41 544
52.56773,194.0,16:46:41 590
+1,296.0,165.0,52.56773,194.0,16:46:41 671
168.75175,163.21056,16:46:42 064
66.0,180.0,16:46:42 185
+1,209.0,151.0,66.0,180.0,16:46:42 291
0,116.0,101.0,116.0,101.0,16:46:42 997
电话,0,0,0,0,16:46:43 085
+1,259.0,195.0,54.755,150.5541,16:46:47 819
任务5, 结束
＊＊＊＊＊＊＊＊＊＊＊＊＊＊＊＊＊＊＊＊＊＊＊＊＊＊＊＊＊＊
