+2,168.0,39.0,146.70087,285.6834,17:34:56 317
＊主菜单＊,0,0,0,0,17:34:56 408
任务1, 开始
+1,283.0,132.0,27.0,148.0,17:35:02 824
+1,281.0,110.0,59.0,150.0,17:35:05 955
+1,206.0,150.0,25.0,156.0,17:35:06 947
+1,240.0,146.0,54.0,140.0,17:35:08 460
+1,286.0,148.0,28.0,178.0,17:35:09 316
+1,266.0,151.0,53.0,187.0,17:35:10 546
+1,271.0,131.0,39.0,155.0,17:35:11 803
-1,60.0,181.0,304.0,174.0,17:35:12 659
-1,78.0,186.0,255.0,177.0,17:35:12 817
-1,101.0,131.0,289.0,175.0,17:35:13 723
-1,66.0,141.0,265.0,179.0,17:35:14 825
-1,101.0,174.0,298.0,178.0,17:35:16 224
0,215.0,104.0,215.0,104.0,17:35:16 770
微信,0,0,0,0,17:35:17 072
+1,273.0,140.0,17.818987,160.96379,17:35:23 719
+1,293.0,131.0,51.0,137.0,17:35:24 516
+1,296.0,155.0,10.0,154.0,17:35:25 728
+1,238.0,153.0,77.0,152.0,17:35:27 397
-1,56.0,182.0,259.0,184.0,17:35:28 859
-1,81.0,174.0,302.0,155.0,17:35:29 642
-1,80.0,184.0,301.0,175.0,17:35:30 657
+2,177.0,28.0,215.0,279.0,17:35:31 556
＊主菜单＊,0,0,0,0,17:35:31 692
+1,280.0,151.0,26.0,177.0,17:35:34 371
+1,248.0,148.0,36.0,152.0,17:35:34 956
+1,271.0,140.0,58.0,168.0,17:35:35 868
0,217.0,233.0,217.0,233.0,17:35:37 521
笔记,0,0,0,0,17:35:37 599
+1,277.0,132.0,25.0,149.0,17:35:40 048
+1,293.0,161.0,11.709887,175.59805,17:35:42 039
+2,179.0,114.0,184.19307,266.0,17:35:44 408
＊主菜单＊,0,0,0,0,17:35:44 508
0,225.0,225.0,225.0,225.0,17:35:47 269
笔记,0,0,0,0,17:35:47 322
+1,270.0,137.0,19.0,177.0,17:35:49 846
+1,282.0,144.0,19.0,149.0,17:35:50 456
+1,296.0,155.0,23.0,182.0,17:35:51 153
0,181.0,62.0,181.0,62.0,17:35:56 739
0,213.0,94.0,213.0,94.0,17:35:58 406
+1,282.0,142.0,27.0,157.0,17:35:59 342
0,172.0,90.0,172.0,90.0,17:36:00 181
0,215.0,60.0,215.0,60.0,17:36:01 012
任务1, 结束
任务2, 开始
+2,218.0,57.0,127.49246,246.90543,17:36:10 488
＊主菜单＊,0,0,0,0,17:36:10 666
0,103.0,126.0,103.0,126.0,17:36:12 578
浏览器,0,0,0,0,17:36:12 621
+2,189.0,55.0,212.05081,290.12704,17:36:13 833
＊主菜单＊,0,0,0,0,17:36:13 894
+2,185.0,59.0,194.0,246.0,17:36:14 639
-1,95.0,208.0,270.0,161.0,17:36:15 562
-1,98.0,196.0,267.0,152.0,17:36:15 838
-1,122.0,173.0,300.0,150.0,17:36:16 281
-1,127.0,193.0,288.0,144.0,17:36:16 463
-1,108.0,173.0,291.0,137.0,17:36:16 726
-1,92.0,184.0,220.0,147.0,17:36:17 026
-1,99.0,192.0,263.0,146.0,17:36:24 100
0,108.0,101.0,108.0,101.0,17:36:26 290
0,107.0,104.0,107.0,104.0,17:36:27 564
0,103.0,100.0,103.0,100.0,17:36:27 898
+2,181.0,78.0,211.0,275.0,17:36:37 233
0,93.0,110.0,93.0,110.0,17:36:39 760
+1,295.0,139.0,34.0,199.0,17:36:42 874
+1,257.0,148.0,31.0,205.0,17:36:47 750
0,94.0,110.0,94.0,110.0,17:36:55 845
健康运动,0,0,0,0,17:36:55 923
+1,269.0,153.0,30.0,173.0,17:37:05 500
+1,287.0,147.0,17.0,163.0,17:37:06 209
+1,229.0,145.0,61.0,176.0,17:37:06 828
+1,251.0,178.0,36.0,190.0,17:37:07 379
任务2, 结束
任务3, 开始
+2,217.0,56.0,198.0,239.0,17:37:18 757
＊主菜单＊,0,0,0,0,17:37:18 930
-1,139.0,75.0,176.0,212.0,17:37:19 355
+1,279.0,133.0,98.98797,187.21083,17:37:21 504
+1,264.0,150.0,70.0,193.0,17:37:22 328
0,226.0,226.0,226.0,226.0,17:37:23 828
支付宝,0,0,0,0,17:37:23 875
任务3, 结束
任务4, 开始
+2,218.0,83.0,219.42361,258.9871,17:37:33 733
＊主菜单＊,0,0,0,0,17:37:33 822
+1,281.0,149.0,144.56743,199.16286,17:37:37 321
-1,100.0,214.0,216.0,198.0,17:37:37 614
-1,113.0,195.0,224.0,193.0,17:37:38 258
-1,120.0,204.0,279.80847,198.25974,17:37:38 906
+1,289.0,152.0,57.0,174.0,17:37:39 488
+1,216.0,153.0,61.0,156.0,17:37:39 879
+1,281.0,156.0,56.0,175.0,17:37:40 378
+1,257.0,149.0,49.0,154.0,17:37:41 114
-1,99.0,190.0,305.0,159.0,17:37:41 951
0,105.0,223.0,105.0,223.0,17:37:42 399
视频,0,0,0,0,17:37:42 822
+1,281.0,139.0,56.0,154.0,17:37:45 007
任务4, 结束
+2,180.0,27.0,208.01491,253.78853,17:37:48 757
＊主菜单＊,0,0,0,0,17:37:48 812
任务5, 开始
+1,288.0,141.0,61.0,192.0,17:37:55 772
+1,282.0,157.0,82.5534,185.91263,17:37:56 897
-1,107.0,180.0,234.3475,183.05797,17:37:57 713
-1,100.0,183.0,289.0,184.0,17:37:58 195
-1,95.0,180.0,258.0,162.0,17:37:58 503
0,214.0,237.0,214.0,237.0,17:37:59 405
支付宝,0,0,0,0,17:37:59 453
+1,263.0,153.0,58.0,182.0,17:38:02 265
+1,246.0,94.0,18.0,152.0,17:38:06 106
+2,173.0,38.0,173.4676,293.52225,17:38:07 066
＊主菜单＊,0,0,0,0,17:38:07 134
-1,107.0,190.0,250.0,184.0,17:38:11 751
-1,105.0,196.0,329.88794,193.48456,17:38:14 886
+1,269.0,153.0,9.5,160.5,17:38:15 836
+1,270.0,134.0,60.28161,101.91264,17:38:16 618
-1,63.0,148.0,254.0,176.0,17:38:17 528
+1,269.0,155.0,48.908142,172.13779,17:38:18 344
-1,104.0,171.0,261.0,175.0,17:38:19 777
0,95.0,104.0,95.0,104.0,17:38:20 223
腾讯QQ,0,0,0,0,17:38:20 346
0,107.0,91.0,107.0,91.0,17:38:21 255
+1,274.0,139.0,25.0,146.0,17:38:22 818
+1,289.0,138.0,42.0,145.0,17:38:23 725
+1,276.0,129.0,88.0,135.0,17:38:24 737
+2,158.0,52.0,177.03445,288.7247,17:38:25 408
＊主菜单＊,0,0,0,0,17:38:25 455
+1,277.0,111.0,50.0,119.0,17:38:28 372
+1,269.0,142.0,47.334713,142.91684,17:38:28 550
任务5, 结束
＊＊＊＊＊＊＊＊＊＊＊＊＊＊＊＊＊＊＊＊＊＊＊＊＊＊＊＊＊＊
