+2,162.0,43.0,173.43245,216.78384,17:28:43 676
＊主菜单＊,0,0,0,0,17:28:43 788
任务1, 开始
+1,261.0,134.0,47.902763,183.5927,17:28:57 009
-1,69.0,141.0,251.32791,184.19281,17:28:58 033
-1,85.0,223.0,239.0,190.0,17:28:58 183
-1,90.0,145.0,283.0,163.0,17:28:58 817
-1,86.0,192.0,182.0,187.0,17:28:59 354
-1,70.0,214.0,294.0,161.0,17:29:00 442
-1,106.0,178.0,254.0,177.0,17:29:01 323
-1,76.0,193.0,294.0,162.0,17:29:02 283
-1,93.0,210.0,153.0,211.0,17:29:03 323
+1,280.0,151.0,64.0,228.0,17:29:03 928
+1,267.0,146.0,89.0,214.0,17:29:04 597
+1,293.0,132.0,66.0,186.0,17:29:05 566
0,103.0,223.0,103.0,223.0,17:29:07 162
视频,0,0,0,0,17:29:07 228
任务1, 结束
任务2, 开始
+2,235.0,64.0,218.91557,307.4848,17:29:22 537
＊主菜单＊,0,0,0,0,17:29:22 581
+1,275.0,149.0,35.0,142.0,17:29:25 544
+1,293.0,117.0,40.5,125.0,17:29:27 584
+1,298.0,164.0,106.0,132.0,17:29:30 355
+1,291.0,116.0,102.7809,111.90409,17:29:31 770
-1,92.0,165.0,311.0744,177.46725,17:29:32 465
-1,106.0,201.0,295.86545,234.46683,17:29:35 066
-1,53.0,153.0,266.0,163.0,17:29:36 107
-1,55.0,206.0,231.0,179.0,17:29:38 439
-1,136.0,180.0,262.0,192.0,17:29:40 794
0,218.0,91.0,218.0,91.0,17:29:41 764
联系人,0,0,0,0,17:29:41 823
+1,296.0,133.0,21.0,146.0,17:29:44 710
+1,256.0,160.0,23.0,152.0,17:29:45 489
+1,196.0,130.0,35.0,151.0,17:29:46 499
+1,281.0,134.0,86.24006,133.45999,17:29:49 798
-1,94.0,183.0,269.0,172.0,17:29:52 189
-1,63.0,168.0,327.5,201.5,17:29:53 174
-1,62.0,185.0,282.0,181.0,17:29:53 969
-1,50.0,186.0,292.0,155.0,17:29:54 950
+1,276.0,148.0,105.0,163.0,17:30:00 340
+1,240.0,142.0,98.0,158.0,17:30:01 588
+1,260.0,122.0,88.0,169.0,17:30:02 353
+1,264.0,153.0,60.0,155.0,17:30:02 981
+1,274.0,136.0,51.0,187.0,17:30:04 933
-2,175.0,213.0,190.42712,62.0,17:30:07 194
-2,187.0,197.0,191.55931,20.216116,17:30:10 823
-2,219.0,210.0,184.61292,8.80634,17:30:13 683
+1,272.0,135.0,37.0,154.0,17:30:13 731
+1,266.0,149.0,38.0,173.0,17:30:15 858
+1,290.0,173.0,29.0,183.0,17:30:18 691
-1,115.0,230.0,328.3686,180.6041,17:30:20 408
-1,105.0,135.0,303.22586,137.7837,17:30:21 168
-1,66.0,150.0,295.58722,150.96555,17:30:22 340
-1,76.0,163.0,313.0,176.0,17:30:23 320
-1,60.0,165.0,275.0,170.0,17:30:24 383
+2,177.0,51.0,149.0,279.0,17:30:26 281
＊主菜单＊,0,0,0,0,17:30:26 446
0,99.0,118.0,99.0,118.0,17:30:29 707
电话,0,0,0,0,17:30:29 747
0,213.0,137.0,213.0,137.0,17:30:32 702
0,222.0,139.0,222.0,139.0,17:30:34 313
+1,287.0,138.0,28.129145,182.87085,17:30:35 322
任务2, 结束
任务3, 开始
+2,143.0,92.0,175.0,251.0,17:30:54 366
＊主菜单＊,0,0,0,0,17:30:54 462
+1,185.0,156.0,27.0,172.0,17:30:56 450
+1,245.0,146.0,55.0,142.0,17:30:56 892
+1,256.0,147.0,48.0,107.0,17:30:57 820
+1,216.0,145.0,33.0,113.0,17:30:58 582
0,242.0,227.0,242.0,227.0,17:30:59 451
0,227.0,215.0,227.0,215.0,17:31:02 216
下载,0,0,0,0,17:31:02 255
+1,278.0,151.0,52.759586,181.4764,17:31:05 216
+1,270.0,141.0,58.0,153.0,17:31:05 255
+1,262.0,121.0,77.0,133.0,17:31:05 760
任务3, 结束
任务4, 开始
-1,93.0,85.0,124.0,191.0,17:31:17 798
+2,217.0,47.0,176.49554,282.94647,17:31:19 147
＊主菜单＊,0,0,0,0,17:31:19 215
-1,89.0,159.0,301.0,156.0,17:31:22 773
+1,286.0,129.0,79.0,175.0,17:31:24 303
0,202.0,107.0,202.0,107.0,17:31:24 918
自带导航,0,0,0,0,17:31:25 071
+1,263.0,144.0,76.0,165.0,17:31:28 094
+2,200.0,66.0,205.0,278.5,17:31:30 733
＊主菜单＊,0,0,0,0,17:31:30 864
-1,81.0,153.0,277.0,179.0,17:31:34 191
-1,98.0,146.0,249.0,136.0,17:31:36 794
-1,83.0,165.0,255.0,184.0,17:31:38 128
-1,104.0,154.0,257.4739,182.0,17:31:40 317
-1,100.0,184.0,295.0,192.0,17:31:41 769
-1,85.0,149.0,305.18674,181.11035,17:31:42 678
-1,80.0,155.0,261.0,176.0,17:31:45 312
+1,267.0,154.0,44.0,162.0,17:31:46 386
+1,254.0,142.0,57.0,138.0,17:31:47 168
+1,270.0,146.0,22.382797,147.86523,17:31:48 074
+1,270.0,142.0,23.0,146.0,17:31:49 711
+1,248.0,144.0,65.0,154.0,17:31:51 374
+1,286.0,135.0,65.0,137.0,17:31:53 248
+1,263.0,120.0,59.0,154.0,17:31:54 776
+1,285.0,146.0,58.0,134.0,17:31:57 403
-1,68.0,205.0,303.0,160.0,17:31:57 919
-1,75.0,149.0,297.0,161.0,17:31:58 734
0,107.0,102.0,107.0,102.0,17:31:59 642
浏览器,0,0,0,0,17:31:59 682
+1,298.0,174.0,13.699114,168.5543,17:32:03 573
+1,274.0,91.0,13.5,157.5,17:32:04 313
-1,236.0,130.0,351.75073,231.63513,17:32:06 729
+1,277.0,131.0,67.0,139.0,17:32:08 195
+2,175.0,42.0,166.31514,280.7535,17:32:09 552
＊主菜单＊,0,0,0,0,17:32:09 638
-1,45.0,147.0,288.0,210.0,17:32:15 349
-1,102.0,152.0,229.0,178.0,17:32:17 080
-1,66.0,168.0,298.0,176.0,17:32:19 334
+1,276.0,138.0,24.066729,154.07777,17:32:20 072
0,220.0,223.0,220.0,223.0,17:32:21 126
支付宝,0,0,0,0,17:32:21 209
+1,272.0,139.0,45.0,172.0,17:32:24 227
+1,276.0,135.0,60.515476,158.64523,17:32:27 223
-1,64.0,139.0,304.0,171.0,17:32:27 841
+1,279.0,136.0,43.281887,144.26398,17:32:29 095
+1,305.0,162.0,15.0,181.0,17:32:35 920
-1,92.0,166.0,345.0359,174.27603,17:32:37 143
0,170.0,146.0,170.0,146.0,17:32:39 709
0,173.0,245.0,173.0,245.0,17:32:42 377
0,189.0,103.0,189.0,103.0,17:32:51 743
0,213.0,269.0,213.0,269.0,17:32:52 228
0,180.0,263.0,180.0,263.0,17:32:52 847
0,177.0,265.0,177.0,265.0,17:32:53 226
-1,60.0,225.0,309.81393,145.51068,17:32:53 798
-1,97.0,211.0,295.0,145.0,17:32:54 396
+2,237.0,73.0,208.66019,259.17474,17:32:54 908
＊主菜单＊,0,0,0,0,17:32:54 977
任务4, 结束
+1,279.0,154.0,18.0,156.0,17:33:07 229
任务5, 开始
-1,89.0,152.0,143.05548,152.0,17:33:14 457
-1,49.0,206.0,296.0,187.0,17:33:15 378
-1,86.0,198.0,310.0,175.0,17:33:16 667
0,96.0,135.0,96.0,135.0,17:33:19 780
健康运动,0,0,0,0,17:33:19 818
+1,287.0,133.0,44.0,148.0,17:33:21 431
+1,283.0,151.0,41.0,151.0,17:33:22 032
+1,286.0,150.0,35.0,154.0,17:33:22 810
+1,259.0,120.0,41.0,149.37924,17:33:23 409
+1,298.0,164.0,19.0,155.0,17:33:24 062
+1,297.0,162.0,34.0,153.0,17:33:24 811
+1,177.0,164.0,17.0,156.0,17:33:25 602
+1,293.0,149.0,59.0,109.0,17:33:26 794
+1,262.0,151.0,94.0,147.0,17:33:27 418
任务5, 结束
＊＊＊＊＊＊＊＊＊＊＊＊＊＊＊＊＊＊＊＊＊＊＊＊＊＊＊＊＊＊
+1,267.0,97.0,91.0,44.0,17:34:35 254
