+2,163.0,63.0,167.14468,285.38724,17:25:50 069
＊主菜单＊,0,0,0,0,17:25:50 116
任务1, 开始
0,238.0,228.0,238.0,228.0,17:25:53 371
下载,0,0,0,0,17:25:53 414
任务1, 结束
+2,182.0,63.0,157.0,269.84442,17:26:03 910
＊主菜单＊,0,0,0,0,17:26:03 953
任务2, 开始
-1,125.0,185.0,312.0,152.0,17:26:06 312
-1,148.0,199.0,316.5,181.0,17:26:07 360
0,220.0,238.0,220.0,238.0,17:26:08 169
笔记,0,0,0,0,17:26:08 206
+1,299.0,167.0,56.0,256.0,17:26:11 091
+1,297.0,180.0,102.0,238.0,17:26:15 478
+1,271.0,192.0,154.92581,230.30692,17:26:20 925
+1,241.0,198.0,65.84883,253.17337,17:26:21 123
-1,133.0,205.0,316.0,145.0,17:26:21 857
+1,286.0,182.0,48.470634,261.74658,17:26:23 852
任务2, 结束
任务3, 开始
+2,186.0,75.0,142.7381,286.43936,17:26:35 351
＊主菜单＊,0,0,0,0,17:26:35 464
-1,138.0,193.0,266.0,180.0,17:26:38 026
-1,154.0,186.0,301.0,165.0,17:26:39 149
-1,138.0,176.0,295.0,163.0,17:26:39 842
-1,151.0,171.0,265.0,157.0,17:26:43 023
0,117.0,227.0,117.0,227.0,17:26:43 943
短信息,0,0,0,0,17:26:43 980
0,225.0,76.0,225.0,76.0,17:26:46 722
0,226.0,91.0,226.0,91.0,17:26:48 463
+1,263.0,153.0,82.79289,196.89662,17:26:49 165
+1,280.0,162.0,212.6897,185.24138,17:26:50 693
+2,182.0,88.0,170.58603,285.89777,17:26:52 478
＊主菜单＊,0,0,0,0,17:26:52 531
+1,276.0,152.0,63.0,229.0,17:26:54 801
0,223.0,107.0,223.0,107.0,17:26:55 611
联系人,0,0,0,0,17:26:55 647
+1,270.0,179.0,128.92937,223.19331,17:26:58 426
+1,281.0,177.0,66.0,250.0,17:26:59 003
+1,293.0,182.0,58.956745,257.02884,17:26:59 978
+1,297.0,178.0,60.0,258.0,17:27:00 880
+1,272.0,184.0,100.545815,269.0853,17:27:03 450
任务3, 结束
任务4, 开始
+2,190.0,54.0,143.03088,284.75287,17:27:11 291
＊主菜单＊,0,0,0,0,17:27:11 412
-1,135.0,169.0,281.0,172.0,17:27:13 430
-1,141.0,187.0,286.0,184.0,17:27:14 360
0,104.0,107.0,104.0,107.0,17:27:15 873
健康运动,0,0,0,0,17:27:15 911
+2,184.0,61.0,180.4775,263.11746,17:27:18 952
＊主菜单＊,0,0,0,0,17:27:18 989
0,229.0,115.0,229.0,115.0,17:27:20 260
睡眠,0,0,0,0,17:27:20 319
+1,297.0,178.0,96.0,245.0,17:27:23 902
+1,297.0,177.0,98.0,220.0,17:27:26 930
-1,113.0,182.0,307.80118,163.86273,17:27:28 393
任务4, 结束
任务5, 开始
+2,173.0,55.0,159.08643,246.39502,17:27:37 979
＊主菜单＊,0,0,0,0,17:27:38 069
+1,264.0,187.0,76.0,267.0,17:27:40 536
+1,289.0,190.0,110.569595,248.394,17:27:41 339
+1,293.0,195.0,105.0,260.0,17:27:42 536
0,220.0,110.0,220.0,110.0,17:27:44 253
音乐,0,0,0,0,17:27:44 321
+1,296.0,171.0,181.0,198.0,17:27:47 225
+1,286.0,181.0,104.0,227.0,17:27:49 926
任务5, 结束
＊＊＊＊＊＊＊＊＊＊＊＊＊＊＊＊＊＊＊＊＊＊＊＊＊＊＊＊＊＊
