任务1, 开始
+1,305.0,171.0,76.0,235.0,17:13:19 231
+1,265.0,176.0,140.98436,208.6908,17:13:20 878
+1,255.0,183.0,125.0,220.0,17:13:22 194
+1,260.0,178.0,129.0,211.0,17:13:24 037
-1,142.0,209.0,288.4419,193.9951,17:13:24 463
0,99.0,220.0,99.0,220.0,17:13:25 082
视频,0,0,0,0,17:13:25 451
+1,268.0,185.0,97.3189,191.78018,17:13:28 355
+1,264.0,177.0,11.156515,200.36073,17:13:29 117
任务1, 结束
-2,178.0,237.0,177.2742,14.044348,17:13:41 565
-2,177.0,272.0,247.04172,31.064365,17:13:42 924
任务2, 开始
-2,168.0,185.0,164.222,-2.443987,17:13:46 274
-2,135.0,253.0,177.21631,5.5830727,17:13:47 001
-2,153.0,257.0,150.04723,2.4487095,17:13:47 663
-2,176.0,227.0,182.17558,23.297674,17:13:48 242
-2,144.0,262.0,180.23506,17.653326,17:13:48 857
-2,135.0,218.0,160.1626,-15.287035,17:13:49 310
-2,166.0,239.0,177.98741,30.808441,17:13:49 659
-2,142.0,265.0,178.5,-16.0,17:13:50 053
-2,163.0,269.0,163.0,10.700787,17:13:50 532
-2,159.0,267.0,143.0,25.0,17:13:50 961
-2,178.0,237.0,182.79962,28.321733,17:13:51 278
+2,173.0,57.0,171.97229,289.0663,17:13:51 730
＊主菜单＊,0,0,0,0,17:13:51 809
+1,265.0,176.0,38.0,196.0,17:13:55 702
+1,253.0,184.0,44.249935,229.92859,17:13:56 617
+1,303.0,167.0,37.0,203.0,17:13:58 007
0,103.0,132.0,103.0,132.0,17:13:58 749
系统设置,0,0,0,0,17:13:58 807
任务2, 结束
+2,140.0,72.0,153.30588,284.3788,17:14:09 322
＊主菜单＊,0,0,0,0,17:14:09 413
-1,84.0,186.0,293.0,146.0,17:14:12 477
-1,89.0,178.0,293.0,147.0,17:14:12 604
-1,63.0,156.0,312.0,148.0,17:14:13 270
-1,78.0,214.0,304.0,180.0,17:14:14 129
-1,104.0,179.0,290.0,143.0,17:14:15 495
0,218.0,94.0,218.0,94.0,17:14:16 389
微信,0,0,0,0,17:14:16 478
0,210.0,133.0,210.0,133.0,17:14:17 495
任务3, 开始
+1,218.0,156.0,26.491854,172.50815,17:14:25 355
+1,286.0,160.0,54.4819,190.96379,17:14:26 103
+1,270.0,147.0,41.181015,197.33708,17:14:26 820
+1,283.0,175.0,37.707973,193.14401,17:14:29 349
+1,298.0,152.0,90.0,191.0,17:14:29 947
+1,265.0,165.0,104.0,187.0,17:14:31 218
+1,297.0,146.0,81.6026,170.4658,17:14:33 861
-1,103.0,193.0,308.0,159.0,17:14:34 011
-1,76.0,218.0,320.2273,141.10646,17:14:38 010
-1,97.0,185.0,294.0,143.0,17:14:41 211
-1,121.0,198.0,321.05615,175.62007,17:14:43 881
0,240.0,108.0,240.0,108.0,17:14:49 359
0,205.0,114.0,205.0,114.0,17:14:49 901
0,215.0,83.0,215.0,83.0,17:14:50 037
0,209.0,126.0,209.0,126.0,17:14:50 718
0,229.0,96.0,229.0,96.0,17:14:51 369
+1,286.0,218.0,54.55439,223.0,17:14:57 363
任务3, 结束
任务4, 开始
0,172.0,78.0,172.0,78.0,17:15:13 043
-2,108.0,220.0,144.89122,2.7614746,17:15:13 405
-2,176.0,236.0,204.89139,29.289621,17:15:14 441
-2,170.0,217.0,142.0327,50.392475,17:15:15 752
-2,180.0,257.0,187.28014,36.35416,17:15:16 476
-2,173.0,226.0,176.0883,-1.0572929,17:15:17 074
+2,172.0,59.0,174.55919,290.1804,17:15:17 800
＊主菜单＊,0,0,0,0,17:15:17 873
+1,295.0,180.0,49.19624,220.48364,17:15:21 507
+1,302.0,168.0,100.0,183.0,17:15:21 697
+1,266.0,173.0,48.740437,218.06729,17:15:22 396
+1,297.0,182.0,57.0,199.0,17:15:23 525
+1,296.0,173.0,118.0,185.0,17:15:24 810
+1,267.0,156.0,112.0,154.0,17:15:27 165
+1,270.0,180.0,53.0,185.0,17:15:27 984
-1,119.0,154.0,256.0,141.0,17:15:28 223
-1,75.0,207.0,273.0,161.0,17:15:28 604
-1,100.0,200.0,303.0,178.0,17:15:29 053
-1,103.0,187.0,304.0,174.0,17:15:29 681
-1,60.0,177.0,302.0,147.0,17:15:30 519
-1,102.0,177.0,297.0,140.0,17:15:31 524
0,126.0,91.0,126.0,91.0,17:15:32 489
健康运动,0,0,0,0,17:15:32 559
+1,272.0,176.0,25.0,197.0,17:15:37 395
+1,303.0,177.0,79.14504,189.48187,17:15:40 874
+1,301.0,170.0,82.3584,183.95341,17:15:41 158
+1,239.0,151.0,81.2389,184.95222,17:15:42 221
+1,281.0,184.0,39.40026,206.6399,17:15:44 902
任务4, 结束
-2,177.0,275.0,157.3704,13.426002,17:15:52 061
任务5, 开始
-2,212.0,245.0,171.0,-5.0537148,17:15:54 933
+2,155.0,85.0,177.0,296.5,17:15:55 562
＊主菜单＊,0,0,0,0,17:15:55 646
+1,256.0,179.0,56.0,231.0,17:16:04 420
+1,260.0,159.0,44.30787,219.79475,17:16:05 724
+1,271.0,195.0,55.61914,247.76172,17:16:07 740
+1,245.0,185.0,57.0,259.0,17:16:08 986
+1,273.0,192.0,59.0,238.0,17:16:11 087
+1,260.0,190.0,76.08147,239.34142,17:16:12 489
+1,298.0,181.0,70.0,235.0,17:16:13 584
+1,260.0,183.0,138.59712,197.40288,17:16:18 282
0,221.0,129.0,221.0,129.0,17:16:19 083
自带导航,0,0,0,0,17:16:19 131
任务5, 结束
＊＊＊＊＊＊＊＊＊＊＊＊＊＊＊＊＊＊＊＊＊＊＊＊＊＊＊＊＊＊
