任务1, 开始
+2,197.0,57.0,181.519,285.24002,11:48:33 375
＊主菜单＊,0,0,0,0,11:48:33 438
+1,232.0,195.0,51.0,239.0,11:48:35 984
+1,268.0,203.0,59.0,263.0,11:48:36 642
0,106.0,236.0,106.0,236.0,11:48:37 609
卡包,0,0,0,0,11:48:37 653
0,288.0,185.0,288.0,185.0,11:48:42 802
+1,285.0,193.0,86.60317,235.2743,11:48:43 205
+1,277.0,197.0,103.49493,247.60204,11:48:46 100
+1,276.0,202.0,100.620056,243.74057,11:48:46 498
+1,263.0,217.0,103.57924,274.78278,11:48:47 400
-1,80.0,195.0,262.0,212.0,11:48:48 400
-1,96.0,219.0,230.0,238.0,11:48:48 948
-1,118.0,230.0,261.0,228.0,11:48:49 693
任务1, 结束
任务2, 开始
+2,182.0,33.0,185.5,248.5,11:48:56 565
＊主菜单＊,0,0,0,0,11:48:56 605
-1,120.0,217.0,249.0,194.0,11:48:58 586
-1,159.0,214.0,244.0,218.0,11:48:58 928
-1,115.0,212.0,296.0,203.0,11:48:59 790
-1,100.0,214.0,271.0,223.0,11:49:01 050
0,96.0,136.0,96.0,136.0,11:49:02 848
健康运动,0,0,0,0,11:49:02 888
+1,283.0,176.0,149.0,185.0,11:49:07 530
+1,288.0,182.0,116.0,212.0,11:49:08 743
+1,285.0,185.0,98.0,219.0,11:49:09 537
任务2, 结束
任务3, 开始
+2,212.0,52.0,224.06985,265.47794,11:49:18 562
＊主菜单＊,0,0,0,0,11:49:18 660
+1,188.0,200.0,93.10614,202.72757,11:49:21 153
0,116.0,219.0,116.0,219.0,11:49:22 034
短信息,0,0,0,0,11:49:22 127
0,265.0,93.0,265.0,93.0,11:49:26 349
+1,269.0,185.0,53.354614,208.81009,11:49:26 754
+1,286.0,200.0,130.50684,228.37329,11:49:27 817
+1,251.0,139.0,5.0831947,194.63664,11:49:35 083
-1,71.0,187.0,258.0,215.0,11:49:35 120
-1,81.0,223.0,305.0,186.5,11:49:38 899
+2,180.0,29.0,197.74455,279.75812,11:49:40 267
＊主菜单＊,0,0,0,0,11:49:40 369
0,252.0,224.0,252.0,224.0,11:49:44 111
0,225.0,227.0,225.0,227.0,11:49:46 019
邮箱,0,0,0,0,11:49:46 089
+2,219.0,30.0,229.78761,270.2899,11:49:49 616
＊主菜单＊,0,0,0,0,11:49:49 699
0,101.0,228.0,101.0,228.0,11:49:51 660
短信息,0,0,0,0,11:49:51 701
+1,291.0,157.0,90.06856,235.24156,11:49:55 829
+1,305.0,175.0,136.0,225.0,11:49:56 990
-1,145.0,191.0,287.0,197.0,11:49:57 298
+2,186.0,83.0,189.48364,286.92764,11:50:07 615
＊主菜单＊,0,0,0,0,11:50:07 670
0,236.0,111.0,236.0,111.0,11:50:09 565
微信,0,0,0,0,11:50:09 630
+1,193.0,243.0,122.62129,274.7929,11:50:14 110
+1,289.0,185.0,91.0,268.5,11:50:15 257
-1,101.0,192.0,270.0,226.0,11:50:16 366
+1,292.0,187.0,113.82908,229.43694,11:50:16 951
+1,273.0,195.0,115.0,239.0,11:50:17 265
+1,231.0,221.0,88.0,265.0,11:50:18 001
-1,93.0,214.0,258.0,238.0,11:50:18 773
-1,88.0,219.0,288.06302,219.253,11:50:19 136
-1,120.0,225.0,289.0,222.0,11:50:19 511
-1,119.0,217.0,270.0,201.0,11:50:20 268
-1,105.0,179.0,281.58652,188.86217,11:50:21 162
+2,216.0,55.0,214.69518,280.75613,11:50:23 097
＊主菜单＊,0,0,0,0,11:50:23 137
任务3, 结束
任务4, 开始
+1,278.0,146.0,108.0,217.0,11:50:34 012
+1,264.0,159.0,174.0,176.0,11:50:34 845
+1,296.0,171.0,187.0,189.0,11:50:36 114
+1,297.0,167.0,178.0,179.0,11:50:37 500
+1,291.0,155.0,150.0,177.0,11:50:39 598
0,98.0,128.0,98.0,128.0,11:50:41 268
系统设置,0,0,0,0,11:50:41 319
-1,177.0,240.0,214.0,110.0,11:50:45 270
+1,228.0,259.0,174.70879,260.6099,11:50:46 248
+2,151.0,144.0,191.82289,297.0003,11:50:46 817
＊主菜单＊,0,0,0,0,11:50:46 921
+2,185.0,25.0,211.0,227.0,11:50:47 472
-1,96.0,170.0,296.0,167.0,11:50:49 108
-1,110.0,153.0,279.0,162.0,11:50:49 400
-1,176.0,139.0,260.0,139.0,11:50:49 763
-1,104.0,148.0,269.0,151.0,11:50:50 892
-1,135.0,157.0,286.0,175.0,11:50:51 805
-1,157.0,147.0,287.0,149.0,11:50:52 696
任务4, 结束
任务5, 开始
+1,252.0,117.0,20.0,148.0,11:50:59 714
+1,278.0,150.0,124.169914,168.77695,11:51:00 223
+1,264.0,145.0,152.0,158.0,11:51:01 140
0,215.0,90.0,215.0,90.0,11:51:04 562
音乐,0,0,0,0,11:51:04 665
+1,285.0,152.0,102.67431,216.09941,11:51:06 701
+1,228.0,171.0,114.0,204.0,11:51:08 123
-1,114.0,190.0,289.0,156.0,11:51:09 040
任务5, 结束
＊＊＊＊＊＊＊＊＊＊＊＊＊＊＊＊＊＊＊＊＊＊＊＊＊＊＊＊＊＊
