任务1, 开始
+2,179.0,22.0,174.9728,242.53053,11:52:36 328
＊主菜单＊,0,0,0,0,11:52:36 363
+1,260.0,151.0,35.0,180.0,11:52:38 216
+1,303.0,152.0,21.0,200.0,11:52:39 067
+1,294.0,191.0,90.0,192.0,11:52:39 766
0,124.0,111.0,124.0,111.0,11:52:40 389
系统设置,0,0,0,0,11:52:40 454
任务1, 结束
任务2, 开始
+2,133.0,22.0,115.0,278.0,11:52:50 707
＊主菜单＊,0,0,0,0,11:52:50 755
-1,60.0,187.0,256.0,235.0,11:52:52 906
0,116.0,141.0,116.0,141.0,11:52:54 276
0,97.0,100.0,97.0,100.0,11:52:57 117
股票,0,0,0,0,11:52:57 157
+1,276.0,189.0,32.556026,230.29921,11:53:01 136
+1,290.0,184.0,29.0,228.0,11:53:02 167
+1,276.0,182.0,6.1719265,233.48277,11:53:03 088
+1,283.0,186.0,89.41611,221.50873,11:53:08 147
-1,96.0,219.0,208.0,215.0,11:53:08 599
-1,86.0,189.0,234.0,210.0,11:53:12 490
-1,108.0,208.0,271.1513,229.0267,11:53:13 401
-1,102.0,198.0,281.44498,233.35309,11:53:19 655
-1,86.0,225.0,287.24908,229.8694,11:53:21 548
+1,249.0,215.0,28.0,227.0,11:53:22 100
+1,256.0,213.0,90.0,199.0,11:53:22 998
+1,273.0,227.0,35.87741,236.86562,11:53:24 250
-1,100.0,187.0,322.5,173.0,11:53:29 150
-1,125.0,199.0,258.0,235.0,11:53:29 734
-1,99.0,195.0,294.32495,209.77498,11:53:30 666
+1,271.0,181.0,9.616432,184.48187,11:53:32 616
+1,256.0,225.0,45.182835,224.50896,11:53:33 103
+1,271.0,221.0,139.47084,220.43774,11:53:33 911
-1,95.0,157.0,294.0,221.0,11:53:39 648
-1,141.0,208.0,261.0807,228.01889,11:53:40 299
-1,176.0,220.0,247.01323,234.65352,11:53:40 863
任务2, 结束
任务3, 开始
+2,158.0,48.0,138.51276,278.31097,11:53:48 851
＊主菜单＊,0,0,0,0,11:53:48 950
-1,109.0,193.0,249.0,214.0,11:53:52 142
-1,62.0,230.0,250.0,228.0,11:53:54 003
-1,61.0,215.0,276.0,204.0,11:53:54 807
0,220.0,105.0,220.0,105.0,11:53:55 925
联系人,0,0,0,0,11:53:56 036
+1,260.0,157.0,83.620316,209.22249,11:53:58 963
+1,294.0,174.0,88.0,210.0,11:53:59 849
+1,281.0,192.0,93.67459,241.23978,11:54:01 516
-1,87.0,193.0,268.0,233.0,11:54:05 540
-1,135.0,261.0,260.46973,252.0327,11:54:05 938
-1,112.0,229.0,288.0,242.0,11:54:06 724
+1,252.0,209.0,103.0,258.0,11:54:07 551
+1,252.0,195.0,60.376778,241.14766,11:54:08 067
+1,261.0,220.0,70.240845,238.79326,11:54:09 260
+1,272.0,185.0,62.0,247.0,11:54:11 132
-1,66.0,225.0,285.97296,232.06711,11:54:12 361
-1,84.0,214.0,239.0,237.0,11:54:13 103
-1,100.0,213.0,261.0,237.0,11:54:13 770
-1,93.0,230.0,261.00018,221.21742,11:54:14 704
0,213.0,164.0,213.0,164.0,11:54:15 262
任务3, 结束
任务4, 开始
+2,179.0,20.0,162.48013,285.84106,11:54:21 116
＊主菜单＊,0,0,0,0,11:54:21 164
-1,80.0,179.0,274.0,228.0,11:54:23 223
-1,65.0,176.0,219.0,216.0,11:54:23 967
-1,104.0,177.0,296.0,193.0,11:54:24 670
+1,227.0,180.0,28.0,200.0,11:54:25 560
+1,229.0,178.0,29.0,177.0,11:54:26 023
+1,273.0,196.0,56.0,227.0,11:54:26 299
+1,264.0,189.0,26.0,219.0,11:54:27 198
0,216.0,91.0,216.0,91.0,11:54:27 712
音乐,0,0,0,0,11:54:27 992
+1,260.0,153.0,49.689156,189.93109,11:54:30 299
+1,303.0,175.0,46.0,220.0,11:54:31 114
任务4, 结束
任务5, 开始
+2,180.0,51.0,138.53828,276.41068,11:54:36 671
＊主菜单＊,0,0,0,0,11:54:36 829
-1,101.0,221.0,259.66644,195.19902,11:54:38 958
-1,84.0,232.0,222.0,257.0,11:54:39 316
-1,98.0,194.0,264.0,196.0,11:54:40 218
0,224.0,100.0,224.0,100.0,11:54:41 120
睡眠,0,0,0,0,11:54:41 337
任务5, 结束
＊＊＊＊＊＊＊＊＊＊＊＊＊＊＊＊＊＊＊＊＊＊＊＊＊＊＊＊＊＊
