任务1, 开始
+1,272.0,154.0,28.0,224.0,11:45:12 212
+1,281.0,156.0,26.0,211.0,11:45:13 200
+1,291.0,160.0,26.0,173.0,11:45:14 039
+1,269.0,180.0,72.19963,189.98718,11:45:14 697
+1,273.0,185.0,39.0,215.0,11:45:16 304
+1,289.0,205.0,107.0,218.0,11:45:17 164
+1,296.0,197.0,36.0,222.0,11:45:18 007
0,217.0,191.0,217.0,191.0,11:45:18 723
下载,0,0,0,0,11:45:18 763
任务1, 结束
任务2, 开始
+2,148.0,57.0,97.762566,290.94974,11:45:29 583
＊主菜单＊,0,0,0,0,11:45:29 623
-1,40.0,198.0,300.44653,150.75534,11:45:31 023
-1,48.0,195.0,292.4299,149.41547,11:45:31 286
-1,75.0,189.0,286.0,168.0,11:45:31 543
-1,65.0,186.0,215.0,170.0,11:45:31 892
-1,39.0,193.0,249.0,96.0,11:45:32 224
-1,148.0,195.0,271.0,163.0,11:45:32 321
0,205.0,136.0,205.0,136.0,11:45:33 718
睡眠,0,0,0,0,11:45:33 754
+1,284.0,142.0,49.0,189.0,11:45:37 659
+1,290.0,183.0,103.78496,183.0,11:45:39 316
任务2, 结束
任务3, 开始
+2,146.0,23.0,104.711784,281.06137,11:45:51 116
＊主菜单＊,0,0,0,0,11:45:51 160
+1,284.0,145.0,17.0,180.0,11:45:53 700
+1,255.0,58.0,12.0,139.0,11:45:56 737
+1,233.0,182.0,77.0,186.0,11:45:57 455
+1,271.0,183.0,36.0,212.0,11:45:58 896
+1,306.0,151.0,25.0,194.0,11:46:02 290
+1,289.0,151.0,38.0,186.0,11:46:04 267
-1,75.0,175.0,305.0,170.0,11:46:06 258
-1,43.0,227.0,302.0,168.0,11:46:07 885
0,221.0,235.0,221.0,235.0,11:46:09 033
笔记,0,0,0,0,11:46:09 124
+1,281.0,115.0,24.0,162.0,11:46:12 278
+1,304.0,168.0,32.834812,191.70134,11:46:13 806
任务3, 结束
任务4, 开始
+2,198.0,30.0,100.0,261.0,11:46:23 613
＊主菜单＊,0,0,0,0,11:46:23 652
-1,95.0,195.0,298.0,154.0,11:46:25 653
0,212.0,99.0,212.0,99.0,11:46:26 318
音乐,0,0,0,0,11:46:26 417
+1,245.0,175.0,92.54526,196.21216,11:46:29 068
+1,282.0,185.0,100.0,244.0,11:46:30 811
-1,63.0,144.0,219.0,136.0,11:46:31 700
任务4, 结束
任务5, 开始
+2,145.0,46.0,144.0,296.5349,11:46:43 052
＊主菜单＊,0,0,0,0,11:46:43 164
+1,301.0,162.0,54.0,246.0,11:46:45 678
+1,293.0,202.0,40.0,198.0,11:46:47 376
+1,264.0,189.0,67.0,215.0,11:46:48 815
-1,62.0,151.0,304.23383,191.54837,11:46:50 655
-1,56.0,174.0,304.0,150.0,11:46:51 185
-1,68.0,212.0,301.0,182.0,11:46:52 383
-1,71.0,209.0,310.0,166.0,11:46:53 497
-1,69.0,204.0,210.0,153.0,11:46:55 162
+1,281.0,183.0,26.365175,239.35309,11:46:56 108
0,116.0,217.0,116.0,217.0,11:46:56 585
新浪微博,0,0,0,0,11:46:56 678
任务5, 结束
＊＊＊＊＊＊＊＊＊＊＊＊＊＊＊＊＊＊＊＊＊＊＊＊＊＊＊＊＊＊
