+2,186.0,29.0,222.7158,273.09503,17:55:40 734
＊主菜单＊,0,0,0,0,17:55:40 845
任务1, 开始
-1,92.0,192.0,273.0,165.0,17:55:46 057
-1,108.0,151.0,293.0,134.0,17:55:46 614
-1,94.0,155.0,266.0,147.0,17:55:47 084
-1,88.0,155.0,277.64246,138.44283,17:55:47 713
0,94.0,107.0,94.0,107.0,17:55:49 383
健康运动,0,0,0,0,17:55:49 469
+2,205.0,28.0,224.0,281.164,17:55:51 298
＊主菜单＊,0,0,0,0,17:55:51 383
0,204.0,113.0,204.0,113.0,17:55:53 241
睡眠,0,0,0,0,17:55:53 339
任务1, 结束
任务2, 开始
+2,185.0,78.0,214.5,297.5,17:56:02 494
＊主菜单＊,0,0,0,0,17:56:02 595
+1,291.0,159.0,204.0618,187.73454,17:56:04 708
+1,296.0,152.0,51.08988,192.40486,17:56:05 633
+1,280.0,143.0,102.51687,184.44832,17:56:07 269
0,207.0,109.0,207.0,109.0,17:56:08 127
联系人,0,0,0,0,17:56:08 186
+1,286.0,140.0,159.25766,145.23926,17:56:10 619
+1,280.0,144.0,153.6866,178.29875,17:56:11 389
+1,288.0,146.0,182.61603,168.22206,17:56:12 149
-1,105.0,147.0,282.93146,138.96555,17:56:14 444
-1,87.0,146.0,286.7247,134.3794,17:56:14 880
-1,69.0,168.0,320.13947,138.98735,17:56:15 693
+1,281.0,146.0,210.0,165.0,17:56:17 283
+1,279.0,137.0,173.0,168.0,17:56:18 046
+1,281.0,116.0,170.45824,143.16241,17:56:18 845
-1,135.0,115.0,277.5,98.0,17:56:23 916
-1,147.0,133.0,274.5,105.0,17:56:24 689
-1,177.0,135.0,266.0,106.0,17:56:25 404
-1,151.0,132.0,272.68497,107.0,17:56:26 167
+1,240.0,120.0,142.52087,145.39346,17:56:26 644
+1,250.0,106.0,172.0,124.0,17:56:27 120
+1,276.0,98.0,138.5092,111.94908,17:56:27 660
-1,95.0,106.0,270.9418,100.36616,17:56:30 648
-1,138.0,129.0,266.0,113.0,17:56:30 791
-1,141.0,142.0,281.9932,105.8854,17:56:31 277
-1,141.0,144.0,277.85852,101.67743,17:56:31 584
任务2, 结束
任务3, 开始
+2,204.0,61.0,198.12357,252.58873,17:56:38 833
＊主菜单＊,0,0,0,0,17:56:38 948
+1,274.0,152.0,102.0,209.0,17:56:41 097
0,216.0,98.0,216.0,98.0,17:56:42 052
音乐,0,0,0,0,17:56:42 129
+1,282.0,136.0,159.60799,178.21501,17:56:44 634
+1,277.0,150.0,157.0,184.0,17:56:45 045
任务3, 结束
任务4, 开始
+2,198.0,64.0,224.94588,234.46129,17:56:52 585
＊主菜单＊,0,0,0,0,17:56:52 654
+1,266.0,136.0,144.0,172.0,17:56:56 140
+1,290.0,150.0,157.0,178.0,17:56:58 004
0,97.0,108.0,97.0,108.0,17:56:59 662
股票,0,0,0,0,17:56:59 720
+1,294.0,132.0,163.0,174.0,17:57:02 639
+1,275.0,133.0,118.5,167.5,17:57:03 531
+1,219.0,117.0,186.0,129.0,17:57:04 534
+1,277.0,110.0,85.0,152.0,17:57:05 234
+1,222.0,163.0,172.0,180.0,17:57:20 188
-1,67.0,164.0,298.44907,134.79526,17:57:20 368
任务4, 结束
任务5, 开始
+2,213.0,33.0,240.38573,285.1838,17:57:31 149
＊主菜单＊,0,0,0,0,17:57:31 188
+1,278.0,144.0,191.0,157.0,17:57:32 854
0,106.0,104.0,106.0,104.0,17:57:33 842
系统设置,0,0,0,0,17:57:33 897
-1,96.0,146.0,147.48277,269.0,17:57:39 633
任务5, 结束
＊＊＊＊＊＊＊＊＊＊＊＊＊＊＊＊＊＊＊＊＊＊＊＊＊＊＊＊＊＊
