+2,185.0,58.0,226.36368,277.45496,17:50:15 564
＊主菜单＊,0,0,0,0,17:50:15 607
任务1, 开始
+1,268.0,144.0,144.80498,141.02368,17:52:06 892
+1,272.0,151.0,129.0,164.0,17:52:08 643
+1,287.0,141.0,152.0,150.0,17:52:09 616
0,97.0,109.0,97.0,109.0,17:52:11 136
系统设置,0,0,0,0,17:52:11 209
-1,111.0,162.0,179.48277,155.0,17:52:14 866
+1,282.0,115.0,33.31698,186.81,17:52:20 120
-1,79.0,167.0,299.38138,170.61864,17:52:22 626
+2,130.0,68.0,126.0,234.0,17:52:25 237
＊主菜单＊,0,0,0,0,17:52:25 303
-1,102.0,227.0,308.371,190.06117,17:52:29 097
+1,286.0,160.0,60.0,211.0,17:52:30 838
任务1, 结束
-1,81.0,184.0,309.0,170.5,17:52:40 525
-1,95.0,189.0,269.0,147.0,17:52:41 453
任务2, 开始
0,101.0,236.0,101.0,236.0,17:52:43 183
卡包,0,0,0,0,17:52:43 272
+1,291.0,149.0,141.0,180.0,17:52:47 228
+1,277.0,144.0,145.0,146.0,17:52:48 938
任务2, 结束
任务3, 开始
+2,178.0,38.0,220.09764,223.10204,17:52:57 577
＊主菜单＊,0,0,0,0,17:52:57 661
-1,67.0,203.0,294.0,185.0,17:52:59 753
-1,45.0,195.0,280.0,173.0,17:53:00 525
-1,95.0,181.0,304.0,159.0,17:53:00 833
-1,97.0,156.0,302.56952,128.1306,17:53:01 482
0,113.0,136.0,113.0,136.0,17:53:02 878
健康运动,0,0,0,0,17:53:02 999
+1,268.0,161.0,112.0,152.0,17:53:09 095
-1,99.0,106.0,276.0,109.0,17:53:10 935
+1,249.0,149.0,117.87379,178.25243,17:53:11 880
任务3, 结束
+2,202.0,70.0,220.53004,312.76898,17:53:14 637
＊主菜单＊,0,0,0,0,17:53:14 678
-1,76.0,178.0,256.1786,148.69911,17:53:19 657
+1,291.0,150.0,115.0,180.0,17:53:20 024
0,75.0,222.0,75.0,222.0,17:53:21 828
0,142.0,192.0,142.0,192.0,17:53:24 284
短信息,0,0,0,0,17:53:24 325
0,108.0,220.0,108.0,220.0,17:53:25 164
+1,295.0,148.0,142.5268,160.0,17:53:26 949
+1,272.0,157.0,140.0,190.0,17:53:28 076
任务4, 开始
-1,90.0,179.0,283.088,118.30399,17:53:35 022
+2,214.0,67.0,213.09354,249.26065,17:53:36 335
＊主菜单＊,0,0,0,0,17:53:36 422
0,217.0,220.0,217.0,220.0,17:53:39 126
邮箱,0,0,0,0,17:53:39 165
+1,292.0,155.0,150.0,166.0,17:53:41 610
+1,296.0,161.0,106.0,191.0,17:53:42 818
任务4, 结束
任务5, 开始
+2,208.0,37.0,222.99968,243.49431,17:53:59 199
＊主菜单＊,0,0,0,0,17:53:59 416
+1,293.0,168.0,105.0,187.0,17:54:01 373
+1,268.0,141.0,110.0,142.0,17:54:02 188
0,220.0,95.0,220.0,95.0,17:54:02 875
音乐,0,0,0,0,17:54:02 928
+1,277.0,145.0,111.952286,150.92043,17:54:05 583
+1,248.0,146.0,164.00487,179.24635,17:54:06 882
-1,105.0,182.0,297.64426,181.83365,17:54:07 782
任务5, 结束
＊＊＊＊＊＊＊＊＊＊＊＊＊＊＊＊＊＊＊＊＊＊＊＊＊＊＊＊＊＊
