0,93.0,149.0,93.0,149.0,17:46:13 562
+1,297.0,173.0,141.0,188.0,17:46:28 421
任务1, 开始
+1,297.0,179.0,84.0,221.0,17:46:30 794
+1,286.0,185.0,85.0,223.0,17:46:31 172
+1,273.0,180.0,60.0,222.0,17:46:31 861
+1,302.0,164.0,107.0,195.0,17:46:32 900
+1,296.0,172.0,108.0,189.0,17:46:34 127
0,213.0,229.0,213.0,229.0,17:46:34 747
下载,0,0,0,0,17:46:34 789
任务1, 结束
+2,246.0,103.0,225.97203,278.08826,17:46:42 478
＊主菜单＊,0,0,0,0,17:46:42 562
-1,111.0,147.0,245.843,144.54689,17:46:45 261
-1,133.0,181.0,259.0,148.0,17:46:46 246
-1,140.0,183.0,303.0,150.0,17:46:47 646
任务2, 开始
-1,138.0,168.0,301.0,171.0,17:46:50 780
-1,134.0,156.0,294.5,142.0,17:46:51 667
-1,72.0,166.0,283.32776,186.49811,17:46:52 524
0,132.0,85.0,132.0,85.0,17:46:54 530
健康运动,0,0,0,0,17:46:54 573
0,220.0,98.0,220.0,98.0,17:46:55 743
+2,211.0,54.0,232.0,227.0,17:46:57 681
＊主菜单＊,0,0,0,0,17:46:57 772
0,207.0,108.0,207.0,108.0,17:46:59 628
睡眠,0,0,0,0,17:46:59 721
+1,301.0,171.0,124.0,181.0,17:47:03 084
+1,277.0,136.0,83.205536,141.45265,17:47:03 837
任务2, 结束
任务3, 开始
+2,173.0,78.0,178.5,275.5,17:47:24 085
＊主菜单＊,0,0,0,0,17:47:24 122
+1,283.0,189.0,83.133255,209.06178,17:47:25 757
+1,305.0,169.0,110.0,220.0,17:47:26 483
+1,299.0,167.0,128.07358,182.21945,17:47:26 991
+1,272.0,168.0,102.5,193.5,17:47:27 890
0,217.0,236.0,217.0,236.0,17:47:28 490
笔记,0,0,0,0,17:47:28 528
+1,293.0,145.0,90.747574,182.97087,17:47:31 328
+1,266.0,149.0,111.55618,162.98656,17:47:32 792
任务3, 结束
+2,179.0,27.0,198.82706,263.65976,17:47:39 146
＊主菜单＊,0,0,0,0,17:47:39 255
任务4, 开始
+1,262.0,150.0,137.0,151.0,17:47:47 669
0,262.0,143.0,262.0,143.0,17:47:47 712
+1,270.0,144.0,91.0,190.0,17:47:48 494
-1,148.0,181.0,328.25793,146.04366,17:47:49 313
-1,133.0,180.0,263.0,154.0,17:47:50 688
-1,94.0,147.0,248.0,148.0,17:47:52 397
-1,126.0,164.0,311.0,160.0,17:47:54 327
0,118.0,217.0,118.0,217.0,17:47:57 059
短信息,0,0,0,0,17:47:57 104
+1,282.0,105.0,153.05621,122.58986,17:48:00 569
+1,281.0,146.0,82.00113,149.39125,17:48:00 979
-1,97.0,161.0,313.5,166.5,17:48:02 832
+2,225.0,48.0,263.4805,279.09305,17:48:05 326
＊主菜单＊,0,0,0,0,17:48:05 395
0,243.0,186.0,243.0,186.0,17:48:08 084
0,230.0,223.0,230.0,223.0,17:48:10 978
邮箱,0,0,0,0,17:48:11 018
+1,296.0,177.0,84.5,187.5,17:48:14 026
+1,281.0,184.0,153.44759,187.0,17:48:15 176
+1,298.0,158.0,141.0,182.0,17:48:16 757
+1,268.0,177.0,213.62512,182.11458,17:48:18 176
+1,281.0,179.0,90.5,188.5,17:48:19 923
+1,265.0,175.0,110.82699,182.51723,17:48:20 968
+2,188.0,51.0,256.595,291.53412,17:48:22 140
＊主菜单＊,0,0,0,0,17:48:22 258
0,215.0,98.0,215.0,98.0,17:48:26 177
微信,0,0,0,0,17:48:26 218
+1,258.0,171.0,157.0,176.0,17:48:29 584
+1,286.0,142.0,89.659515,172.76231,17:48:30 377
+1,283.0,169.0,88.3064,200.44528,17:48:31 377
+1,293.0,144.0,93.82699,183.96555,17:48:32 283
+1,265.0,173.0,101.80419,186.77946,17:48:33 235
+2,214.0,62.0,252.0,229.0,17:48:33 829
＊主菜单＊,0,0,0,0,17:48:33 903
0,105.0,112.0,105.0,112.0,17:48:37 863
腾讯QQ,0,0,0,0,17:48:37 906
+1,285.0,146.0,116.69762,172.42734,17:48:40 605
+1,297.0,149.0,85.0,192.5,17:48:41 285
+2,211.0,50.0,264.35547,266.3639,17:48:42 923
＊主菜单＊,0,0,0,0,17:48:43 002
0,213.0,239.0,213.0,239.0,17:48:45 214
邮箱,0,0,0,0,17:48:45 330
+1,294.0,152.0,110.0,179.5,17:48:48 602
+1,291.0,154.0,132.59555,186.81067,17:48:49 676
+1,295.0,154.0,141.0,175.0,17:48:52 065
+1,300.0,163.0,147.8718,189.91698,17:48:53 264
+1,270.0,133.0,154.0,168.0,17:48:55 077
+1,272.0,151.0,166.57457,178.19359,17:48:55 983
+2,172.0,73.0,190.31049,246.38048,17:48:56 919
＊主菜单＊,0,0,0,0,17:48:57 088
0,131.0,226.0,131.0,226.0,17:48:59 600
短信息,0,0,0,0,17:48:59 638
+1,300.0,159.0,116.0,189.0,17:49:02 807
+2,210.0,47.0,225.89081,210.83124,17:49:04 243
＊主菜单＊,0,0,0,0,17:49:04 367
-1,104.0,155.0,224.32784,137.90361,17:49:06 163
+1,258.0,158.0,123.938,177.0,17:49:07 394
+1,269.0,158.0,147.0,179.0,17:49:08 124
0,104.0,225.0,104.0,225.0,17:49:11 094
新浪微博,0,0,0,0,17:49:11 135
任务4, 结束
任务5, 开始
-1,193.0,31.0,229.914,178.07764,17:49:26 594
+2,224.0,52.0,185.85281,220.4779,17:49:29 608
＊主菜单＊,0,0,0,0,17:49:29 646
+1,297.0,180.0,127.346794,193.9848,17:49:31 280
0,189.0,140.0,189.0,140.0,17:49:32 060
0,213.0,100.0,213.0,100.0,17:49:35 090
音乐,0,0,0,0,17:49:35 131
+1,294.0,114.0,109.0,155.0,17:49:36 328
任务5, 结束
＊＊＊＊＊＊＊＊＊＊＊＊＊＊＊＊＊＊＊＊＊＊＊＊＊＊＊＊＊＊
