任务1, 开始
+1,273.0,177.0,133.0,159.0,09:08:09 799
-1,142.0,170.0,291.0,184.0,09:08:12 147
-1,107.0,183.0,292.0,190.0,09:08:12 271
-1,98.0,185.0,261.0,197.0,09:08:12 367
-1,96.0,187.0,289.0,195.0,09:08:12 798
-1,93.0,183.0,300.9508,205.34262,09:08:13 418
+1,262.0,178.0,54.93664,172.64555,09:08:15 174
+1,268.0,180.0,113.0,181.0,09:08:16 163
+1,272.0,179.0,134.0,176.0,09:08:18 692
+1,276.0,185.0,101.0,185.0,09:08:19 497
0,119.0,215.0,119.0,215.0,09:08:21 138
卡包,0,0,0,0,09:08:21 185
+1,251.0,174.0,88.98166,190.0,09:08:23 080
+1,251.0,152.0,61.0,180.0,09:08:23 601
+1,265.0,150.0,106.18709,183.0,09:08:25 120
+1,252.0,142.0,90.0,172.0,09:08:25 690
+2,182.0,95.0,174.89122,288.86545,09:08:27 110
＊主菜单＊,0,0,0,0,09:08:27 148
+1,262.0,163.0,130.0,187.0,09:08:29 649
+1,258.0,163.0,93.57856,187.0,09:08:30 330
+1,255.0,173.0,100.0,186.0,09:08:32 246
+1,242.0,149.0,30.0,177.0,09:08:32 556
-1,155.0,148.0,296.0,156.0,09:08:33 079
-1,142.0,182.0,298.0,165.0,09:08:34 713
-1,143.0,179.0,278.0,157.0,09:08:35 460
-1,112.0,178.0,307.0,173.0,09:08:37 753
-1,140.0,187.0,264.0,200.0,09:08:39 165
+1,237.0,188.0,100.0,185.0,09:08:40 148
0,224.0,201.0,224.0,201.0,09:08:40 865
支付宝,0,0,0,0,09:08:40 903
任务1, 结束
任务2, 开始
+2,175.0,69.0,173.99072,297.6707,09:08:51 627
＊主菜单＊,0,0,0,0,09:08:51 666
+1,259.0,152.0,102.0,184.0,09:08:53 708
+1,239.0,172.0,97.0,181.0,09:08:54 758
0,226.0,226.0,226.0,226.0,09:08:55 476
笔记,0,0,0,0,09:08:55 545
+1,252.0,126.0,80.0,151.0,09:08:58 014
+1,226.0,143.0,47.5,172.5,09:08:59 608
+1,265.0,188.0,57.0,209.0,09:09:01 794
-1,140.0,149.0,291.0,152.0,09:09:03 114
-1,136.0,177.0,299.74103,177.90784,09:09:06 251
+2,189.0,62.0,185.23389,294.88245,09:09:07 626
＊主菜单＊,0,0,0,0,09:09:07 663
0,218.0,223.0,218.0,223.0,09:09:10 364
笔记,0,0,0,0,09:09:10 401
+1,227.0,146.0,25.0,187.0,09:09:14 117
+1,233.0,144.0,58.0,169.0,09:09:14 168
任务2, 结束
+2,179.0,70.0,223.3794,287.55206,09:09:23 132
＊主菜单＊,0,0,0,0,09:09:23 177
任务3, 开始
-1,129.0,167.0,284.55276,186.24156,09:09:25 708
-1,170.0,177.0,294.0,172.0,09:09:31 202
+1,229.0,158.0,104.0,180.0,09:09:31 321
0,219.0,100.0,219.0,100.0,09:09:33 127
音乐,0,0,0,0,09:09:33 620
+1,254.0,176.0,72.73786,190.49255,09:09:39 274
+1,284.0,158.0,170.0,162.0,09:09:41 628
+1,286.0,159.0,124.15288,179.37425,09:09:43 126
-1,134.0,148.0,261.3327,150.03198,09:09:43 167
-1,130.0,189.0,304.11322,179.67715,09:09:43 904
-1,129.0,188.0,261.0,181.0,09:09:46 125
-1,97.0,212.0,271.0,194.0,09:09:46 165
+1,257.0,193.0,118.76349,189.28159,09:09:46 209
+1,285.0,179.0,116.76795,171.05104,09:09:48 637
-1,140.0,161.0,317.24265,191.2071,09:09:48 999
任务3, 结束
任务4, 开始
+2,213.0,68.0,188.35155,284.49518,09:09:54 131
＊主菜单＊,0,0,0,0,09:09:54 264
-1,109.0,168.0,251.0,180.0,09:09:58 718
-1,129.0,168.0,281.0,174.0,09:10:00 191
-1,152.0,147.0,298.0,140.0,09:10:05 270
-1,150.0,132.0,295.0,137.0,09:10:13 298
0,112.0,105.0,112.0,105.0,09:10:14 619
健康运动,0,0,0,0,09:10:14 659
+1,238.0,185.0,47.468575,191.22166,09:10:17 214
+1,246.0,169.0,93.04058,191.42278,09:10:18 076
+1,270.0,150.0,88.16975,145.62671,09:10:18 786
+1,247.0,148.0,60.5,174.5,09:10:19 468
任务4, 结束
+2,217.0,82.0,215.30388,284.3626,09:10:26 967
＊主菜单＊,0,0,0,0,09:10:27 058
任务5, 开始
+1,224.0,181.0,43.0,175.0,09:10:31 632
+1,239.0,148.0,80.0,130.0,09:10:32 664
+1,258.0,176.0,99.0,182.0,09:10:33 198
-1,142.0,169.0,256.0,184.0,09:10:34 679
0,223.0,227.0,223.0,227.0,09:10:35 616
支付宝,0,0,0,0,09:10:35 654
+1,249.0,164.0,34.724052,193.9276,09:10:38 106
+2,151.0,53.0,227.37968,290.67352,09:10:40 135
＊主菜单＊,0,0,0,0,09:10:40 179
+1,240.0,154.0,101.0,166.0,09:10:42 180
+1,238.0,149.0,98.0,170.0,09:10:43 616
+1,245.0,168.0,141.0,171.0,09:10:46 186
+1,260.0,157.0,133.0,185.0,09:10:47 658
+1,253.0,149.0,96.0,160.0,09:10:49 144
0,105.0,106.0,105.0,106.0,09:10:50 617
系统设置,0,0,0,0,09:10:50 653
+1,243.0,190.0,72.500465,196.0,09:10:55 112
任务5, 结束
＊＊＊＊＊＊＊＊＊＊＊＊＊＊＊＊＊＊＊＊＊＊＊＊＊＊＊＊＊＊
