任务1, 开始
+1,274.0,128.0,55.0,189.0,08:55:45 646
+1,257.0,177.0,59.0,181.0,08:55:46 188
+1,266.0,157.0,55.0,185.0,08:55:46 587
+1,256.0,152.0,45.0,179.0,08:55:47 167
+1,263.0,170.0,52.0,184.03445,08:55:47 720
+1,268.0,143.0,27.874363,176.09422,08:55:48 472
+1,218.0,219.0,18.87782,195.27182,08:55:48 978
+1,245.0,218.0,69.0,249.0,08:55:49 687
+1,260.0,218.0,64.0,258.0,08:55:50 345
+1,288.0,184.0,66.0,227.0,08:55:51 232
0,286.0,192.0,286.0,192.0,08:55:51 727
0,220.0,237.0,220.0,237.0,08:55:51 990
下载,0,0,0,0,08:55:52 070
+1,256.0,179.0,84.0,240.0,08:55:54 561
+1,257.0,152.0,44.5,178.0,08:55:56 038
+1,262.0,177.0,49.0,191.0,08:55:56 657
-1,106.0,197.0,298.0,186.0,08:55:57 389
+1,256.0,173.0,43.0,232.0,08:55:58 033
任务1, 结束
+2,178.0,127.0,175.0,292.5,08:56:07 058
＊主菜单＊,0,0,0,0,08:56:07 561
任务2, 开始
-1,140.0,205.0,260.0,200.0,08:56:10 653
-1,151.0,171.0,305.0,186.0,08:56:11 710
-1,144.0,175.0,283.0,184.0,08:56:13 178
-1,134.0,184.0,309.0,178.0,08:56:13 822
-1,115.0,212.0,304.09116,206.38553,08:56:14 765
-1,149.0,167.0,304.0,171.0,08:56:15 709
-1,105.0,179.0,314.38193,170.01816,08:56:16 589
-1,125.0,171.0,298.0,179.0,08:56:18 088
0,230.0,221.0,230.0,221.0,08:56:20 067
国际象棋,0,0,0,0,08:56:20 109
+1,259.0,141.0,48.230843,186.76915,08:56:23 088
任务2, 结束
任务3, 开始
+2,172.0,100.0,157.22308,283.5577,08:56:40 065
＊主菜单＊,0,0,0,0,08:56:40 108
-1,74.0,168.0,306.0,189.0,08:56:49 889
+1,236.0,156.0,68.0,183.0,08:56:52 142
+1,246.0,143.0,54.773975,160.45204,08:56:52 326
+1,248.0,155.0,40.0,166.0,08:56:52 537
+1,297.0,136.0,68.0,180.0,08:56:53 450
+1,258.0,162.0,96.0,199.0,08:56:55 603
+1,263.0,175.0,56.0,199.0,08:56:57 137
0,213.0,236.0,213.0,236.0,08:56:57 857
相册,0,0,0,0,08:56:57 890
+1,250.0,162.0,29.210861,184.0,08:57:00 560
+1,267.0,170.0,60.0,157.0,08:57:01 566
-1,98.0,132.0,305.0,162.0,08:57:02 050
-1,120.0,140.0,302.0,169.0,08:57:03 064
+1,303.0,165.0,53.0,157.0,08:57:04 036
+1,249.0,151.0,66.977425,177.31474,08:57:04 560
+1,274.0,185.0,25.495354,255.75232,08:57:05 001
+1,263.0,224.0,41.0,232.0,08:57:05 637
-1,145.0,222.0,264.0,222.0,08:57:07 057
任务3, 结束
任务4, 开始
-2,178.0,280.0,217.66408,45.114555,08:57:41 070
+2,176.0,83.0,178.38913,300.82666,08:57:41 889
＊主菜单＊,0,0,0,0,08:57:41 979
-1,134.0,179.0,266.41867,191.06236,08:57:45 135
-1,134.0,179.0,264.0,196.0,08:57:45 765
-1,140.0,183.0,264.0,190.0,08:57:46 588
-1,121.0,172.0,262.63412,208.18735,08:57:48 599
-1,137.0,163.0,308.0,180.0,08:57:48 838
+1,243.0,163.0,57.0,195.0,08:57:49 568
+1,262.0,156.0,59.0,199.0,08:57:50 358
+1,253.0,177.0,45.0,217.0,08:57:52 133
+1,248.0,165.0,28.0,188.0,08:57:52 797
+1,253.0,168.0,41.0,190.0,08:57:53 915
+1,262.0,179.0,45.0,182.0,08:57:54 671
+1,290.0,175.0,52.0,185.0,08:57:55 571
+1,250.0,191.0,47.352257,233.2671,08:57:56 872
+1,259.0,198.0,33.310905,231.6891,08:57:58 145
+1,255.0,181.0,43.0,231.0,08:57:58 995
-1,112.0,202.0,304.0,203.0,08:57:59 778
-1,100.0,195.0,295.0,187.0,08:58:00 679
-1,113.0,198.0,293.0,186.0,08:58:01 599
-1,101.0,208.0,290.95657,191.15105,08:58:02 559
-1,112.0,184.0,274.0,191.0,08:58:03 431
-1,116.0,185.0,301.0,197.0,08:58:05 094
-1,116.0,161.0,297.0,182.0,08:58:05 662
-1,113.0,200.0,286.0,189.0,08:58:07 172
+1,261.0,155.0,45.0,189.0,08:58:07 625
+1,254.0,147.0,25.0,207.0,08:58:08 279
+1,266.0,185.0,55.0,244.0,08:58:10 150
0,105.0,224.0,105.0,224.0,08:58:10 560
新浪微博,0,0,0,0,08:58:10 820
+1,290.0,179.0,35.0,219.0,08:58:22 174
+1,289.0,193.0,47.0,224.0,08:58:22 230
-1,108.0,177.0,267.0,189.0,08:58:22 301
+1,279.0,174.0,35.0,213.0,08:58:22 354
+1,257.0,134.0,41.0,201.0,08:58:22 971
+1,268.0,145.0,37.0,207.0,08:58:23 428
+1,264.0,159.0,57.0,191.0,08:58:27 206
-1,118.0,178.0,264.0,182.0,08:58:29 065
-1,118.0,172.0,316.16403,184.0,08:58:29 561
-1,93.0,173.0,315.63425,184.29489,08:58:30 068
+1,289.0,175.0,44.0,196.0,08:58:37 058
+1,268.0,163.0,29.0,193.0,08:58:37 261
+1,289.0,176.0,68.0,194.0,08:58:38 144
+1,276.0,187.0,19.645983,143.076,08:58:38 859
+1,288.0,152.0,27.0,213.0,08:58:48 527
任务4, 结束
+2,193.0,73.0,210.0,284.0,08:58:54 076
＊主菜单＊,0,0,0,0,08:58:54 116
任务5, 开始
+1,261.0,170.0,32.033318,226.24167,08:59:00 732
+1,262.0,180.0,25.0,191.0,08:59:02 472
+1,268.0,134.0,19.0,179.0,08:59:04 759
0,107.0,231.0,107.0,231.0,08:59:04 792
天气,0,0,0,0,08:59:04 836
0,127.0,227.0,127.0,227.0,08:59:06 066
+1,251.0,176.0,27.0,197.0,08:59:08 147
+1,270.0,150.0,11.391778,174.0,08:59:11 070
+1,264.0,158.0,22.832664,181.61089,08:59:12 567
+1,265.0,148.0,53.303925,192.47198,08:59:12 734
-1,138.0,143.0,297.0,181.0,08:59:14 070
-1,131.0,165.0,305.3794,191.0,08:59:14 751
-1,95.0,142.0,308.0,180.0,08:59:16 063
-1,116.0,183.0,303.0,170.0,08:59:18 052
-1,142.0,173.0,308.3111,180.0,08:59:18 757
+1,271.0,162.0,19.0,169.0,08:59:22 687
+1,255.0,136.0,17.901806,160.9509,08:59:24 723
+1,256.0,149.0,29.0,157.0,08:59:26 069
-1,132.0,156.0,311.0,169.0,08:59:26 759
-1,141.0,152.0,283.0,178.0,08:59:27 179
+1,262.0,146.0,16.1083,161.6751,08:59:28 563
+1,234.0,151.0,18.0,158.0,08:59:29 070
+1,225.0,149.0,15.580036,171.0,08:59:29 810
+1,235.0,144.0,22.0,176.0,08:59:33 568
+1,263.0,153.0,28.0,188.0,08:59:34 032
-1,117.0,158.0,321.12463,195.0,08:59:35 082
任务5, 结束
＊＊＊＊＊＊＊＊＊＊＊＊＊＊＊＊＊＊＊＊＊＊＊＊＊＊＊＊＊＊
