0,164.0,163.0,164.0,163.0,09:02:50 089
+1,300.0,135.0,236.0821,274.13235,09:02:51 581
任务1, 开始
+2,164.0,136.0,153.11084,304.1928,09:02:53 706
＊主菜单＊,0,0,0,0,09:02:53 778
-1,133.0,191.0,321.58252,188.91263,09:02:56 198
-1,133.0,172.0,273.0,186.0,09:02:57 094
-1,136.0,157.0,282.0558,201.30362,09:02:58 619
-1,144.0,182.0,317.01678,150.7372,09:02:59 621
-1,108.0,202.0,268.0,193.0,09:03:00 085
-1,122.0,184.0,298.09116,219.51636,09:03:00 830
-1,126.0,168.0,299.0,184.0,09:03:01 513
0,113.0,107.0,113.0,107.0,09:03:03 078
健康运动,0,0,0,0,09:03:03 119
+1,237.0,167.0,36.94104,222.00842,09:03:05 574
+1,289.0,142.0,48.0,195.0,09:03:05 797
+1,289.0,198.0,40.0,236.0,09:03:07 062
+1,280.0,190.0,54.0,237.0,09:03:07 577
+1,274.0,201.0,67.0,240.0,09:03:08 151
+1,287.0,196.0,74.0,251.0,09:03:08 847
+1,281.0,200.0,40.0,240.0,09:03:12 047
-1,128.0,233.0,312.89697,142.8618,09:03:12 208
-1,136.0,197.0,322.88995,126.032646,09:03:12 696
任务1, 结束
任务2, 开始
+2,175.0,103.0,222.00323,295.71854,09:03:22 968
＊主菜单＊,0,0,0,0,09:03:23 041
0,135.0,126.0,135.0,126.0,09:03:25 055
健康运动,0,0,0,0,09:03:25 148
+1,263.0,171.0,34.0,191.0,09:03:27 576
+1,297.0,153.0,56.753834,179.09846,09:03:28 011
+1,255.0,186.0,41.0,200.0,09:03:28 830
+1,285.0,153.0,55.8768,214.47841,09:03:29 307
0,62.0,222.0,62.0,222.0,09:03:29 960
+1,278.0,182.0,40.0,223.0,09:03:30 442
+1,292.0,188.0,41.0,227.0,09:03:31 118
+1,263.0,183.0,35.0,196.0,09:03:31 900
任务2, 结束
-2,164.0,242.0,190.72815,46.71204,09:03:50 082
-2,158.0,221.0,177.60353,14.56513,09:03:50 847
+2,187.0,127.0,164.48367,296.3797,09:03:52 587
＊主菜单＊,0,0,0,0,09:03:53 088
+2,196.0,109.0,187.0,270.0,09:03:53 472
+1,268.0,196.0,54.0,229.0,09:03:55 678
+1,233.0,160.0,27.0,210.0,09:03:56 551
+1,260.0,179.0,53.0,226.0,09:03:58 076
-1,63.0,243.0,98.30057,255.0,09:03:58 681
-1,110.0,179.0,282.09146,226.84322,09:04:00 218
-1,139.0,187.0,264.0,212.0,09:04:01 185
+1,230.0,144.0,52.0,199.0,09:04:02 071
+1,227.0,174.0,33.166412,172.18741,09:04:02 343
+1,241.0,191.0,24.200563,197.23329,09:04:03 045
任务3, 开始
0,116.0,254.0,116.0,254.0,09:04:06 083
0,136.0,236.0,136.0,236.0,09:04:08 109
视频,0,0,0,0,09:04:08 139
任务3, 结束
+2,144.0,66.0,159.0,268.55783,09:04:18 098
＊主菜单＊,0,0,0,0,09:04:18 142
任务4, 开始
+1,243.0,173.0,35.0,189.0,09:04:22 638
+1,252.0,184.0,54.0,185.0,09:04:23 575
+1,259.0,175.0,34.0,195.0,09:04:24 534
+1,296.0,193.0,41.892,186.892,09:04:25 312
-1,93.0,142.0,287.46658,185.8187,09:04:25 658
-1,97.0,184.0,315.0,165.0,09:04:26 206
0,229.0,110.0,229.0,110.0,09:04:27 006
联系人,0,0,0,0,09:04:27 062
+1,254.0,141.0,19.828293,190.39485,09:04:29 597
+1,226.0,159.0,28.0,217.0,09:04:30 086
+1,226.0,148.0,35.0,193.0,09:04:31 106
+1,258.0,152.0,48.515446,224.45366,09:04:31 588
+1,267.0,175.0,33.708996,226.291,09:04:32 065
+1,305.0,155.0,46.253586,240.54701,09:04:33 097
+1,281.0,187.0,28.719545,225.28741,09:04:34 057
+1,302.0,180.0,20.881126,230.31183,09:04:35 579
-1,75.0,208.0,291.2662,136.95456,09:04:36 089
-1,57.0,234.0,311.0,178.0,09:04:36 585
-1,96.0,233.0,295.0,143.0,09:04:37 089
-1,157.0,219.0,263.0,141.0,09:04:37 577
-1,97.0,182.0,301.0,144.0,09:04:38 077
-1,100.0,201.0,308.08655,168.28394,09:04:38 588
任务4, 结束
任务5, 开始
+2,182.0,101.0,179.50507,318.70712,09:04:51 603
＊主菜单＊,0,0,0,0,09:04:51 659
支付宝,0,0,0,0,09:04:52 111
+2,170.0,107.0,209.62097,307.4835,09:04:54 079
＊主菜单＊,0,0,0,0,09:04:54 120
+1,248.0,153.0,18.246424,189.98569,09:04:57 124
卡包,0,0,0,0,09:05:06 018
0,131.0,259.0,131.0,259.0,09:05:06 798
+1,235.0,176.0,17.51723,179.51723,09:05:08 103
+1,267.0,202.0,26.736061,189.42131,09:05:08 702
+1,276.0,157.0,39.716816,172.51122,09:05:09 452
+1,296.0,190.0,40.968925,230.80621,09:05:10 588
+1,269.0,186.0,50.0,230.0,09:05:11 586
任务5, 结束
＊＊＊＊＊＊＊＊＊＊＊＊＊＊＊＊＊＊＊＊＊＊＊＊＊＊＊＊＊＊
+2,163.0,46.0,107.052124,298.5164,09:05:34 078
＊主菜单＊,0,0,0,0,09:05:34 120
