任务1, 开始
+1,264.0,174.0,17.6191,206.157,17:34:20 983
+1,269.0,163.0,98.0,189.0,17:34:21 615
+1,285.0,171.0,66.0,199.0,17:34:22 399
-1,49.0,176.0,310.24634,172.85803,17:34:23 092
0,111.0,221.0,111.0,221.0,17:34:23 824
新浪微博,0,0,0,0,17:34:23 874
+1,253.0,177.0,102.78572,187.44543,17:34:27 545
+1,258.0,177.0,43.63983,233.34004,17:34:28 383
+1,280.0,175.0,55.0,222.0,17:34:31 049
-1,30.0,153.0,316.74692,149.48125,17:34:39 470
任务1, 结束
-1,61.0,181.0,316.87863,168.93655,17:34:42 625
-1,104.0,183.0,298.11627,169.0,17:34:45 062
任务2, 开始
+2,172.0,36.0,181.4117,268.352,17:35:00 576
＊主菜单＊,0,0,0,0,17:35:00 616
-1,65.0,202.0,196.0,185.0,17:35:02 489
+1,261.0,182.0,66.0,233.0,17:35:03 040
+1,238.0,162.0,93.0,220.0,17:35:03 291
+1,262.0,165.0,94.0,215.0,17:35:04 253
+1,252.0,192.0,86.0,211.0,17:35:05 139
0,90.0,229.0,90.0,229.0,17:35:06 078
天气,0,0,0,0,17:35:06 162
+1,266.0,162.0,102.0,203.0,17:35:10 229
+1,238.0,147.0,86.75807,177.87802,17:35:11 638
+1,264.0,163.0,118.2175,189.69562,17:35:12 417
+1,276.0,161.0,162.48972,181.45103,17:35:13 467
-1,26.0,184.0,298.0,159.0,17:35:14 820
-1,52.0,204.0,271.0,181.0,17:35:15 351
-1,112.0,221.0,264.0,192.0,17:35:18 058
+1,295.0,172.0,96.0,186.0,17:35:18 228
+1,277.0,181.0,127.0,182.0,17:35:18 648
-1,41.0,189.0,234.0,182.0,17:35:20 283
-1,30.0,192.0,93.45688,192.0,17:35:20 812
-1,38.0,195.0,213.0,190.0,17:35:22 326
任务2, 结束
+2,169.0,74.0,185.88065,285.9884,17:35:31 205
＊主菜单＊,0,0,0,0,17:35:31 273
任务3, 开始
-1,50.0,224.0,290.0,196.0,17:35:36 475
-1,72.0,224.0,267.0,203.0,17:35:37 222
0,218.0,220.0,218.0,220.0,17:35:37 779
相册,0,0,0,0,17:35:37 843
+1,279.0,162.0,131.70004,198.81247,17:35:41 164
+1,230.0,214.0,133.0,267.0,17:35:43 041
+1,267.0,176.0,97.13747,229.24156,17:35:44 205
-1,108.0,181.0,219.0,168.0,17:35:44 779
任务3, 结束
任务4, 开始
+2,178.0,59.0,142.0,280.0,17:35:57 020
＊主菜单＊,0,0,0,0,17:35:57 095
+1,266.0,204.0,133.0,227.0,17:36:00 198
+1,248.0,195.0,51.0,228.0,17:36:00 315
+1,278.0,181.0,95.0,193.0,17:36:00 847
0,116.0,139.0,116.0,139.0,17:36:01 902
0,113.0,114.0,113.0,114.0,17:36:03 688
系统设置,0,0,0,0,17:36:03 796
-1,134.0,245.0,183.0,280.0,17:36:06 443
+2,195.0,52.0,199.32043,281.7388,17:36:08 163
＊主菜单＊,0,0,0,0,17:36:08 251
+1,239.0,200.0,65.0,254.0,17:36:09 059
0,218.0,130.0,218.0,130.0,17:36:10 608
自带导航,0,0,0,0,17:36:10 663
+1,251.0,184.0,139.0,200.0,17:36:13 556
0,219.0,144.0,219.0,144.0,17:36:13 949
0,167.0,243.0,167.0,243.0,17:36:15 227
+2,163.0,48.0,187.9154,284.06464,17:36:16 876
＊主菜单＊,0,0,0,0,17:36:16 960
-1,57.0,200.0,270.28778,183.54897,17:36:20 005
+1,276.0,176.0,63.0,181.0,17:36:21 050
0,215.0,229.0,215.0,229.0,17:36:21 695
下载,0,0,0,0,17:36:21 761
+1,283.0,163.0,113.506836,202.78279,17:36:24 564
+1,264.0,194.0,112.0,236.0,17:36:24 897
+1,277.0,176.0,134.0,223.0,17:36:25 615
0,187.0,38.0,187.0,38.0,17:36:28 602
任务4, 结束
任务5, 开始
+2,153.0,39.0,138.47556,253.16895,17:36:43 583
＊主菜单＊,0,0,0,0,17:36:43 624
-1,99.0,187.0,134.0,187.0,17:36:44 736
-1,61.0,220.0,185.0,193.0,17:36:45 082
-1,90.0,198.0,243.0,191.0,17:36:45 389
-1,58.0,204.0,228.0,189.0,17:36:45 697
-1,54.0,219.0,261.0,199.0,17:36:46 333
-1,59.0,201.0,222.0,193.0,17:36:47 237
0,222.0,225.0,222.0,225.0,17:36:48 566
国际象棋,0,0,0,0,17:36:48 661
+1,280.0,163.0,101.0,191.0,17:36:52 731
任务5, 结束
＊＊＊＊＊＊＊＊＊＊＊＊＊＊＊＊＊＊＊＊＊＊＊＊＊＊＊＊＊＊
