任务1, 开始
+2,218.0,47.0,197.0,297.0,17:38:42 964
＊主菜单＊,0,0,0,0,17:38:43 046
+1,206.0,162.0,98.0,207.0,17:38:45 800
+1,263.0,180.0,115.61059,218.73831,17:38:46 685
+1,250.0,160.0,98.0,221.0,17:38:47 541
+1,245.0,125.0,55.0,242.0,17:38:48 939
+1,236.0,181.0,56.0,225.0,17:38:50 451
+1,244.0,181.0,51.0,213.0,17:38:51 459
0,212.0,115.0,212.0,115.0,17:38:54 080
自带导航,0,0,0,0,17:38:54 130
+1,285.0,152.0,43.0,190.0,17:38:56 000
+1,293.0,156.0,10.689156,234.2071,17:38:56 556
-1,31.0,212.0,294.0,190.0,17:38:56 978
+2,178.0,40.0,158.0,250.0,17:38:58 853
＊主菜单＊,0,0,0,0,17:38:58 958
-1,29.0,186.0,296.0,154.0,17:39:02 488
-1,39.0,212.0,300.82797,197.26813,17:39:04 646
0,93.0,239.0,93.0,239.0,17:39:06 617
卡包,0,0,0,0,17:39:07 073
0,114.0,227.0,114.0,227.0,17:39:07 712
+1,264.0,170.0,101.61833,207.4224,17:39:09 316
+1,284.0,156.0,109.0,202.0,17:39:10 189
+1,265.0,176.0,98.0,196.0,17:39:11 036
任务1, 结束
任务2, 开始
0,152.0,188.0,152.0,188.0,17:39:30 144
+2,171.0,53.0,177.0,242.02808,17:39:33 564
＊主菜单＊,0,0,0,0,17:39:33 647
-1,54.0,185.0,252.0,185.0,17:39:35 554
-1,86.0,215.0,268.0,181.0,17:39:35 985
-1,26.0,190.0,276.0,192.0,17:39:36 894
-1,43.0,187.0,265.0,218.0,17:39:37 712
0,112.0,115.0,112.0,115.0,17:39:38 663
健康运动,0,0,0,0,17:39:38 717
+1,277.0,162.0,89.0,191.0,17:39:41 094
+1,270.0,153.0,63.0,215.0,17:39:41 427
+1,238.0,169.0,52.0,229.0,17:39:41 968
+1,253.0,153.0,57.0,200.0,17:39:42 605
+1,296.0,163.0,30.0,221.0,17:39:43 112
任务2, 结束
任务3, 开始
+2,96.0,39.0,105.3882,266.55377,17:39:58 112
＊主菜单＊,0,0,0,0,17:39:58 213
+1,278.0,177.0,112.70732,223.8818,17:40:00 215
+1,275.0,163.0,114.0,211.0,17:40:00 845
+1,283.0,152.0,93.0,189.0,17:40:01 511
+1,292.0,176.0,102.0,222.0,17:40:02 568
+1,274.0,163.0,62.0,204.0,17:40:03 452
+1,245.0,152.0,95.0,192.0,17:40:04 475
0,97.0,119.0,97.0,119.0,17:40:05 210
系统设置,0,0,0,0,17:40:05 282
-1,97.0,138.0,141.11935,109.0,17:40:09 318
+2,168.0,39.0,179.0,259.0,17:40:11 027
＊主菜单＊,0,0,0,0,17:40:11 093
0,96.0,225.0,96.0,225.0,17:40:14 075
系统时钟,0,0,0,0,17:40:14 118
+1,245.0,195.0,38.0,223.0,17:40:15 420
+1,276.0,150.0,38.0,188.0,17:40:20 591
+2,173.0,38.0,180.35919,239.32472,17:40:21 984
＊主菜单＊,0,0,0,0,17:40:22 034
0,229.0,237.0,229.0,237.0,17:40:24 582
下载,0,0,0,0,17:40:24 674
+1,266.0,158.0,39.654053,229.46556,17:40:27 687
+1,281.0,178.0,85.0,187.0,17:40:28 524
+1,270.0,150.0,53.0,212.0,17:40:29 140
任务3, 结束
任务4, 开始
+2,181.0,43.0,161.12086,207.28278,17:40:44 993
＊主菜单＊,0,0,0,0,17:40:45 080
-1,188.0,182.0,311.78033,178.0793,17:40:47 640
-1,63.0,179.0,283.0,187.0,17:40:48 308
-1,49.0,186.0,269.0,190.0,17:40:49 081
-1,40.0,199.0,277.31033,196.89107,17:40:49 964
0,103.0,219.0,103.0,219.0,17:40:51 692
视频,0,0,0,0,17:40:51 765
任务4, 结束
任务5, 开始
+2,150.0,44.0,138.0,214.0,17:41:07 902
＊主菜单＊,0,0,0,0,17:41:07 945
-1,86.0,168.0,303.0,150.0,17:41:10 744
0,219.0,116.0,219.0,116.0,17:41:11 174
联系人,0,0,0,0,17:41:11 230
+1,248.0,190.0,75.0,201.0,17:41:13 046
+1,292.0,179.0,89.0,217.0,17:41:13 753
+1,210.0,195.0,52.0,227.0,17:41:14 452
+1,264.0,168.0,14.013164,202.24753,17:41:15 656
-1,53.0,194.0,273.0,201.0,17:41:16 303
-1,26.0,172.0,258.0,177.0,17:41:16 910
-1,54.0,195.0,299.0,177.0,17:41:17 641
-1,36.0,197.0,298.0,186.0,17:41:18 390
0,253.0,161.0,253.0,161.0,17:41:19 183
+2,148.0,33.0,167.0,261.0,17:41:20 745
＊主菜单＊,0,0,0,0,17:41:20 853
-1,58.0,235.0,269.0,224.0,17:41:23 281
+1,256.0,158.0,32.0,201.0,17:41:23 906
0,96.0,106.0,96.0,106.0,17:41:24 583
电话,0,0,0,0,17:41:24 664
0,223.0,151.0,223.0,151.0,17:41:27 583
+1,252.0,148.0,47.0,187.0,17:41:28 349
任务5, 结束
＊＊＊＊＊＊＊＊＊＊＊＊＊＊＊＊＊＊＊＊＊＊＊＊＊＊＊＊＊＊
+2,166.0,30.0,179.41838,287.34705,17:43:27 594
＊主菜单＊,0,0,0,0,17:43:27 640
