任务1, 开始
+1,261.0,210.0,57.0,182.0,17:44:09 544
+1,288.0,184.0,101.0,220.0,17:44:10 347
0,123.0,223.0,123.0,223.0,17:44:11 500
卡包,0,0,0,0,17:44:11 585
+1,291.0,150.0,60.0,146.0,17:44:14 109
+1,296.0,173.0,101.0,163.0,17:44:14 459
+1,227.0,179.0,38.0,192.0,17:44:15 289
+1,254.0,151.0,40.169746,169.89139,17:44:16 165
-1,96.0,175.0,312.8133,174.22536,17:44:16 625
-1,79.0,200.0,187.0,190.0,17:44:16 959
0,28.0,180.0,28.0,180.0,17:44:18 694
-1,14.0,156.0,194.0,137.0,17:44:19 320
-1,49.0,179.0,265.0,181.0,17:44:19 887
0,216.0,142.0,216.0,142.0,17:44:20 916
0,229.0,113.0,229.0,113.0,17:44:22 521
+2,182.0,33.0,185.0,260.0,17:44:23 651
＊主菜单＊,0,0,0,0,17:44:23 805
-1,31.0,203.0,302.0,176.0,17:44:26 512
0,183.0,227.0,183.0,227.0,17:44:27 023
相册,0,0,0,0,17:44:27 088
+1,281.0,178.0,60.0,204.0,17:44:29 070
+1,277.0,152.0,49.108524,226.43867,17:44:30 410
+1,265.0,174.0,35.0,184.0,17:44:31 494
+2,147.0,40.0,175.0,275.0,17:44:32 275
＊主菜单＊,0,0,0,0,17:44:32 377
-1,56.0,215.0,231.0,222.0,17:44:35 207
0,194.0,220.0,194.0,220.0,17:44:36 612
支付宝,0,0,0,0,17:44:36 699
任务1, 结束
任务2, 开始
+2,140.0,24.0,180.36156,284.9478,17:44:50 053
＊主菜单＊,0,0,0,0,17:44:50 137
+1,290.0,178.0,100.0,231.0,17:44:52 145
+1,287.0,170.0,34.0,230.0,17:44:52 985
+1,269.0,182.0,23.0,212.0,17:44:53 750
+1,256.0,191.0,47.0,217.0,17:44:54 914
0,104.0,134.0,104.0,134.0,17:44:55 684
系统设置,0,0,0,0,17:44:55 722
任务2, 结束
任务3, 开始
+2,223.0,37.0,212.0,219.0,17:45:07 118
＊主菜单＊,0,0,0,0,17:45:07 158
-1,69.0,164.0,292.15,148.89017,17:45:09 188
-1,66.0,151.0,248.0,141.0,17:45:09 566
-1,62.0,175.0,305.0,177.0,17:45:09 837
-1,54.0,175.0,175.0,151.0,17:45:10 014
-1,131.0,173.0,262.0,184.0,17:45:10 746
-1,59.0,164.0,273.0,183.0,17:45:11 378
0,100.0,205.0,100.0,205.0,17:45:14 172
运动秒表,0,0,0,0,17:45:14 249
+1,273.0,147.0,56.0,180.0,17:45:17 121
+2,159.0,43.0,153.0,278.0,17:45:17 298
＊主菜单＊,0,0,0,0,17:45:17 505
0,133.0,136.0,133.0,136.0,17:45:19 612
健康运动,0,0,0,0,17:45:19 672
+1,264.0,159.0,86.82512,220.58191,17:45:23 280
+1,276.0,158.0,54.0,230.0,17:45:24 964
+1,268.0,157.0,38.0,215.0,17:45:26 073
+1,260.0,123.0,28.0,175.0,17:45:29 295
任务3, 结束
任务4, 开始
+2,195.0,61.0,181.87546,279.8376,17:45:44 119
＊主菜单＊,0,0,0,0,17:45:44 163
+1,239.0,217.0,65.0,227.0,17:45:45 418
+1,295.0,181.0,180.0,181.0,17:45:46 638
+1,271.0,168.0,105.0,187.0,17:45:47 858
+1,227.0,161.0,56.0,189.0,17:45:48 910
0,237.0,225.0,237.0,225.0,17:45:49 780
笔记,0,0,0,0,17:45:49 924
+1,279.0,144.0,61.0,180.0,17:45:52 615
+1,287.0,114.0,78.27884,181.54453,17:45:53 725
任务4, 结束
任务5, 开始
0,231.0,53.0,231.0,53.0,17:46:07 657
+2,187.0,26.0,224.1294,268.8468,17:46:07 696
＊主菜单＊,0,0,0,0,17:46:07 742
-1,57.0,183.0,270.0,225.0,17:46:10 263
0,124.0,229.0,124.0,229.0,17:46:10 940
0,128.0,221.0,128.0,221.0,17:46:11 585
视频,0,0,0,0,17:46:11 623
+1,267.0,181.0,56.0,173.0,17:46:13 312
任务5, 结束
＊＊＊＊＊＊＊＊＊＊＊＊＊＊＊＊＊＊＊＊＊＊＊＊＊＊＊＊＊＊
