+1,279.0,151.0,42.0,205.0,16:00:03 329
-1,61.0,164.0,312.0,173.0,16:00:04 568
任务1, 开始
-1,56.0,185.0,264.0,186.0,16:00:11 209
-1,100.0,170.0,310.0,175.0,16:00:11 661
-1,112.0,183.0,302.0,174.0,16:00:12 447
-1,103.0,180.0,286.0,167.0,16:00:13 101
-1,88.0,191.0,306.0,167.0,16:00:14 065
0,127.0,105.0,127.0,105.0,16:00:16 974
健康运动,0,0,0,0,16:00:17 016
+1,286.0,151.0,133.0,188.0,16:00:19 566
+1,269.0,147.0,106.0,211.0,16:00:19 789
+1,301.0,147.0,99.50217,224.9821,16:00:20 562
+1,244.0,159.0,72.0,235.0,16:00:21 111
+1,302.0,151.0,57.0,229.0,16:00:21 856
任务1, 结束
+2,196.0,33.0,135.0,278.97455,16:00:27 879
＊主菜单＊,0,0,0,0,16:00:27 958
任务2, 开始
+1,277.0,180.0,22.758072,248.82771,16:00:34 327
+1,255.0,153.0,49.0,220.0,16:00:34 659
+1,160.0,195.0,55.0,247.0,16:00:35 008
+1,143.0,213.0,107.0,231.0,16:00:35 308
视频,0,0,0,0,16:00:35 386
+1,293.0,149.0,64.0,243.0,16:00:36 710
+2,139.0,61.0,202.26833,264.80496,16:00:37 839
＊主菜单＊,0,0,0,0,16:00:37 901
+1,291.0,119.0,46.0,230.0,16:00:39 848
+1,259.0,142.0,71.0,220.0,16:00:40 222
+1,277.0,169.0,95.0,219.0,16:00:40 932
0,221.0,234.0,221.0,234.0,16:00:41 634
下载,0,0,0,0,16:00:41 674
+1,305.0,150.0,126.0,192.0,16:00:43 526
+1,294.0,146.0,91.0,211.0,16:00:44 067
+1,296.0,162.0,95.14504,221.92747,16:00:44 872
+1,292.0,173.0,43.0,218.0,16:00:45 537
任务2, 结束
+2,217.0,39.0,134.0,297.86337,16:00:54 077
＊主菜单＊,0,0,0,0,16:00:54 146
任务3, 开始
0,218.0,118.0,218.0,118.0,16:00:57 887
自带导航,0,0,0,0,16:00:57 939
+1,287.0,146.0,46.0,252.0,16:01:01 556
+1,266.0,189.0,40.942577,258.47888,16:01:02 196
-1,101.0,190.0,280.25244,187.0,16:01:03 228
+1,269.0,163.0,30.89439,224.58957,16:01:03 794
+1,295.0,141.0,82.03042,185.34628,16:01:04 829
+1,274.0,108.0,79.741104,187.18932,16:01:05 832
+2,138.0,29.0,172.54094,273.2357,16:01:06 902
＊主菜单＊,0,0,0,0,16:01:06 944
-1,138.0,183.0,300.23788,168.72026,16:01:10 127
-1,83.0,150.0,300.0,150.0,16:01:10 895
-1,52.0,183.0,299.0,174.0,16:01:13 819
-1,113.0,180.0,299.0,192.0,16:01:16 741
+1,291.0,191.0,104.0,260.0,16:01:16 937
+1,297.0,181.0,100.0,253.0,16:01:17 542
+1,284.0,187.0,78.0,267.0,16:01:18 355
+1,266.0,197.0,66.16837,276.5099,16:01:19 555
-1,63.0,184.0,307.13617,162.81754,16:01:20 398
-1,75.0,188.0,301.0,160.0,16:01:20 932
-1,109.0,186.0,261.0,185.0,16:01:21 748
-1,54.0,192.0,309.30914,150.46118,16:01:22 904
-1,59.0,181.0,254.0,149.0,16:01:23 709
-1,88.0,177.0,273.0,149.0,16:01:24 576
-1,87.0,184.0,308.6623,156.39552,16:01:25 697
+1,278.0,169.0,55.0,260.0,16:01:26 564
+1,279.0,171.0,136.0,209.0,16:01:32 257
+1,306.0,180.0,88.0,219.0,16:01:32 878
+1,303.0,171.0,91.632996,229.44301,16:01:33 873
0,101.0,112.0,101.0,112.0,16:01:34 954
浏览器,0,0,0,0,16:01:34 996
+1,293.0,151.0,100.0,224.0,16:01:37 581
+1,295.0,191.0,181.98613,256.96616,16:01:39 738
+2,175.0,41.0,181.98091,266.89728,16:01:40 338
＊主菜单＊,0,0,0,0,16:01:40 420
0,78.0,225.0,78.0,225.0,16:01:45 304
0,98.0,232.0,98.0,232.0,16:01:46 561
卡包,0,0,0,0,16:01:46 627
0,115.0,224.0,115.0,224.0,16:01:47 506
+1,271.0,138.0,64.0,224.0,16:01:50 073
+1,294.0,158.0,56.0,235.0,16:01:51 341
+1,261.0,173.0,38.04329,252.50352,16:01:52 347
+1,224.0,135.0,67.0,232.0,16:01:54 626
任务3, 结束
+2,158.0,22.0,133.09811,293.82953,16:01:59 764
＊主菜单＊,0,0,0,0,16:01:59 809
0,103.0,225.0,103.0,225.0,16:02:04 888
卡包,0,0,0,0,16:02:04 932
任务4, 开始
+1,291.0,137.0,59.0,245.0,16:02:13 097
+1,302.0,160.0,56.627117,259.28552,16:02:13 376
+1,298.0,167.0,53.701004,267.41583,16:02:14 594
+1,286.0,184.0,53.0,259.0,16:02:15 393
-1,98.0,171.0,295.0,162.0,16:02:15 942
-1,121.0,165.0,286.0,145.0,16:02:16 326
-1,104.0,188.0,311.0,160.0,16:02:16 736
-1,90.0,197.0,314.6075,149.54906,16:02:17 430
+2,172.0,23.0,155.41838,278.44498,16:02:18 304
＊主菜单＊,0,0,0,0,16:02:18 373
+1,307.0,163.0,81.844475,233.3731,16:02:25 555
+1,296.0,144.0,57.0,246.0,16:02:29 717
+1,286.0,167.0,97.0,240.0,16:02:30 707
-1,90.0,185.0,270.0976,171.41508,16:02:31 046
-1,80.0,189.0,231.0,177.0,16:02:31 378
-1,133.0,185.0,308.0,175.0,16:02:32 410
-1,144.0,188.0,308.0,167.0,16:02:33 221
0,225.0,107.0,225.0,107.0,16:02:34 231
联系人,0,0,0,0,16:02:34 279
+1,294.0,144.0,63.023693,262.33878,16:02:36 898
+1,305.0,151.0,64.02945,257.2907,16:02:37 951
+1,291.0,148.0,46.79547,236.69652,16:02:38 666
+1,279.0,154.0,57.46152,262.4308,16:02:40 557
+1,271.0,165.0,126.12693,237.87306,16:02:41 330
-1,87.0,183.0,307.2677,175.2677,16:02:42 233
-1,185.0,187.0,304.0,183.5,16:02:43 143
-1,175.0,203.0,303.18222,185.34924,16:02:43 898
-1,187.0,198.0,302.0,186.0,16:02:44 747
-1,194.0,185.0,302.0,186.0,16:02:45 342
0,267.0,134.0,267.0,134.0,16:02:45 810
-1,224.0,186.0,301.0,161.0,16:02:46 467
+1,294.0,180.0,97.0,249.0,16:02:47 132
+1,293.0,158.0,100.0,262.0,16:02:47 487
+2,171.0,44.0,150.0,275.0,16:02:48 054
＊主菜单＊,0,0,0,0,16:02:48 094
0,223.0,227.0,223.0,227.0,16:02:51 084
支付宝,0,0,0,0,16:02:51 125
+1,261.0,130.0,42.0,217.0,16:03:00 105
+1,249.0,173.0,56.53004,236.48999,16:03:01 090
-1,65.0,172.0,297.0,151.0,16:03:01 731
-1,130.0,176.0,304.0,162.0,16:03:02 190
-1,71.0,186.0,299.0,158.0,16:03:02 784
+2,140.0,38.0,171.1893,236.78197,16:03:03 540
＊主菜单＊,0,0,0,0,16:03:03 629
0,122.0,126.0,122.0,126.0,16:03:07 239
电话,0,0,0,0,16:03:07 284
0,215.0,142.0,215.0,142.0,16:03:10 076
0,245.0,148.0,245.0,148.0,16:03:10 422
0,246.0,147.0,246.0,147.0,16:03:10 816
0,252.0,146.0,252.0,146.0,16:03:11 026
+1,292.0,170.0,63.0,265.0,16:03:11 562
任务4, 结束
+2,163.0,18.0,150.5,282.0,16:03:21 480
＊主菜单＊,0,0,0,0,16:03:21 533
任务5, 开始
+1,274.0,199.0,84.620316,248.80411,16:03:25 179
0,106.0,234.0,106.0,234.0,16:03:26 293
视频,0,0,0,0,16:03:26 383
任务5, 结束
＊＊＊＊＊＊＊＊＊＊＊＊＊＊＊＊＊＊＊＊＊＊＊＊＊＊＊＊＊＊
0,122.0,25.0,122.0,25.0,16:03:32 087
+2,173.0,20.0,130.45601,284.648,16:03:32 672
＊主菜单＊,0,0,0,0,16:03:32 786
