任务1, 开始
+1,262.0,151.0,28.0,209.0,15:54:43 699
+1,251.0,161.0,89.0,193.0,15:54:44 601
+1,276.0,172.0,27.0,221.0,15:54:45 362
+1,293.0,183.0,39.0,226.0,15:54:46 037
+1,236.0,173.0,70.0,236.0,15:54:47 128
0,223.0,221.0,223.0,221.0,15:54:47 866
相册,0,0,0,0,15:54:47 919
0,226.0,230.0,226.0,230.0,15:54:48 826
+1,306.0,171.0,47.0,226.0,15:54:51 128
-1,103.0,180.0,322.5,187.5,15:54:52 082
+1,307.0,154.0,33.556633,195.87029,15:54:52 908
+1,256.0,179.0,56.0,232.0,15:54:54 620
+1,251.0,178.0,28.5,246.0,15:54:55 910
任务1, 结束
+2,172.0,27.0,122.39622,279.29425,15:54:59 610
＊主菜单＊,0,0,0,0,15:54:59 723
任务2, 开始
+1,253.0,175.0,56.0,263.0,15:55:06 509
+1,284.0,161.0,54.0,242.0,15:55:07 299
+1,281.0,174.0,51.0,248.0,15:55:08 107
+1,294.0,149.0,51.490692,253.677,15:55:09 083
-1,84.0,182.0,283.9963,179.0,15:55:09 609
-1,86.0,186.0,297.0,172.0,15:55:10 036
-1,112.0,185.0,249.0,159.0,15:55:10 352
-1,117.0,185.0,312.99396,164.58162,15:55:11 273
0,69.0,238.0,69.0,238.0,15:55:12 317
0,131.0,216.0,131.0,216.0,15:55:13 922
新浪微博,0,0,0,0,15:55:13 976
+1,282.0,152.0,38.0,238.0,15:55:17 188
+1,291.0,159.0,66.0,228.0,15:55:18 893
+1,282.0,173.0,58.0,249.93459,15:55:20 915
-1,99.0,212.0,322.02637,181.16447,15:55:25 543
-1,132.0,197.0,305.0,182.0,15:55:25 582
+1,302.0,183.0,59.2216,256.3969,15:55:29 378
+1,242.0,188.0,53.0,242.0,15:55:30 177
-1,110.0,220.0,303.0,170.0,15:55:32 563
+1,294.0,180.0,31.513538,231.10725,15:55:33 600
任务2, 结束
+2,257.0,56.0,207.48277,283.44867,15:55:52 014
＊主菜单＊,0,0,0,0,15:55:52 056
+2,170.0,54.0,188.53122,259.41953,15:55:52 329
任务3, 开始
-1,53.0,187.0,275.0,185.0,15:55:55 225
-1,69.0,194.0,311.0,177.0,15:55:55 581
0,216.0,225.0,216.0,225.0,15:55:56 873
国际象棋,0,0,0,0,15:55:56 938
+1,294.0,159.0,101.184235,243.34514,15:56:00 084
任务3, 结束
+2,90.0,47.0,112.320435,289.34705,15:56:08 408
＊主菜单＊,0,0,0,0,15:56:08 502
任务4, 开始
+1,299.0,166.0,170.0,191.0,15:56:13 348
+1,292.0,176.0,105.0,213.0,15:56:16 249
+1,248.0,169.0,86.775024,220.7083,15:56:16 990
-1,84.0,168.0,287.0,166.0,15:56:17 902
-1,111.0,160.0,307.0,178.0,15:56:18 931
+1,288.0,184.0,33.35862,244.50768,15:56:19 418
+1,249.0,170.0,63.0,233.0,15:56:19 956
+1,260.0,174.0,73.0,267.0,15:56:21 273
+1,306.0,162.0,63.0,244.0,15:56:22 581
+1,304.0,166.0,62.868233,269.87466,15:56:24 060
0,90.0,233.0,90.0,233.0,15:56:25 218
天气,0,0,0,0,15:56:25 266
+1,302.0,173.0,97.0,264.0,15:56:32 226
+1,306.0,165.0,61.16394,269.68304,15:56:33 546
+1,291.0,181.0,82.0,261.0,15:56:34 690
+1,300.0,177.0,137.0,238.0,15:56:35 737
-1,93.0,216.0,315.66797,179.60582,15:56:37 128
-1,112.0,189.0,269.0,159.0,15:56:37 527
-1,170.0,188.0,311.0,149.0,15:56:38 359
-1,106.0,205.0,321.4842,150.6575,15:56:39 137
-1,151.0,193.0,304.0,158.0,15:56:42 037
+1,259.0,185.0,106.0,245.0,15:56:47 532
+1,294.0,176.0,54.10517,262.2523,15:56:47 847
+1,293.0,188.0,69.0,265.0,15:56:48 644
-1,60.0,208.0,255.0,141.0,15:56:51 320
-1,126.0,197.0,301.0745,142.96275,15:56:51 953
-1,68.0,212.0,278.0,150.0,15:56:52 555
任务4, 结束
+2,194.0,34.0,173.713,266.435,15:56:57 312
＊主菜单＊,0,0,0,0,15:56:57 420
任务5, 开始
-1,139.0,191.0,265.0,185.0,15:57:07 514
-1,135.0,182.0,294.0,176.0,15:57:09 189
-1,135.0,173.0,313.0,176.0,15:57:10 376
-1,159.0,189.0,295.0,185.0,15:57:13 168
-1,149.0,183.0,300.0,181.0,15:57:14 643
+1,250.0,182.0,107.036575,228.64258,15:57:17 849
+1,304.0,152.0,57.0,260.0,15:57:18 988
+1,307.0,159.0,125.0,225.0,15:57:19 785
+1,300.0,159.0,104.773384,236.21126,15:57:20 852
+1,286.0,153.0,68.0,263.0,15:57:21 984
+1,302.0,156.0,60.0,262.0,15:57:22 914
0,93.0,143.0,93.0,143.0,15:57:23 747
0,105.0,131.0,105.0,131.0,15:57:26 570
系统设置,0,0,0,0,15:57:26 610
+1,283.0,163.0,99.0,227.0,15:57:30 098
+2,166.0,34.0,173.0,260.0,15:57:31 426
＊主菜单＊,0,0,0,0,15:57:31 468
+1,300.0,183.0,94.0,268.0,15:57:34 706
-1,150.0,177.0,306.0,150.0,15:57:35 428
-1,176.0,199.0,298.0,147.0,15:57:37 554
-1,184.0,151.0,310.5,142.0,15:57:38 815
+1,297.0,144.0,56.0,230.0,15:57:39 937
0,104.0,125.0,104.0,125.0,15:57:40 391
股票,0,0,0,0,15:57:40 449
+1,306.0,179.0,101.0,254.0,15:57:43 062
+1,277.0,185.0,78.0,254.0,15:57:43 137
+1,299.0,152.0,59.0,248.0,15:57:43 606
+1,298.0,156.0,111.0,201.0,15:57:44 001
+1,290.0,162.0,74.926956,226.54193,15:57:44 371
-1,89.0,222.0,281.65347,188.59406,15:57:45 609
+2,141.0,36.0,138.48949,269.88077,15:57:47 198
＊主菜单＊,0,0,0,0,15:57:47 316
-1,153.0,190.0,302.0,179.0,15:57:50 043
-1,172.0,184.0,303.0,181.0,15:57:51 173
-1,149.0,185.0,302.0,184.0,15:57:53 040
-1,122.0,174.0,305.0,156.0,15:57:53 680
0,135.0,234.0,135.0,234.0,15:57:56 115
新浪微博,0,0,0,0,15:57:56 238
+1,298.0,177.0,84.67218,262.6639,15:57:57 975
+1,296.0,146.0,57.0,260.0,15:57:58 386
+2,101.0,53.0,144.98447,255.91647,15:57:59 756
＊主菜单＊,0,0,0,0,15:57:59 869
+1,300.0,188.0,80.0,258.0,15:58:02 710
+1,266.0,178.0,88.0,259.0,15:58:03 649
+1,306.0,153.0,99.0,258.0,15:58:04 852
任务5, 结束
＊＊＊＊＊＊＊＊＊＊＊＊＊＊＊＊＊＊＊＊＊＊＊＊＊＊＊＊＊＊
+1,281.0,160.0,60.0,256.0,15:58:13 714
0,219.0,233.0,219.0,233.0,15:58:14 439
下载,0,0,0,0,15:58:14 478
+2,174.0,34.0,189.28648,202.20642,15:58:18 000
＊主菜单＊,0,0,0,0,15:58:18 106
