任务1, 开始
+1,297.0,147.0,50.0,231.0,16:05:14 428
-1,51.0,179.0,297.0,145.0,16:05:16 000
-1,99.0,180.0,314.21164,172.55066,16:05:16 394
-1,63.0,217.0,282.0,184.0,16:05:17 262
-1,94.0,189.0,291.0,185.0,16:05:17 962
0,163.0,185.0,163.0,185.0,16:05:18 878
0,55.0,233.0,55.0,233.0,16:05:18 922
+1,276.0,167.0,53.0,230.0,16:05:19 407
+1,300.0,174.0,57.0,239.0,16:05:19 798
+1,302.0,150.0,81.0,227.0,16:05:20 769
+1,300.0,155.0,60.0,255.0,16:05:21 581
+1,260.0,174.0,77.0,231.0,16:05:22 378
-1,114.0,184.0,301.0,167.0,16:05:23 110
0,92.0,221.0,92.0,221.0,16:05:23 788
卡包,0,0,0,0,16:05:23 827
+1,258.0,148.0,130.76558,194.55333,16:05:25 773
+1,301.0,165.0,19.862911,193.72104,16:05:26 321
+1,267.0,179.0,56.0,216.0,16:05:26 971
+1,301.0,155.0,87.0,192.5,16:05:30 439
+1,303.0,149.0,76.0,190.0,16:05:31 348
+2,175.0,30.0,188.0,263.0,16:05:32 584
＊主菜单＊,0,0,0,0,16:05:32 637
+1,298.0,147.0,153.0,228.0,16:05:36 360
+1,295.0,158.0,109.0,256.0,16:05:37 960
+1,289.0,172.0,137.0,194.0,16:05:39 010
+1,208.0,188.0,141.0,220.0,16:05:39 824
-1,97.0,184.0,304.0,155.0,16:05:40 286
-1,126.0,131.0,222.0,156.0,16:05:40 825
-1,132.0,181.0,272.0,151.0,16:05:41 931
-1,143.0,182.0,296.0,153.0,16:05:44 671
-1,141.0,192.0,270.0,135.0,16:05:45 930
-1,129.0,157.0,317.1452,140.55069,16:05:46 805
0,243.0,238.0,243.0,238.0,16:05:49 629
0,229.0,230.0,229.0,230.0,16:05:51 166
支付宝,0,0,0,0,16:05:51 239
0,195.0,213.0,195.0,213.0,16:05:52 247
任务1, 结束
+2,178.0,34.0,186.89983,295.08926,16:06:00 195
＊主菜单＊,0,0,0,0,16:06:00 294
任务2, 开始
+1,270.0,140.0,77.0,181.0,16:06:03 419
0,131.0,230.0,131.0,230.0,16:06:04 639
0,82.0,201.0,82.0,201.0,16:06:05 298
视频,0,0,0,0,16:06:05 351
0,113.0,224.0,113.0,224.0,16:06:06 172
+1,307.0,181.0,64.0,248.0,16:06:07 117
任务2, 结束
任务3, 开始
+2,171.0,57.0,157.0,267.0,16:06:17 206
＊主菜单＊,0,0,0,0,16:06:17 290
+1,296.0,175.0,51.0,237.0,16:06:19 853
+1,284.0,157.0,56.0,258.0,16:06:21 588
+1,298.0,152.0,59.0,234.0,16:06:22 300
0,87.0,119.0,87.0,119.0,16:06:23 125
系统设置,0,0,0,0,16:06:23 178
任务3, 结束
+2,188.0,17.0,171.0,284.0,16:06:31 557
＊主菜单＊,0,0,0,0,16:06:31 595
任务4, 开始
-1,28.0,185.0,277.0,159.0,16:06:34 813
-1,53.0,191.0,281.0,209.0,16:06:35 084
-1,57.0,187.0,169.0,186.0,16:06:35 261
-1,78.0,174.0,262.0,152.0,16:06:35 593
-1,34.0,214.0,172.0,176.0,16:06:36 032
-1,83.0,167.0,307.0,157.0,16:06:36 969
0,75.0,120.0,75.0,120.0,16:06:40 078
0,120.0,96.0,120.0,96.0,16:06:43 109
健康运动,0,0,0,0,16:06:43 154
0,143.0,69.0,143.0,69.0,16:06:44 241
+1,294.0,146.0,127.0,169.0,16:06:51 096
-1,143.0,154.0,276.0,180.0,16:06:52 097
+1,279.0,143.0,166.0,152.0,16:06:55 912
+1,266.0,145.0,96.80521,206.3692,16:06:59 799
+1,261.0,165.0,110.72917,176.0,16:07:02 597
+1,276.0,147.0,113.51991,181.56926,16:07:02 944
+1,295.0,141.0,138.01381,145.3493,16:07:04 083
-1,120.0,184.0,298.0,182.0,16:07:07 081
-1,158.0,173.0,334.0,163.0,16:07:07 267
-1,135.0,150.0,296.0,155.0,16:07:08 729
+1,245.0,161.0,80.923096,274.99503,16:07:13 364
+1,262.0,171.0,95.62727,267.32962,16:07:14 391
+1,301.0,155.0,125.0,221.0,16:07:15 128
+1,295.0,154.0,98.0,250.0,16:07:15 844
任务4, 结束
任务5, 开始
+2,152.0,21.0,222.06927,284.3794,16:07:26 119
＊主菜单＊,0,0,0,0,16:07:26 205
+1,276.0,184.0,101.0,251.0,16:07:28 285
+1,307.0,168.0,106.0,240.0,16:07:28 925
+1,307.0,164.0,59.0,265.0,16:07:30 116
+1,294.0,196.0,132.0,248.0,16:07:30 912
0,214.0,226.0,214.0,226.0,16:07:32 024
笔记,0,0,0,0,16:07:32 061
+1,301.0,172.0,55.871407,262.66,16:07:35 796
+1,307.0,170.0,80.173676,273.66254,16:07:37 758
-1,215.0,83.0,247.0,221.0,16:07:46 099
+2,158.0,34.0,183.86905,252.54166,16:07:49 192
＊主菜单＊,0,0,0,0,16:07:49 273
任务5, 结束
＊＊＊＊＊＊＊＊＊＊＊＊＊＊＊＊＊＊＊＊＊＊＊＊＊＊＊＊＊＊
