+2,111.0,46.0,125.0,280.0,11:28:39 722
＊主菜单＊,0,0,0,0,11:28:39 788
+1,241.0,103.0,103.0,178.0,11:28:42 272
任务1, 开始
-1,196.0,138.0,294.72433,107.55169,11:28:57 024
-1,184.0,156.0,303.0,132.0,11:28:58 063
+1,236.0,144.0,128.16849,204.29471,11:28:58 366
+1,284.0,116.0,197.5,161.5,11:28:59 046
+1,293.0,115.0,262.59958,127.66685,11:28:59 754
+1,275.0,104.0,180.0,151.0,11:29:00 478
+1,216.0,120.0,87.24885,193.60092,11:29:01 333
+1,285.0,100.0,250.0,107.0,11:29:01 965
+1,271.0,103.0,190.85327,144.55655,11:29:03 244
0,234.0,114.0,234.0,114.0,11:29:04 134
日历,0,0,0,0,11:29:04 332
+1,222.0,173.0,88.834274,225.82559,11:29:05 399
+2,131.0,73.0,163.68169,279.6074,11:29:06 486
＊主菜单＊,0,0,0,0,11:29:06 586
+1,244.0,174.0,103.0,237.0,11:29:08 875
0,101.0,116.0,101.0,116.0,11:29:09 587
系统设置,0,0,0,0,11:29:09 627
+1,305.0,174.0,43.0,232.5,11:29:13 887
-1,144.0,283.0,303.64044,157.22034,11:29:14 510
-1,45.0,181.0,292.22562,168.76524,11:29:15 017
+2,162.0,93.0,185.5,299.0,11:29:15 669
＊主菜单＊,0,0,0,0,11:29:15 809
0,228.0,228.0,228.0,228.0,11:29:18 846
下载,0,0,0,0,11:29:18 883
+2,211.0,77.0,219.90733,261.3416,11:29:22 520
＊主菜单＊,0,0,0,0,11:29:22 608
+1,264.0,131.0,97.0,232.0,11:29:25 318
-1,186.0,193.0,309.70572,153.19722,11:29:25 572
-1,218.0,179.0,305.0,153.0,11:29:26 479
-1,227.0,179.0,300.0,151.0,11:29:27 636
0,216.0,168.0,216.0,168.0,11:29:28 367
-1,178.0,169.0,298.04517,138.79523,11:29:29 016
-1,215.0,177.0,317.3635,135.71642,11:29:29 959
-1,197.0,158.0,290.0,142.5,11:29:30 663
-1,218.0,158.0,309.69025,136.65506,11:29:31 545
任务1, 结束
任务2, 开始
+2,142.0,47.0,163.98953,276.81827,11:29:40 670
+1,227.0,117.0,63.0,188.0,11:29:42 083
+1,257.0,139.0,92.731674,167.87643,11:29:42 660
+1,255.0,115.0,126.0,140.0,11:29:43 388
+1,220.0,121.0,85.0,149.0,11:29:44 531
+1,214.0,141.0,97.0,174.0,11:29:45 610
0,104.0,259.0,104.0,259.0,11:29:46 397
0,106.0,229.0,106.0,229.0,11:29:48 694
天气,0,0,0,0,11:29:48 737
+1,259.0,198.0,70.5,261.5,11:29:55 195
+1,263.0,224.0,85.07996,277.40152,11:29:56 473
+1,262.0,235.0,123.21819,277.08685,11:29:57 489
-1,183.0,254.0,268.0,226.0,11:30:00 777
任务2, 结束
-1,180.0,223.0,295.0,215.0,11:30:02 523
+1,252.0,251.0,116.6902,285.06885,11:30:03 111
+1,252.0,196.0,85.0,266.0,11:30:03 476
+1,188.0,224.0,37.518223,267.13757,11:30:03 787
任务3, 开始
+2,207.0,67.0,217.65543,288.24228,11:30:08 150
＊主菜单＊,0,0,0,0,11:30:08 244
+1,249.0,170.0,123.0,178.0,11:30:10 300
+1,247.0,183.0,132.0,216.0,11:30:11 379
-1,160.0,170.0,312.0,160.0,11:30:11 788
-1,201.0,186.0,290.0,175.0,11:30:12 013
-1,158.0,187.0,257.0,178.0,11:30:12 220
+1,192.0,194.0,63.666916,226.98839,11:30:13 092
-1,144.0,156.0,306.7625,140.55156,11:30:13 647
0,220.0,231.0,220.0,231.0,11:30:14 255
相册,0,0,0,0,11:30:14 293
+1,252.0,164.0,98.0,198.0,11:30:17 193
+1,272.0,135.0,168.0,147.0,11:30:17 601
+1,219.0,154.0,79.586914,208.75288,11:30:18 940
-1,179.0,155.0,308.5975,100.21308,11:30:19 384
-1,176.0,163.0,316.93954,129.60379,11:30:20 603
+1,259.0,141.0,109.80315,163.33011,11:30:21 228
任务3, 结束
+2,201.0,67.0,216.1325,267.44357,11:30:22 588
＊主菜单＊,0,0,0,0,11:30:22 675
任务4, 开始
-1,138.0,147.0,300.74445,101.85065,11:30:28 189
-1,157.0,175.0,280.8444,140.89413,11:30:28 776
-1,160.0,169.0,286.9781,141.5382,11:30:29 480
0,211.0,228.0,211.0,228.0,11:30:30 536
国际象棋,0,0,0,0,11:30:30 582
+1,296.0,171.0,170.38873,252.16837,11:30:33 684
任务4, 结束
-1,138.0,170.0,278.7406,106.38911,11:30:36 699
+2,178.0,38.0,198.15706,202.7748,11:30:37 166
＊主菜单＊,0,0,0,0,11:30:37 261
任务5, 开始
+1,268.0,157.0,131.0,236.0,11:30:40 567
+1,265.0,160.0,101.0,235.0,11:30:41 199
0,94.0,227.0,94.0,227.0,11:30:41 778
新浪微博,0,0,0,0,11:30:41 834
+1,255.0,183.0,96.193855,272.10205,11:30:45 466
+1,278.0,162.0,163.46399,222.40921,11:30:46 382
+1,276.0,174.0,119.32479,268.26773,11:30:49 208
-1,267.0,189.0,298.2056,182.06541,11:30:57 191
-1,205.0,196.0,321.02252,176.62671,11:30:57 751
-1,180.0,210.0,303.0,176.0,11:30:58 333
-1,181.0,215.0,291.0,180.0,11:30:59 990
任务5, 结束
＊＊＊＊＊＊＊＊＊＊＊＊＊＊＊＊＊＊＊＊＊＊＊＊＊＊＊＊＊＊
