+2,223.0,81.0,224.12825,247.79465,11:33:02 439
＊主菜单＊,0,0,0,0,11:33:02 463
-1,64.0,189.0,299.0,149.0,11:33:04 909
任务1, 开始
+2,176.0,46.0,187.95045,269.0433,11:33:35 044
+1,219.0,195.0,60.0,235.0,11:33:36 162
+1,259.0,160.0,96.0,191.0,11:33:36 929
0,129.0,227.0,129.0,227.0,11:33:40 040
视频,0,0,0,0,11:33:40 077
+1,257.0,181.0,71.0,256.0,11:33:42 446
-1,205.0,187.0,325.3942,161.51807,11:33:45 203
任务1, 结束
+2,217.0,58.0,218.57004,246.38397,11:33:53 715
＊主菜单＊,0,0,0,0,11:33:53 755
任务2, 开始
+1,215.0,181.0,106.0,227.0,11:33:55 509
+1,219.0,218.0,96.0,261.0,11:33:56 329
+1,258.0,179.0,108.0,239.0,11:33:57 402
+1,269.0,153.0,131.1799,221.27513,11:33:58 543
+1,274.0,154.0,98.0,192.0,11:34:01 826
-1,155.0,204.0,261.0,189.0,11:34:02 260
-1,110.0,227.0,264.5961,215.80536,11:34:03 253
-1,140.0,201.0,267.0,208.0,11:34:04 404
+1,257.0,226.0,178.27531,230.95412,11:34:05 327
0,83.0,138.0,83.0,138.0,11:34:05 798
0,131.0,112.0,131.0,112.0,11:34:06 956
浏览器,0,0,0,0,11:34:06 996
+1,247.0,156.0,60.0,242.0,11:34:08 889
+1,252.0,184.0,52.256496,233.7435,11:34:10 191
+2,171.0,70.0,214.54851,232.73967,11:34:12 258
＊主菜单＊,0,0,0,0,11:34:12 341
-1,182.0,185.0,315.9659,181.55168,11:34:14 861
-1,125.0,203.0,254.0,180.0,11:34:15 512
-1,156.0,210.0,310.0,180.0,11:34:16 728
0,222.0,222.0,222.0,222.0,11:34:19 302
邮箱,0,0,0,0,11:34:19 341
+1,283.0,189.0,77.75807,226.2071,11:34:21 909
+1,281.0,229.0,92.0,275.0,11:34:22 783
-1,141.0,181.0,185.0,310.5,11:34:23 788
+2,177.0,100.0,193.96555,261.00073,11:34:26 721
＊主菜单＊,0,0,0,0,11:34:26 750
-1,161.0,234.0,280.0,231.0,11:34:28 761
+1,263.0,167.0,114.0,195.0,11:34:30 680
0,98.0,234.0,98.0,234.0,11:34:30 861
短信息,0,0,0,0,11:34:31 019
+1,228.0,206.0,80.13664,222.41838,11:34:35 002
+2,208.0,62.0,203.39706,257.4202,11:34:39 794
＊主菜单＊,0,0,0,0,11:34:39 925
-1,157.0,216.0,308.3062,214.06541,11:34:41 627
+1,227.0,184.0,79.0,208.0,11:34:43 325
+1,273.0,157.0,87.0,209.0,11:34:43 747
+1,260.0,178.0,95.0,190.0,11:34:44 426
+1,218.0,179.0,64.0,227.0,11:34:45 780
0,100.0,241.0,100.0,241.0,11:34:48 397
0,112.0,227.0,112.0,227.0,11:34:50 076
卡包,0,0,0,0,11:34:50 116
+1,246.0,171.0,115.26165,189.41823,11:34:51 760
+1,254.0,147.0,116.930725,183.2071,11:34:52 580
+1,230.0,148.0,74.0,188.0,11:34:53 440
任务2, 结束
任务3, 开始
+2,140.0,126.0,148.72618,303.42245,11:35:09 401
＊主菜单＊,0,0,0,0,11:35:09 494
任务3, 结束
-1,99.0,132.0,273.0,134.0,11:35:17 599
-1,117.0,148.0,267.0,144.0,11:35:18 673
-1,125.0,170.0,322.6699,174.39806,11:35:19 469
-1,46.0,184.0,251.0,142.0,11:35:20 140
0,102.0,101.0,102.0,101.0,11:35:22 015
健康运动,0,0,0,0,11:35:22 058
任务4, 开始
+2,214.0,71.0,201.51273,264.79987,11:35:37 333
＊主菜单＊,0,0,0,0,11:35:37 434
+1,246.0,152.0,96.0,216.0,11:35:47 083
+1,217.0,196.0,49.0,225.0,11:35:47 702
+1,237.0,173.0,36.851273,200.36488,11:35:48 212
+1,220.0,177.0,54.0,224.0,11:35:49 275
+1,271.0,165.0,94.0,216.0,11:35:49 867
+1,231.0,152.0,98.0,206.0,11:35:50 987
0,136.0,115.0,136.0,115.0,11:35:51 488
系统设置,0,0,0,0,11:35:51 604
+1,186.0,173.0,5.184349,196.53632,11:35:59 083
+2,157.0,80.0,225.02576,286.96033,11:36:09 289
＊主菜单＊,0,0,0,0,11:36:09 369
任务4, 结束
0,159.0,233.0,159.0,233.0,11:36:19 878
0,132.0,239.0,132.0,239.0,11:36:20 012
系统时钟,0,0,0,0,11:36:20 121
任务5, 开始
+1,176.0,158.0,94.386444,189.30678,11:36:28 210
+2,157.0,96.0,191.85794,270.33707,11:36:31 313
＊主菜单＊,0,0,0,0,11:36:31 409
-1,201.0,189.0,315.3958,170.18102,11:36:33 668
-1,134.0,190.0,303.0,173.0,11:36:34 157
0,129.0,227.0,129.0,227.0,11:36:34 949
卡包,0,0,0,0,11:36:34 992
+1,234.0,184.0,64.24912,234.95665,11:36:36 685
+1,250.0,158.0,26.270283,236.50586,11:36:37 304
+1,188.0,225.0,104.0,258.0,11:36:37 971
+1,230.0,193.0,57.00048,279.5513,11:36:38 674
+1,230.0,186.0,35.99877,276.18112,11:36:39 360
-1,99.0,181.0,324.80496,184.0,11:36:40 026
+2,200.0,129.0,199.96178,294.36624,11:36:40 653
＊主菜单＊,0,0,0,0,11:36:40 759
0,224.0,230.0,224.0,230.0,11:36:43 738
笔记,0,0,0,0,11:36:43 777
+1,261.0,164.0,55.0,234.0,11:36:45 321
+1,258.0,178.0,98.0,233.0,11:36:46 271
+1,238.0,183.0,81.275665,239.24156,11:36:47 707
+2,176.0,40.0,179.2071,266.38013,11:36:50 232
＊主菜单＊,0,0,0,0,11:36:50 270
+1,225.0,146.0,84.919754,196.19148,11:36:55 337
+1,226.0,174.0,97.0755,195.10657,11:36:56 155
+1,224.0,176.0,82.0,193.0,11:36:57 017
-1,116.0,155.0,313.80405,160.40036,11:36:57 988
-1,97.0,192.0,266.0,182.0,11:36:58 728
-1,174.0,202.0,273.0,196.0,11:36:59 945
-1,137.0,215.0,284.0,192.0,11:37:00 644
0,224.0,104.0,224.0,104.0,11:37:01 528
联系人,0,0,0,0,11:37:01 580
+1,245.0,185.0,72.392975,240.87302,11:37:03 729
+1,160.0,216.0,62.892616,227.97563,11:37:04 407
+1,197.0,224.0,93.0,247.0,11:37:05 384
+1,225.0,196.0,78.954834,252.58485,11:37:06 850
-1,162.0,187.0,292.8915,192.96367,11:37:07 323
-1,214.0,196.0,293.0,188.0,11:37:08 069
-1,179.0,161.0,299.01202,188.81,11:37:09 133
-1,178.0,178.0,332.51123,179.49185,11:37:09 844
+1,219.0,183.0,73.5,216.5,11:37:11 039
+2,157.0,121.0,188.0,295.5,11:37:11 893
＊主菜单＊,0,0,0,0,11:37:12 008
0,108.0,131.0,108.0,131.0,11:37:16 396
电话,0,0,0,0,11:37:16 431
0,159.0,266.0,159.0,266.0,11:37:20 264
+1,262.0,159.0,100.96003,178.33444,11:37:20 988
任务5, 结束
＊＊＊＊＊＊＊＊＊＊＊＊＊＊＊＊＊＊＊＊＊＊＊＊＊＊＊＊＊＊
