+2,207.0,48.0,196.95062,284.24075,11:39:40 779
＊主菜单＊,0,0,0,0,11:39:40 810
任务1, 开始
-1,85.0,154.0,124.802666,178.584,11:40:13 805
-1,118.0,168.0,223.63469,175.70253,11:40:14 553
+1,182.0,151.0,18.0,179.0,11:40:15 381
+1,280.0,175.0,92.0,179.0,11:40:15 922
+1,253.0,179.0,153.0,192.0,11:40:16 333
+1,180.0,193.0,61.0,221.0,11:40:17 065
+1,229.0,192.0,51.0,219.0,11:40:17 831
0,105.0,257.0,105.0,257.0,11:40:18 537
0,98.0,219.0,98.0,219.0,11:40:20 235
卡包,0,0,0,0,11:40:20 298
+1,178.0,181.0,10.551325,204.24156,11:40:22 001
+1,111.0,227.0,74.59416,231.41283,11:40:22 704
+1,257.0,175.0,27.1675,273.34738,11:40:23 297
+1,276.0,188.0,85.87091,239.20476,11:40:24 638
+1,293.0,135.0,-14.362007,248.04517,11:40:25 369
-1,112.0,185.0,295.8674,138.15422,11:40:28 751
-1,176.0,208.0,309.05383,159.23654,11:40:30 242
-1,195.0,184.0,312.05847,152.09811,11:40:31 159
-1,159.0,138.0,315.48068,121.46186,11:40:31 765
-1,155.0,154.0,314.0,143.0,11:40:32 522
+2,225.0,113.0,232.61629,271.31403,11:40:33 059
＊主菜单＊,0,0,0,0,11:40:33 164
+1,289.0,190.0,56.0,204.0,11:40:36 493
+1,249.0,140.0,81.0,188.0,11:40:37 796
+1,250.0,187.0,41.0,224.0,11:40:39 151
-1,101.0,122.0,259.0,139.0,11:40:40 947
-1,159.0,167.0,304.0,171.0,11:40:42 072
-1,161.0,180.0,304.0,152.0,11:40:43 946
-1,179.0,219.0,229.0,211.0,11:40:46 055
-1,110.0,189.0,268.0,190.0,11:40:47 726
-1,124.0,185.0,278.5,187.0,11:40:49 254
+1,223.0,161.0,93.0,153.0,11:40:50 294
+1,260.0,179.0,11.689156,183.82771,11:40:50 921
+1,229.0,188.0,62.0,235.0,11:40:51 703
0,207.0,201.0,207.0,201.0,11:40:52 383
相册,0,0,0,0,11:40:52 426
+1,209.0,139.0,74.817665,152.45094,11:40:54 129
任务1, 结束
任务2, 开始
-1,211.0,134.0,252.0,264.0,11:41:00 412
+2,249.0,76.0,179.80061,288.3383,11:41:04 252
＊主菜单＊,0,0,0,0,11:41:04 320
+1,246.0,187.0,63.0,233.0,11:41:07 699
+1,189.0,185.0,47.0,232.0,11:41:08 364
+1,180.0,215.0,55.0,234.0,11:41:09 209
+1,266.0,153.0,76.0,224.0,11:41:09 957
-1,92.0,175.0,239.9668,152.39453,11:41:10 206
-1,225.0,171.0,296.1071,162.85953,11:41:10 454
-1,186.0,170.0,319.37524,143.16118,11:41:10 661
-1,190.0,172.0,305.0,170.0,11:41:10 967
0,253.0,194.0,253.0,194.0,11:41:11 192
-1,136.0,149.0,266.0,129.0,11:41:11 566
-1,179.0,169.0,301.0,163.0,11:41:12 155
0,107.0,109.0,107.0,109.0,11:41:12 997
健康运动,0,0,0,0,11:41:13 076
任务2, 结束
任务3, 开始
+2,195.0,55.0,204.32257,303.3176,11:41:26 429
＊主菜单＊,0,0,0,0,11:41:26 520
+1,187.0,184.0,48.0,219.0,11:41:28 728
+1,224.0,184.0,96.0,214.0,11:41:29 304
+1,248.0,191.0,66.0,220.0,11:41:30 005
+1,222.0,162.0,69.0,202.0,11:41:30 734
0,223.0,233.0,223.0,233.0,11:41:31 486
笔记,0,0,0,0,11:41:31 518
+1,216.0,186.0,86.0,229.0,11:41:34 256
+1,184.0,181.0,-3.297659,242.48207,11:41:35 419
0,136.0,97.0,136.0,97.0,11:41:42 757
0,208.0,94.0,208.0,94.0,11:41:43 906
任务3, 结束
任务4, 开始
+2,193.0,87.0,194.0,261.0,11:41:55 736
＊主菜单＊,0,0,0,0,11:41:55 786
+1,225.0,203.0,47.0,232.0,11:41:57 096
+1,239.0,175.0,97.0,194.0,11:41:57 729
+1,215.0,184.0,17.0,179.0,11:41:58 430
+1,268.0,153.0,123.0,201.0,11:41:59 048
-1,101.0,200.0,324.7641,174.0327,11:41:59 327
-1,143.0,169.0,295.0,153.0,11:42:00 030
-1,147.0,164.0,295.0,150.0,11:42:00 872
0,87.0,200.0,87.0,200.0,11:42:03 768
视频,0,0,0,0,11:42:03 838
+1,190.0,165.0,96.0,190.0,11:42:05 649
+1,287.0,179.0,24.813885,241.22386,11:42:06 330
任务4, 结束
+2,181.0,67.0,219.5356,280.5641,11:42:14 200
＊主菜单＊,0,0,0,0,11:42:14 314
+1,218.0,194.0,91.0,255.0,11:42:16 883
+1,260.0,181.0,115.0,228.0,11:42:17 181
+1,268.0,203.0,98.0,223.0,11:42:18 095
0,118.0,108.0,118.0,108.0,11:42:18 822
系统设置,0,0,0,0,11:42:18 861
任务5, 开始
