任务1, 开始
+1,285.0,181.0,35.0,219.0,11:45:15 080
-1,154.0,165.0,300.0,152.0,11:45:18 809
-1,137.0,193.0,304.0,157.0,11:45:19 541
-1,140.0,182.0,305.0,153.0,11:45:20 290
-1,144.0,180.0,296.0,148.0,11:45:21 412
0,210.0,103.0,210.0,103.0,11:45:23 912
睡眠,0,0,0,0,11:45:24 035
+1,249.0,131.0,99.0,277.0,11:45:26 786
+1,289.0,137.0,152.87799,212.56232,11:45:27 414
任务1, 结束
0,227.0,247.0,227.0,247.0,11:45:36 347
任务2, 开始
+2,182.0,69.0,167.66965,264.00388,11:45:39 292
＊主菜单＊,0,0,0,0,11:45:39 337
+1,294.0,178.0,99.92954,232.45877,11:45:41 024
+1,261.0,207.0,99.0,237.0,11:45:41 743
+1,256.0,192.0,139.0,221.0,11:45:42 445
+1,217.0,224.0,94.0,262.0,11:45:43 348
-1,140.0,196.0,301.0,171.0,11:45:44 262
0,216.0,97.0,216.0,97.0,11:45:44 966
音乐,0,0,0,0,11:45:45 036
+1,296.0,142.0,139.18597,209.93098,11:45:47 782
+1,296.0,167.0,105.0,259.0,11:45:50 246
-1,140.0,208.0,311.44147,186.59822,11:45:51 138
任务2, 结束
任务3, 开始
+2,192.0,63.0,178.0,216.66461,11:45:59 847
＊主菜单＊,0,0,0,0,11:45:59 950
+1,273.0,183.0,171.0,226.0,11:46:02 426
+1,265.0,163.0,142.0,189.0,11:46:02 815
+1,245.0,158.0,95.0,187.0,11:46:03 535
+1,248.0,175.0,80.0,218.0,11:46:04 480
0,222.0,231.0,222.0,231.0,11:46:05 088
下载,0,0,0,0,11:46:05 198
任务3, 结束
+2,185.0,101.0,185.0,294.08585,11:46:13 288
＊主菜单＊,0,0,0,0,11:46:13 323
任务4, 开始
+1,220.0,160.0,49.0,224.0,11:46:19 419
+2,190.0,99.0,216.0,254.0,11:46:19 619
-1,141.0,173.0,269.0,183.0,11:46:20 553
-1,145.0,178.0,307.0,175.0,11:46:21 191
-1,128.0,206.0,294.0,191.0,11:46:21 840
-1,149.0,215.0,274.0,186.0,11:46:22 605
+1,218.0,199.0,62.0,260.0,11:46:23 568
-1,164.0,213.0,303.0,181.0,11:46:24 511
-1,149.0,214.0,258.0,191.0,11:46:25 876
0,220.0,101.0,220.0,101.0,11:46:26 598
微信,0,0,0,0,11:46:26 695
+1,228.0,209.0,90.81104,260.89172,11:46:29 254
+1,275.0,188.0,132.0,264.0,11:46:30 234
+1,292.0,183.0,159.0,214.0,11:46:33 566
-1,158.0,203.0,269.66635,194.98558,11:46:34 476
-1,147.0,181.0,301.22415,161.07881,11:46:37 523
-1,176.0,187.0,303.0,181.0,11:46:38 242
-1,183.0,205.0,304.0,178.0,11:46:39 480
-1,188.0,209.0,285.0,199.0,11:46:40 340
-1,166.0,222.0,298.0,189.0,11:46:42 138
+2,172.0,63.0,177.85281,252.9031,11:46:45 789
＊主菜单＊,0,0,0,0,11:46:45 880
0,135.0,228.0,135.0,228.0,11:46:47 892
短信息,0,0,0,0,11:46:47 937
+1,222.0,145.0,45.0,187.0,11:46:50 810
+1,260.0,150.0,43.21885,245.4812,11:46:51 613
+2,175.0,126.0,187.87546,280.5885,11:46:55 453
＊主菜单＊,0,0,0,0,11:46:55 541
0,109.0,101.0,109.0,101.0,11:46:57 388
腾讯QQ,0,0,0,0,11:46:57 433
+1,290.0,132.0,164.08153,138.27733,11:47:01 601
+1,294.0,171.0,216.60265,180.41556,11:47:03 242
+1,247.0,158.0,111.0,198.0,11:47:04 342
-1,102.0,178.0,307.0,154.0,11:47:04 815
+2,182.0,73.0,190.5191,232.64178,11:47:05 507
＊主菜单＊,0,0,0,0,11:47:05 585
-1,108.0,160.0,141.0,163.0,11:47:10 135
+1,300.0,158.0,59.71153,260.28848,11:47:11 866
0,102.0,227.0,102.0,227.0,11:47:11 943
新浪微博,0,0,0,0,11:47:11 983
+1,245.0,143.0,148.0,179.0,11:47:14 787
+1,185.0,152.0,79.913895,196.9365,11:47:15 653
+1,279.0,140.0,140.0,184.0,11:47:17 410
-1,143.0,200.0,310.4857,155.00505,11:47:17 719
-1,145.0,215.0,307.59454,171.4165,11:47:18 326
-1,176.0,211.0,306.0,170.0,11:47:19 303
+2,183.0,93.0,196.89081,255.88084,11:47:22 800
＊主菜单＊,0,0,0,0,11:47:22 831
+1,288.0,200.0,215.0,190.0,11:47:26 324
+1,274.0,110.0,107.0,156.0,11:47:27 177
+1,236.0,181.0,140.0,188.0,11:47:28 884
+1,296.0,154.0,257.0,183.0,11:47:32 319
0,217.0,218.0,217.0,218.0,11:47:32 404
笔记,0,0,0,0,11:47:32 459
+1,288.0,182.0,88.75275,244.8315,11:47:35 288
+1,285.0,188.0,55.55429,243.54134,11:47:35 328
+1,303.0,194.0,163.0,246.0,11:47:36 647
任务4, 结束
任务5, 开始
-1,181.0,95.0,228.219,183.87698,11:47:52 139
+2,192.0,55.0,168.4325,286.55988,11:47:55 554
＊主菜单＊,0,0,0,0,11:47:55 629
-1,149.0,143.0,269.0,127.0,11:47:57 775
-1,149.0,177.0,259.0,147.0,11:47:58 657
0,101.0,220.0,101.0,220.0,11:47:59 589
新浪微博,0,0,0,0,11:47:59 641
任务5, 结束
＊＊＊＊＊＊＊＊＊＊＊＊＊＊＊＊＊＊＊＊＊＊＊＊＊＊＊＊＊＊
