+2,173.0,69.0,161.82751,246.32916,11:49:19 928
＊主菜单＊,0,0,0,0,11:49:19 974
任务1, 开始
-1,103.0,191.0,297.0,203.0,11:50:34 395
-1,114.0,181.0,283.0,172.0,11:50:35 064
-1,105.0,140.0,296.0,139.0,11:50:35 954
0,123.0,211.0,123.0,211.0,11:50:37 721
运动秒表,0,0,0,0,11:50:37 763
+1,221.0,184.0,105.0,218.0,11:50:40 359
+2,180.0,33.0,187.0,288.0,11:50:43 588
＊主菜单＊,0,0,0,0,11:50:43 657
0,123.0,107.0,123.0,107.0,11:50:46 308
健康运动,0,0,0,0,11:50:46 341
+1,178.0,256.0,101.0,262.0,11:50:54 258
+1,259.0,138.0,82.03725,191.9828,11:50:56 822
任务1, 结束
-1,141.0,178.0,291.0,145.0,11:50:57 997
-1,143.0,192.0,280.0,171.0,11:50:58 798
+1,247.0,167.0,123.26936,227.08849,11:50:59 994
+1,229.0,164.0,59.525387,239.76096,11:51:01 609
+1,216.0,197.0,60.0,257.0,11:51:02 393
任务2, 开始
+2,213.0,49.0,216.69513,200.54294,11:51:10 011
＊主菜单＊,0,0,0,0,11:51:10 120
+1,271.0,145.0,47.66691,219.5076,11:51:12 290
+1,248.0,193.0,167.0,202.0,11:51:13 007
+1,198.0,191.0,65.0,198.0,11:51:13 786
+1,241.0,176.0,104.0,221.0,11:51:15 215
+1,232.0,179.0,97.0,215.0,11:51:16 289
+1,222.0,216.0,136.0,236.0,11:51:17 258
0,128.0,109.0,128.0,109.0,11:51:18 227
系统设置,0,0,0,0,11:51:18 341
+1,277.0,172.0,91.70899,196.83582,11:51:24 788
+2,179.0,76.0,148.61447,240.9861,11:51:26 457
＊主菜单＊,0,0,0,0,11:51:26 556
+1,222.0,173.0,99.0,208.0,11:51:29 461
0,254.0,199.0,254.0,199.0,11:51:30 269
0,189.0,224.0,189.0,224.0,11:51:31 516
下载,0,0,0,0,11:51:31 593
+1,234.0,176.0,37.11417,246.61784,11:51:34 309
+1,208.0,192.0,57.0,228.0,11:51:34 702
+1,249.0,186.0,124.0,244.0,11:51:35 479
任务2, 结束
任务3, 开始
0,163.0,84.0,163.0,84.0,11:51:52 887
+2,197.0,58.0,218.91626,288.27234,11:51:55 330
＊主菜单＊,0,0,0,0,11:51:55 370
+1,214.0,151.0,43.0,194.0,11:51:59 639
-1,62.0,187.0,272.94974,187.0,11:51:59 941
-1,138.0,179.0,300.0,155.0,11:52:00 738
-1,100.0,197.0,267.0,194.0,11:52:01 651
-1,89.0,190.0,231.0,178.0,11:52:03 221
-1,145.0,218.0,298.0,185.0,11:52:07 115
0,122.0,229.0,122.0,229.0,11:52:07 150
短信息,0,0,0,0,11:52:07 193
+1,293.0,151.0,47.290085,256.6374,11:52:10 612
+1,214.0,188.0,32.0,238.0,11:52:11 348
+1,260.0,159.0,65.0,196.0,11:52:11 946
-1,87.0,211.0,314.9207,179.54906,11:52:12 533
+2,178.0,97.0,180.0,262.0,11:52:18 804
＊主菜单＊,0,0,0,0,11:52:18 843
0,217.0,100.0,217.0,100.0,11:52:20 787
微信,0,0,0,0,11:52:20 832
+1,195.0,198.0,78.2359,252.64023,11:52:23 609
-1,139.0,199.0,269.0,212.0,11:52:24 267
-1,122.0,217.0,272.6104,188.41454,11:52:25 958
+1,212.0,136.0,24.0,185.0,11:52:26 331
+1,226.0,176.0,47.0,205.0,11:52:26 927
+1,229.0,186.0,40.27898,236.291,11:52:27 893
+1,256.0,172.0,59.482155,244.67357,11:52:28 583
+2,202.0,85.0,224.90918,244.58223,11:52:32 987
＊主菜单＊,0,0,0,0,11:52:33 066
0,219.0,227.0,219.0,227.0,11:52:35 005
邮箱,0,0,0,0,11:52:35 087
+1,233.0,187.0,97.6838,195.90868,11:52:38 191
+1,214.0,189.0,60.0,247.0,11:52:39 050
+1,218.0,180.0,46.0,228.0,11:52:41 305
+1,256.0,181.0,69.0,219.0,11:52:42 696
+1,266.0,151.0,58.0,236.0,11:52:43 603
+1,261.0,173.0,72.0,251.0,11:52:44 362
0,264.0,99.0,264.0,99.0,11:52:44 657
+2,188.0,122.0,204.86217,301.5524,11:52:50 856
＊主菜单＊,0,0,0,0,11:52:50 954
0,106.0,123.0,106.0,123.0,11:52:55 603
腾讯QQ,0,0,0,0,11:52:55 642
任务3, 结束
任务4, 开始
-1,93.0,194.0,285.6249,224.8854,11:53:05 050
+2,189.0,80.0,214.0,259.0,11:53:05 434
＊主菜单＊,0,0,0,0,11:53:05 586
+1,223.0,188.0,54.0,224.0,11:53:08 441
+1,256.0,151.0,68.0,210.0,11:53:08 616
+1,223.0,179.0,65.0,216.0,11:53:09 443
0,112.0,237.0,112.0,237.0,11:53:10 369
卡包,0,0,0,0,11:53:10 482
任务4, 结束
+1,254.0,156.0,122.00318,205.49841,11:53:17 325
+1,265.0,134.0,85.0,188.0,11:53:18 466
任务5, 开始
+2,201.0,62.0,180.0,249.0,11:53:23 451
＊主菜单＊,0,0,0,0,11:53:23 542
+1,213.0,176.0,57.0,262.0,11:53:25 625
+1,234.0,179.0,135.0,199.0,11:53:26 323
+1,270.0,139.0,101.0,180.0,11:53:27 117
+1,215.0,168.0,116.0,187.0,11:53:27 639
-1,154.0,180.0,303.0,162.0,11:53:28 096
-1,125.0,185.0,265.0,194.0,11:53:28 430
-1,160.0,181.0,279.0,176.0,11:53:28 726
-1,146.0,185.0,269.0,182.0,11:53:29 971
-1,149.0,184.0,283.0,178.0,11:53:30 856
+1,215.0,188.0,63.0,222.0,11:53:31 882
+1,220.0,149.0,50.0,180.0,11:53:32 731
0,231.0,132.0,231.0,132.0,11:53:33 734
音乐,0,0,0,0,11:53:33 831
+1,191.0,185.0,152.30495,193.20804,11:53:35 854
+1,270.0,147.0,128.0,197.0,11:53:37 122
-1,142.0,207.0,317.1371,184.51726,11:53:38 045
任务5, 结束
＊＊＊＊＊＊＊＊＊＊＊＊＊＊＊＊＊＊＊＊＊＊＊＊＊＊＊＊＊＊
