任务1, 开始
-1,57.0,161.0,300.6851,173.53874,11:56:00 356
+1,258.0,175.0,27.741367,237.08298,11:56:00 443
+1,291.0,141.0,148.0,207.0,11:56:00 867
任务1, 结束
任务2, 开始
-1,107.0,60.0,145.81975,198.19887,11:56:08 335
+2,178.0,96.0,206.0,263.0,11:56:11 862
＊主菜单＊,0,0,0,0,11:56:11 897
-1,155.0,182.0,306.0,162.0,11:56:13 752
-1,134.0,175.0,280.0,148.0,11:56:14 221
-1,194.0,161.0,287.0,149.0,11:56:14 470
-1,175.0,139.0,266.0,143.0,11:56:14 650
0,222.0,109.0,222.0,109.0,11:56:16 314
睡眠,0,0,0,0,11:56:16 384
任务2, 结束
+2,221.0,79.0,181.0,246.0,11:56:27 495
＊主菜单＊,0,0,0,0,11:56:27 629
任务3, 开始
+1,209.0,188.0,107.0,230.0,11:56:30 985
+1,238.0,147.0,118.0,175.0,11:56:31 414
+1,234.0,147.0,46.0,212.0,11:56:31 572
0,66.0,187.0,66.0,187.0,11:56:31 777
+1,172.0,217.0,51.0,257.0,11:56:32 118
+1,133.0,230.0,76.0,229.0,11:56:32 644
+1,208.0,183.0,79.0,227.0,11:56:33 391
+1,226.0,215.0,66.0,235.0,11:56:34 243
0,296.0,141.0,296.0,141.0,11:56:34 943
+1,253.0,158.0,99.0,182.0,11:56:36 077
0,166.0,66.0,166.0,66.0,11:56:37 189
0,87.0,109.0,87.0,109.0,11:56:37 391
系统设置,0,0,0,0,11:56:37 553
任务3, 结束
任务4, 开始
+2,127.0,54.0,123.0,274.5,11:56:49 842
＊主菜单＊,0,0,0,0,11:56:49 896
+1,200.0,203.0,52.0,216.0,11:56:51 378
+1,250.0,196.0,97.0,232.0,11:56:51 994
-1,92.0,140.0,294.0,120.0,11:56:52 371
-1,172.0,187.0,301.0,161.0,11:56:53 082
-1,143.0,171.0,264.0,139.0,11:56:54 078
-1,136.0,170.0,246.0,156.0,11:56:54 960
0,210.0,107.0,210.0,107.0,11:56:56 297
联系人,0,0,0,0,11:56:56 404
+1,262.0,144.0,54.268017,227.46031,11:56:59 337
+1,222.0,162.0,90.77606,206.26651,11:57:00 305
+1,246.0,156.0,79.0,196.0,11:57:01 322
任务4, 结束
+2,221.0,41.0,263.70517,254.94887,11:57:10 073
＊主菜单＊,0,0,0,0,11:57:10 206
任务5, 开始
-1,117.0,195.0,240.14517,203.75597,11:57:12 904
-1,119.0,189.0,294.0,178.0,11:57:13 552
-1,131.0,185.0,194.0,190.0,11:57:14 773
+1,219.0,149.0,95.0,178.0,11:57:15 898
+1,206.0,173.0,71.0,158.0,11:57:16 812
-1,85.0,175.0,268.0,154.0,11:57:17 821
-1,142.0,155.0,271.0,189.0,11:57:18 693
+1,295.0,178.0,141.0,161.0,11:57:20 387
+1,248.0,155.0,38.0,224.0,11:57:21 114
+1,257.0,191.0,72.0,233.0,11:57:21 715
+1,224.0,202.0,26.0,219.0,11:57:22 757
+1,249.0,214.0,108.0,228.0,11:57:23 816
0,79.0,111.0,79.0,111.0,11:57:24 734
0,137.0,114.0,137.0,114.0,11:57:25 500
股票,0,0,0,0,11:57:25 606
任务5, 结束
＊＊＊＊＊＊＊＊＊＊＊＊＊＊＊＊＊＊＊＊＊＊＊＊＊＊＊＊＊＊
+1,190.0,149.0,11.313013,172.56097,11:57:37 312
