+2,148.0,24.0,138.46996,272.18958,08:51:22 064
＊主菜单＊,0,0,0,0,08:51:22 114
任务1, 开始
+1,231.0,173.0,111.0,225.0,08:51:32 946
+1,246.0,151.0,149.0,198.0,08:51:34 737
+1,251.0,151.0,168.0,187.0,08:51:37 388
+1,254.0,156.0,150.0,210.0,08:51:40 405
+1,226.0,135.0,128.0,190.0,08:51:41 050
-1,210.0,153.0,291.10202,147.84258,08:51:42 178
-1,175.0,153.0,292.8552,143.0,08:51:43 649
-1,173.0,152.0,262.0,144.0,08:51:45 746
-1,160.0,155.0,272.41385,142.0,08:51:46 519
+1,246.0,137.0,154.52147,186.3915,08:51:47 778
0,215.0,112.0,215.0,112.0,08:51:50 824
自带导航,0,0,0,0,08:51:50 879
-1,162.0,86.0,208.33412,152.35965,08:51:54 538
+2,157.0,36.0,147.68427,280.3858,08:51:57 663
＊主菜单＊,0,0,0,0,08:51:57 766
+1,251.0,192.0,144.0,259.0,08:52:00 044
0,94.0,222.0,94.0,222.0,08:52:04 273
系统时钟,0,0,0,0,08:52:04 312
+1,252.0,173.0,90.51707,236.51082,08:52:07 226
+2,173.0,33.0,144.0,241.0,08:52:09 137
＊主菜单＊,0,0,0,0,08:52:09 178
0,97.0,127.0,97.0,127.0,08:52:13 585
系统设置,0,0,0,0,08:52:13 626
+2,178.0,33.0,141.48277,230.89662,08:52:16 375
＊主菜单＊,0,0,0,0,08:52:16 457
-1,136.0,178.0,251.0,184.0,08:52:19 383
-1,133.0,189.0,306.0,157.0,08:52:24 606
-1,148.0,182.0,274.84253,156.71547,08:52:25 308
0,195.0,205.0,195.0,205.0,08:52:28 233
笔记,0,0,0,0,08:52:28 271
+1,218.0,196.0,133.66666,225.02565,08:52:29 900
+1,247.0,179.0,137.0,218.0,08:52:31 551
+2,152.0,42.0,184.5905,236.30089,08:52:34 451
＊主菜单＊,0,0,0,0,08:52:34 514
0,110.0,110.0,110.0,110.0,08:52:41 745
浏览器,0,0,0,0,08:52:41 785
+1,218.0,131.0,114.735825,187.94452,08:52:43 510
+1,203.0,154.0,91.0,213.0,08:52:44 221
+1,206.0,189.0,85.40169,222.24313,08:52:44 887
+2,180.0,53.0,188.39621,229.3547,08:52:46 665
＊主菜单＊,0,0,0,0,08:52:46 727
0,111.0,202.0,111.0,202.0,08:52:49 733
卡包,0,0,0,0,08:52:49 788
0,97.0,197.0,97.0,197.0,08:52:50 751
+1,186.0,149.0,89.52577,209.56166,08:52:53 581
+1,210.0,155.0,152.0,197.0,08:52:54 602
+1,232.0,174.0,124.145355,231.92732,08:52:55 402
+1,242.0,149.0,85.723976,273.10373,08:52:56 142
+1,241.0,148.0,87.06143,267.98526,08:52:56 886
+1,242.0,151.0,126.69191,242.31282,08:52:58 092
任务1, 结束
任务2, 开始
+2,195.0,36.0,177.48547,244.25293,08:53:20 667
＊主菜单＊,0,0,0,0,08:53:20 746
+1,246.0,192.0,138.26233,259.8251,08:53:23 405
-1,179.0,208.0,288.0,193.0,08:53:24 074
+1,254.0,188.0,142.32756,233.40446,08:53:24 999
+1,250.0,181.0,169.0,219.0,08:53:25 480
0,215.0,219.0,215.0,219.0,08:53:26 405
下载,0,0,0,0,08:53:26 454
+1,254.0,189.0,133.97742,240.83394,08:53:29 242
+1,268.0,193.0,165.57639,232.46725,08:53:30 175
+1,265.0,180.0,176.0,223.0,08:53:30 965
+1,277.0,183.0,157.0,223.0,08:53:31 920
任务2, 结束
任务3, 开始
+2,144.0,28.0,145.93459,282.41824,08:53:44 737
＊主菜单＊,0,0,0,0,08:53:44 778
+1,254.0,203.0,146.0,270.0,08:53:47 624
-1,184.0,223.0,303.76535,193.43405,08:53:54 381
-1,186.0,206.0,296.39392,195.56306,08:53:55 049
-1,202.0,203.0,280.0,195.0,08:53:56 594
-1,181.0,207.0,265.0,191.0,08:54:01 495
0,207.0,110.0,207.0,110.0,08:54:05 513
联系人,0,0,0,0,08:54:05 562
+1,255.0,167.0,135.88612,202.39188,08:54:08 783
+1,256.0,162.0,154.0,192.0,08:54:09 610
+1,274.0,149.0,136.5,194.5,08:54:10 502
+1,275.0,147.0,129.68951,228.79326,08:54:11 666
-1,153.0,185.0,307.26312,172.82973,08:54:12 567
0,147.0,238.0,147.0,238.0,08:54:16 331
0,149.0,228.0,149.0,228.0,08:54:17 576
-1,187.0,161.0,291.0,151.0,08:54:18 125
+2,166.0,33.0,186.5,284.5,08:54:18 995
＊主菜单＊,0,0,0,0,08:54:19 082
0,100.0,112.0,100.0,112.0,08:54:22 244
电话,0,0,0,0,08:54:22 285
0,221.0,244.0,221.0,244.0,08:54:26 312
0,189.0,253.0,189.0,253.0,08:54:27 497
+1,214.0,237.0,90.5,250.0,08:54:28 152
任务3, 结束
任务4, 开始
+2,147.0,33.0,135.19995,276.7981,08:54:44 769
＊主菜单＊,0,0,0,0,08:54:45 249
-1,175.0,196.0,267.5,189.0,08:54:46 456
-1,185.0,184.0,292.0,178.0,08:54:47 673
0,104.0,107.0,104.0,107.0,08:54:49 107
健康运动,0,0,0,0,08:54:49 162
+1,234.0,180.0,131.0,235.5,08:54:51 596
+1,256.0,163.0,218.11838,182.4645,08:54:52 485
+1,258.0,151.0,181.0,188.0,08:54:53 167
+1,257.0,145.0,201.47655,188.47958,08:54:53 815
+1,263.0,117.0,177.78438,184.50978,08:54:54 486
任务4, 结束
任务5, 开始
+2,139.0,35.0,140.22984,237.68152,08:55:09 438
＊主菜单＊,0,0,0,0,08:55:09 607
+1,228.0,191.0,130.39635,259.60367,08:55:12 887
+1,184.0,156.0,85.82623,228.56502,08:55:13 415
+1,234.0,140.0,128.19873,211.40169,08:55:14 018
+1,236.0,188.0,146.0,226.0,08:55:15 866
+1,232.0,172.0,146.0,218.0,08:55:17 309
+1,253.0,153.0,168.66287,191.38953,08:55:18 389
-1,188.0,184.0,223.0,177.5,08:55:19 191
0,101.0,220.0,101.0,220.0,08:55:19 844
视频,0,0,0,0,08:55:19 885
+1,231.0,173.0,159.2978,224.09404,08:55:21 999
+1,257.0,154.0,134.09297,219.88374,08:55:25 850
-1,158.0,180.0,275.66022,149.12357,08:55:26 575
-1,185.0,192.0,286.6884,184.0,08:55:28 057
0,162.0,171.0,162.0,171.0,08:55:30 840
0,138.0,152.0,138.0,152.0,08:55:31 577
+1,247.0,144.0,174.70753,193.71248,08:55:32 403
+1,260.0,141.0,165.75539,186.56116,08:55:34 816
-1,214.0,156.0,267.31787,147.96468,08:55:35 541
任务5, 结束
＊＊＊＊＊＊＊＊＊＊＊＊＊＊＊＊＊＊＊＊＊＊＊＊＊＊＊＊＊＊
+2,140.0,34.0,130.45132,260.30966,08:55:41 604
＊主菜单＊,0,0,0,0,08:55:41 652
