任务1, 开始
+1,220.0,160.0,84.0,219.0,08:58:23 199
0,99.0,218.0,99.0,218.0,08:58:24 229
卡包,0,0,0,0,08:58:24 266
+1,227.0,173.0,96.0,223.0,08:58:26 769
+1,233.0,154.0,138.0,199.0,08:58:27 631
+1,230.0,156.0,72.5,230.0,08:58:28 313
+1,255.0,150.0,86.5,227.5,08:58:29 761
+1,257.0,145.0,122.30623,196.89792,08:58:30 740
0,177.0,128.0,177.0,128.0,08:58:31 314
+2,161.0,29.0,165.0,240.0,08:58:32 774
＊主菜单＊,0,0,0,0,08:58:32 873
+1,245.0,163.0,139.0,218.0,08:58:36 403
+1,228.0,163.0,129.0,213.0,08:58:38 401
+1,240.0,155.0,148.0,205.0,08:58:41 117
+1,229.0,143.0,138.0,196.0,08:58:41 426
-1,207.0,175.0,306.0,150.0,08:58:41 835
-1,219.0,183.0,252.0,183.0,08:58:42 479
-1,180.0,179.0,308.83395,150.68681,08:58:43 584
-1,157.0,192.0,262.3371,182.03621,08:58:47 483
0,222.0,202.0,222.0,202.0,08:58:51 780
相册,0,0,0,0,08:58:51 908
+1,238.0,187.0,119.834274,231.3692,08:58:53 826
+1,265.0,176.0,140.06114,227.81898,08:58:54 625
+2,173.0,55.0,175.17908,262.9349,08:58:55 616
＊主菜单＊,0,0,0,0,08:58:55 659
-1,112.0,182.0,242.0,178.0,08:58:58 412
-1,143.0,183.0,274.9009,152.70898,08:58:59 035
-1,130.0,188.0,293.75854,150.11864,08:59:00 266
-1,172.0,182.0,287.0,167.0,08:59:01 348
+1,255.0,171.0,148.3398,217.81465,08:59:02 136
+1,252.0,152.0,143.0,197.0,08:59:03 070
0,223.0,223.0,223.0,223.0,08:59:04 826
支付宝,0,0,0,0,08:59:04 861
任务1, 结束
任务2, 开始
+2,137.0,53.0,133.0,243.39943,08:59:26 867
＊主菜单＊,0,0,0,0,08:59:26 921
+1,216.0,179.0,51.5,246.5,08:59:29 318
0,107.0,223.0,107.0,223.0,08:59:30 774
视频,0,0,0,0,08:59:30 819
+1,202.0,193.0,95.5,233.5,08:59:32 615
任务2, 结束
任务3, 开始
+2,137.0,29.0,136.98407,283.09164,08:59:43 363
＊主菜单＊,0,0,0,0,08:59:43 454
+1,215.0,197.0,85.00604,240.38573,08:59:46 423
+1,214.0,186.0,64.0,231.0,08:59:46 606
0,213.0,194.0,213.0,194.0,08:59:48 263
笔记,0,0,0,0,08:59:48 301
0,185.0,220.0,185.0,220.0,08:59:49 236
+1,231.0,179.0,99.0,218.5,08:59:50 381
+1,233.0,160.0,134.4657,218.21921,08:59:52 770
任务3, 结束
任务4, 开始
+2,135.0,33.0,124.94175,253.97087,09:00:04 775
＊主菜单＊,0,0,0,0,09:00:04 815
+1,178.0,181.0,44.030357,202.02252,09:00:06 723
+1,190.0,173.0,90.72411,225.63794,09:00:07 432
0,116.0,130.0,116.0,130.0,09:00:08 263
系统设置,0,0,0,0,09:00:08 292
任务4, 结束
任务5, 开始
+2,95.0,39.0,130.13742,255.20613,09:00:18 168
＊主菜单＊,0,0,0,0,09:00:18 214
-1,155.0,196.0,280.17566,196.0,09:00:20 927
-1,148.0,181.0,263.0,179.0,09:00:21 212
-1,159.0,186.0,274.79645,191.0,09:00:22 041
-1,155.0,188.0,189.0,186.0,09:00:22 989
-1,157.0,188.0,283.0,184.0,09:00:24 108
-1,132.0,182.0,258.0,175.0,09:00:25 230
0,103.0,95.0,103.0,95.0,09:00:26 232
健康运动,0,0,0,0,09:00:26 268
+1,223.0,141.0,129.01898,183.7634,09:00:29 863
+1,242.0,138.0,134.43872,181.71805,09:00:30 732
+1,243.0,137.0,119.82735,193.3794,09:00:31 167
+1,247.0,136.0,103.58312,224.1335,09:00:32 637
任务5, 结束
＊＊＊＊＊＊＊＊＊＊＊＊＊＊＊＊＊＊＊＊＊＊＊＊＊＊＊＊＊＊
