任务1, 开始
+1,218.0,175.0,85.26844,216.34502,08:45:18 309
+1,218.0,176.0,93.0,222.0,08:45:18 949
0,116.0,214.0,116.0,214.0,08:45:19 882
新浪微博,0,0,0,0,08:45:19 920
+1,214.0,172.0,94.08745,225.3038,08:45:26 424
+1,212.0,183.0,102.746025,230.8542,08:45:27 749
+1,236.0,154.0,129.0,215.0,08:45:29 613
任务1, 结束
任务2, 开始
+2,152.0,45.0,108.03271,277.4113,08:45:46 708
＊主菜单＊,0,0,0,0,08:45:46 772
+1,214.0,181.0,75.0,187.0,08:45:49 332
+1,189.0,150.0,75.0,185.0,08:45:56 315
+1,215.0,166.0,86.133545,202.33708,08:45:56 839
+1,184.0,185.0,123.0,207.0,08:45:58 384
0,108.0,109.0,108.0,109.0,08:45:59 257
系统设置,0,0,0,0,08:45:59 321
-1,149.0,256.0,185.22606,155.03702,08:46:02 719
+1,257.0,97.0,158.90155,185.51038,08:46:03 370
+2,172.0,26.0,158.71939,289.48557,08:46:03 801
＊主菜单＊,0,0,0,0,08:46:03 902
+1,191.0,191.0,93.0,243.5,08:46:06 863
-1,161.0,183.0,274.31668,186.0,08:46:07 358
+1,233.0,156.0,69.0,234.0,08:46:09 116
+1,257.0,179.0,124.89746,224.64102,08:46:11 095
-1,146.0,189.0,298.34494,179.51723,08:46:11 930
-1,136.0,183.0,224.0,179.0,08:46:12 535
-1,154.0,194.0,302.44867,152.20674,08:46:15 763
-1,166.0,182.0,282.0168,157.83237,08:46:19 073
-1,150.0,170.0,274.0,149.0,08:46:21 837
-1,125.0,183.0,305.5,148.0,08:46:22 560
-1,141.0,181.0,295.0,153.0,08:46:27 343
+1,288.0,164.0,149.0,199.0,08:46:29 586
+1,260.0,161.0,199.615,197.95306,08:46:29 797
+1,264.0,144.0,210.0,180.0,08:46:30 261
+1,264.0,141.0,120.5,203.5,08:46:30 868
+1,259.0,156.0,136.53569,190.62775,08:46:32 025
+1,252.0,185.0,119.0,218.0,08:46:34 869
0,104.0,132.0,104.0,132.0,08:46:35 609
系统设置,0,0,0,0,08:46:35 650
任务2, 结束
任务3, 开始
+2,133.0,29.0,108.46497,279.18478,08:46:53 896
＊主菜单＊,0,0,0,0,08:46:53 940
-1,142.0,197.0,262.98547,185.71635,08:46:56 846
-1,147.0,191.0,184.9036,189.0,08:46:58 355
-1,153.0,189.0,256.13477,184.82022,08:46:58 953
-1,137.0,187.0,250.33145,156.74707,08:47:00 304
-1,131.0,195.0,256.0,164.0,08:47:01 348
-1,127.0,205.0,214.0,188.0,08:47:02 587
-1,127.0,185.0,290.31393,146.3001,08:47:03 552
0,183.0,228.0,183.0,228.0,08:47:04 851
国际象棋,0,0,0,0,08:47:04 925
+1,232.0,181.0,74.723976,243.89662,08:47:07 751
0,179.0,189.0,179.0,189.0,08:47:09 244
0,165.0,265.0,165.0,265.0,08:47:10 323
+1,233.0,202.0,88.728645,265.87527,08:47:11 322
+1,257.0,137.0,100.434975,218.5213,08:47:11 922
任务3, 结束
任务4, 开始
+2,160.0,27.0,149.0,282.47913,08:47:26 724
＊主菜单＊,0,0,0,0,08:47:26 765
-1,130.0,186.0,253.0,179.0,08:47:29 458
+1,232.0,173.0,114.0,198.0,08:47:29 677
+1,217.0,182.0,117.0,193.0,08:47:32 817
+1,229.0,185.0,140.0,208.0,08:47:34 399
+1,253.0,175.0,141.0,218.0,08:47:35 788
+1,249.0,151.0,141.0,208.0,08:47:37 924
+1,260.0,146.0,136.0,220.0,08:47:38 592
0,110.0,225.0,110.0,225.0,08:47:39 996
天气,0,0,0,0,08:47:40 035
+1,248.0,156.0,145.0,208.0,08:47:45 102
+1,260.0,151.0,138.38776,197.90306,08:47:47 675
+1,259.0,150.0,138.0,191.0,08:47:48 625
-1,199.0,187.0,312.34586,177.06541,08:47:51 026
-1,174.0,181.0,289.3794,151.03445,08:47:52 093
-1,152.0,172.0,284.04724,147.15292,08:47:52 791
任务4, 结束
任务5, 开始
+2,134.0,52.0,135.46893,250.41266,08:48:02 680
＊主菜单＊,0,0,0,0,08:48:02 755
+1,205.0,179.0,79.35977,262.1566,08:48:04 833
+1,234.0,173.0,72.0,227.0,08:48:05 431
+1,207.0,180.0,70.51687,232.34494,08:48:06 351
+1,217.0,181.0,106.0,190.0,08:48:06 848
-1,232.0,182.0,285.0,178.0,08:48:07 131
-1,211.0,183.0,299.0,177.5,08:48:07 918
-1,146.0,195.0,263.04678,190.46729,08:48:08 807
0,210.0,218.0,210.0,218.0,08:48:11 719
相册,0,0,0,0,08:48:11 759
+1,110.0,161.0,53.051037,196.94896,08:48:14 986
+1,242.0,150.0,95.5,215.5,08:48:15 802
+1,221.0,172.0,57.17028,236.17029,08:48:18 252
+1,243.0,146.0,47.0,244.0,08:48:18 956
任务5, 结束
＊＊＊＊＊＊＊＊＊＊＊＊＊＊＊＊＊＊＊＊＊＊＊＊＊＊＊＊＊＊
