任务1, 开始
+1,189.0,195.0,152.06917,207.31027,20:16:53 108
+1,272.0,165.0,162.0,181.0,20:16:54 136
+1,294.0,175.0,141.0,177.0,20:16:55 018
0,199.0,186.0,199.0,186.0,20:16:55 721
+1,271.0,179.0,95.42442,191.93471,20:16:56 475
0,225.0,220.0,225.0,220.0,20:16:57 550
笔记,0,0,0,0,20:16:57 599
-1,118.0,188.0,319.0,181.0,20:17:01 201
-1,142.0,199.0,298.0,192.0,20:17:01 241
+1,281.0,193.0,139.39282,208.9794,20:17:01 290
+1,300.0,161.0,180.0,182.0,20:17:02 596
任务1, 结束
任务2, 开始
+2,183.0,28.0,186.0,220.0,20:17:11 571
＊主菜单＊,0,0,0,0,20:17:11 708
-1,100.0,190.0,257.0,177.0,20:17:15 072
-1,94.0,173.0,262.0,162.0,20:17:16 070
-1,136.0,175.0,287.0,180.0,20:17:17 236
+1,294.0,177.0,91.0,227.0,20:17:18 200
+1,280.0,149.0,110.0,207.0,20:17:18 425
+1,281.0,172.0,178.0,194.0,20:17:18 648
+1,285.0,176.0,133.0,202.0,20:17:18 935
+1,269.0,168.0,152.0,189.0,20:17:19 356
+1,291.0,180.0,206.0,184.0,20:17:19 554
+1,268.0,183.0,168.0,219.0,20:17:20 602
0,214.0,225.0,214.0,225.0,20:17:21 251
下载,0,0,0,0,20:17:21 303
+1,266.0,177.0,75.13888,189.19214,20:17:25 765
任务2, 结束
任务3, 开始
+2,168.0,40.0,145.0,240.0,20:17:32 760
＊主菜单＊,0,0,0,0,20:17:32 792
-1,128.0,174.0,237.0,181.0,20:17:35 301
-1,141.0,185.0,277.0,189.0,20:17:35 667
-1,133.0,182.0,288.0,158.0,20:17:36 582
0,225.0,110.0,225.0,110.0,20:17:37 535
音乐,0,0,0,0,20:17:37 582
+1,263.0,182.0,119.139565,205.08884,20:17:41 217
+1,264.0,167.0,139.0,194.0,20:17:42 227
-1,100.0,185.0,280.1511,147.15288,20:17:43 170
-1,174.0,176.0,289.0,152.0,20:17:45 021
任务3, 结束
任务4, 开始
+2,142.0,30.0,168.0,215.0,20:17:51 100
＊主菜单＊,0,0,0,0,20:17:51 150
-1,120.0,156.0,296.0,156.0,20:17:53 325
-1,133.0,178.0,304.0,170.0,20:17:53 621
-1,141.0,197.0,286.0,173.0,20:17:54 444
0,218.0,105.0,218.0,105.0,20:17:55 498
睡眠,0,0,0,0,20:17:55 585
+1,259.0,178.0,156.14258,188.08574,20:17:58 204
+1,290.0,167.0,141.0,200.0,20:17:59 355
任务4, 结束
任务5, 开始
+2,177.0,66.0,180.91197,245.41545,20:18:09 428
＊主菜单＊,0,0,0,0,20:18:09 557
+1,283.0,191.0,75.0,258.0,20:18:11 815
+1,255.0,195.0,117.0,233.0,20:18:12 283
0,118.0,227.0,118.0,227.0,20:18:13 108
新浪微博,0,0,0,0,20:18:13 177
任务5, 结束
＊＊＊＊＊＊＊＊＊＊＊＊＊＊＊＊＊＊＊＊＊＊＊＊＊＊＊＊＊＊
+2,160.0,26.0,172.0,265.0,21:31:20 185
＊主菜单＊,0,0,0,0,21:31:20 231
任务1, 开始
+1,292.0,175.0,89.0,228.0,21:31:50 021
+1,237.0,210.0,75.0,256.0,21:31:50 999
+1,280.0,200.0,92.55973,259.89215,21:31:51 914
0,107.0,231.0,107.0,231.0,21:31:53 615
天气,0,0,0,0,21:31:53 655
+1,279.0,189.0,89.0,253.0,21:31:57 614
+1,283.0,192.0,86.43047,272.05927,21:31:58 926
+1,245.0,186.0,63.516502,269.48312,21:31:59 857
+1,269.0,199.0,90.3494,244.74803,21:32:01 079
-1,67.0,217.0,272.0,210.0,21:32:02 539
-1,103.0,236.0,262.0,229.0,21:32:03 148
+1,265.0,224.0,121.46507,260.71524,21:32:04 183
-1,195.0,225.0,309.1109,193.34196,21:32:05 804
-1,152.0,207.0,284.0,192.0,21:32:06 256
任务1, 结束
+2,251.0,69.0,211.13083,305.666,21:32:14 255
＊主菜单＊,0,0,0,0,21:32:14 330
任务2, 开始
+1,263.0,186.0,133.0,237.0,21:32:18 266
+1,286.0,182.0,137.0,237.0,21:32:20 226
-1,150.0,192.0,319.74118,177.34193,21:32:20 740
-1,121.0,222.0,259.0,220.0,21:32:21 039
-1,196.0,247.0,246.0,243.0,21:32:22 645
0,239.0,226.0,239.0,226.0,21:32:24 326
相册,0,0,0,0,21:32:24 383
+1,294.0,175.0,121.31698,243.91101,21:32:27 176
+1,284.0,182.0,119.59156,252.95006,21:32:28 281
+1,300.0,161.0,45.13997,288.75903,21:32:29 382
任务2, 结束
任务3, 开始
+2,221.0,55.0,205.0,256.0,21:32:36 774
＊主菜单＊,0,0,0,0,21:32:36 887
+1,256.0,213.0,135.0,254.0,21:32:39 752
+1,274.0,184.0,183.0,214.0,21:32:40 189
+1,282.0,189.0,186.0,223.0,21:32:41 105
0,94.0,106.0,94.0,106.0,21:32:42 111
系统设置,0,0,0,0,21:32:42 176
0,110.0,109.0,110.0,109.0,21:32:47 675
0,103.0,128.0,103.0,128.0,21:32:47 714
0,104.0,101.0,104.0,101.0,21:32:47 751
+1,296.0,195.0,95.0,269.0,21:32:48 928
-1,191.0,194.0,275.02576,191.51636,21:32:49 859
+2,207.0,31.0,212.0,278.2616,21:32:51 453
＊主菜单＊,0,0,0,0,21:32:51 549
-2,181.0,261.0,203.0,63.0,21:32:52 984
0,295.0,193.0,295.0,193.0,21:32:54 298
-1,159.0,196.0,304.0,181.0,21:32:56 138
0,277.0,135.0,277.0,135.0,21:32:57 524
-1,146.0,184.0,300.0,163.0,21:32:58 345
-1,172.0,158.0,299.0,149.0,21:33:00 049
-1,148.0,187.0,317.3196,151.14874,21:33:01 228
-1,134.0,209.0,304.0,168.0,21:33:03 177
-1,150.0,209.0,282.0,183.0,21:33:04 269
-1,150.0,198.0,307.77942,156.9979,21:33:06 489
0,106.0,218.0,106.0,218.0,21:33:06 975
运动秒表,0,0,0,0,21:33:07 037
+1,278.0,199.0,96.10236,242.81465,21:33:08 799
+1,287.0,182.0,75.0,271.0,21:33:09 590
+2,176.0,34.0,146.57277,292.5827,21:33:10 092
＊主菜单＊,0,0,0,0,21:33:10 171
0,98.0,128.0,98.0,128.0,21:33:12 052
健康运动,0,0,0,0,21:33:12 116
+1,285.0,190.0,99.0,278.0,21:33:14 021
+1,273.0,188.0,85.392975,262.101,21:33:14 742
+1,263.0,193.0,107.0,261.0,21:33:15 498
+2,202.0,29.0,186.0,227.0,21:33:16 046
＊主菜单＊,0,0,0,0,21:33:16 098
+1,291.0,181.0,91.0,261.0,21:33:19 340
+1,270.0,204.0,106.0,281.0,21:33:20 459
+1,274.0,189.0,179.0,234.0,21:33:21 494
+1,280.0,195.0,100.0,272.0,21:33:22 924
0,275.0,209.0,275.0,209.0,21:33:24 359
+1,294.0,195.0,134.0,256.0,21:33:25 432
-1,125.0,255.0,257.0,233.0,21:33:26 239
0,96.0,229.0,96.0,229.0,21:33:26 798
卡包,0,0,0,0,21:33:26 839
+1,271.0,189.0,118.0,257.0,21:33:29 167
+1,263.0,183.0,109.42325,242.5076,21:33:29 512
+1,302.0,172.0,104.0,260.0,21:33:30 171
+1,263.0,201.0,90.0,266.0,21:33:30 979
+2,178.0,56.0,175.0,280.89697,21:33:31 679
＊主菜单＊,0,0,0,0,21:33:31 809
+1,276.0,186.0,94.0,272.0,21:33:33 797
+1,253.0,192.0,99.0,266.0,21:33:35 494
-1,176.0,194.0,271.0,190.0,21:33:36 271
+1,291.0,199.0,83.0,279.0,21:33:37 123
+1,269.0,194.0,143.0,265.0,21:33:38 590
0,223.0,229.0,223.0,229.0,21:33:39 557
下载,0,0,0,0,21:33:39 631
+1,280.0,189.0,86.0,263.0,21:33:42 071
+1,284.0,179.0,68.65581,249.1721,21:33:42 870
+1,295.0,178.0,58.824623,277.79224,21:33:43 738
任务3, 结束
任务4, 开始
+2,196.0,42.0,163.0,258.0,21:33:53 468
＊主菜单＊,0,0,0,0,21:33:53 542
-1,101.0,203.0,313.0,194.0,21:33:56 339
-1,159.0,219.0,273.0,218.0,21:33:56 689
-1,177.0,221.0,264.0,215.0,21:33:58 698
-1,133.0,218.0,264.0,209.0,21:34:00 432
-1,185.0,209.0,279.0,199.0,21:34:01 402
-1,194.0,202.0,287.0,197.0,21:34:02 304
-1,191.0,175.0,265.0,147.0,21:34:03 654
0,219.0,230.0,219.0,230.0,21:34:05 449
国际象棋,0,0,0,0,21:34:05 525
0,201.0,224.0,201.0,224.0,21:34:10 609
+1,282.0,183.0,89.0,235.0,21:34:11 838
+1,264.0,188.0,34.0,273.0,21:34:13 240
任务4, 结束
+2,181.0,47.0,125.0,274.0,21:34:18 726
＊主菜单＊,0,0,0,0,21:34:18 767
+2,188.0,27.0,180.0,217.0,21:34:19 734
+1,286.0,189.0,133.0,272.0,21:34:21 188
+1,286.0,190.0,141.0,259.0,21:34:21 916
0,123.0,228.0,123.0,228.0,21:34:22 699
新浪微博,0,0,0,0,21:34:22 765
+1,279.0,186.0,86.37999,273.65802,21:34:26 194
+1,267.0,184.0,72.0,263.0,21:34:27 582
+1,257.0,181.0,20.601158,218.68819,21:34:30 737
任务5, 开始
