任务1, 开始
+2,213.0,60.0,207.92055,223.04662,20:19:38 623
＊主菜单＊,0,0,0,0,20:19:38 653
-1,98.0,144.0,305.0,149.0,20:19:41 342
0,99.0,213.0,99.0,213.0,20:19:42 139
短信息,0,0,0,0,20:19:42 197
+1,288.0,191.0,116.3946,232.93846,20:19:47 766
0,58.0,210.0,58.0,210.0,20:19:50 708
+1,294.0,195.0,119.26723,195.35309,20:19:50 748
-1,122.0,206.0,224.0,192.0,20:19:50 828
-1,110.0,188.0,263.0,182.0,20:19:51 729
0,223.0,79.0,223.0,79.0,20:19:53 431
0,210.0,71.0,210.0,71.0,20:19:53 824
-1,101.0,189.0,306.2385,161.79657,20:19:54 085
+2,200.0,111.0,212.0,281.68054,20:19:54 772
＊主菜单＊,0,0,0,0,20:19:54 876
0,221.0,241.0,221.0,241.0,20:19:57 782
0,194.0,120.0,194.0,120.0,20:20:00 852
微信,0,0,0,0,20:20:00 892
+1,279.0,156.0,23.861807,197.24156,20:20:04 747
+1,227.0,170.0,59.0,170.0,20:20:07 284
+1,224.0,142.0,181.28963,142.0,20:20:08 296
+1,233.0,181.0,130.0,187.0,20:20:09 176
+2,185.0,50.0,177.5616,290.36755,20:20:10 687
＊主菜单＊,0,0,0,0,20:20:10 759
0,234.0,212.0,234.0,212.0,20:20:12 936
邮箱,0,0,0,0,20:20:12 975
+1,292.0,146.0,144.62407,150.36465,20:20:15 670
+1,275.0,174.0,102.0,172.0,20:20:16 666
+1,247.0,183.0,84.0,176.0,20:20:26 558
+1,280.0,155.0,101.0,149.0,20:20:29 361
+1,294.0,212.0,5.3158646,221.67366,20:20:32 084
-1,101.0,188.0,292.0,188.0,20:20:32 815
+1,267.0,181.0,25.0,190.0,20:20:33 202
+1,261.0,185.0,90.0,188.0,20:20:33 660
+1,265.0,192.0,66.0,218.0,20:20:34 076
-1,105.0,185.0,297.0,167.0,20:20:34 563
-1,70.0,169.0,299.0,193.0,20:20:35 025
-1,58.0,139.0,302.0,149.0,20:20:35 728
-1,95.0,183.0,321.4133,195.28413,20:20:37 088
任务1, 结束
任务2, 开始
+2,179.0,70.0,185.0,268.0,20:20:48 787
＊主菜单＊,0,0,0,0,20:20:48 951
-1,46.0,179.0,207.0,186.0,20:20:51 013
+1,274.0,187.0,74.0,217.0,20:20:52 074
+1,285.0,198.0,62.0,228.0,20:20:52 465
+1,234.0,181.0,48.0,196.0,20:20:53 120
0,207.0,97.0,207.0,97.0,20:20:54 031
音乐,0,0,0,0,20:20:54 070
+1,264.0,236.0,87.0,228.0,20:20:56 049
+1,233.0,178.0,29.350708,224.25781,20:20:57 156
-1,59.0,154.0,332.0,190.5,20:20:57 953
任务2, 结束
任务3, 开始
+2,154.0,90.0,172.63461,258.56726,20:21:05 645
＊主菜单＊,0,0,0,0,20:21:05 744
+1,294.0,182.0,46.0,215.0,20:21:07 962
+1,244.0,221.0,59.0,234.0,20:21:08 148
+1,282.0,184.0,68.0,230.0,20:21:08 651
0,227.0,218.0,227.0,218.0,20:21:09 504
下载,0,0,0,0,20:21:09 629
+1,224.0,190.0,105.0,190.0,20:21:12 590
+1,287.0,174.0,34.0,193.0,20:21:13 259
+1,290.0,163.0,60.0,185.0,20:21:14 122
任务3, 结束
任务4, 开始
+2,132.0,65.0,138.18959,225.37555,20:21:20 403
＊主菜单＊,0,0,0,0,20:21:20 487
-1,126.0,185.0,261.0,191.0,20:21:22 452
-1,112.0,185.0,269.0,192.0,20:21:23 128
-1,109.0,182.0,262.0,182.0,20:21:23 398
+1,253.0,194.0,63.0,199.0,20:21:24 189
0,89.0,198.0,89.0,198.0,20:21:24 784
卡包,0,0,0,0,20:21:24 840
0,96.0,235.0,96.0,235.0,20:21:26 037
+1,256.0,149.0,154.34839,151.653,20:21:29 147
+1,213.0,183.0,106.0,200.0,20:21:29 893
+1,280.0,159.0,95.0,176.0,20:21:31 621
+1,268.0,154.0,52.27898,230.69601,20:21:32 384
-1,106.0,180.0,301.85278,171.0724,20:21:32 954
-1,93.0,182.0,267.95667,180.23492,20:21:33 384
任务4, 结束
任务5, 开始
+2,249.0,69.0,210.0,241.0,20:21:37 831
＊主菜单＊,0,0,0,0,20:21:37 928
+2,196.0,53.0,146.0,224.0,20:21:39 448
-1,129.0,172.0,236.0,170.0,20:21:40 318
-1,103.0,170.0,207.0,180.0,20:21:40 548
-1,75.0,180.0,297.0,167.0,20:21:40 976
-1,91.0,157.0,195.0,158.0,20:21:41 222
-1,139.0,165.0,305.0,170.0,20:21:41 544
-1,117.0,163.0,256.0,161.0,20:21:41 748
-1,93.0,214.0,223.0,210.0,20:21:42 363
0,102.0,125.0,102.0,125.0,20:21:43 163
健康运动,0,0,0,0,20:21:43 227
+1,278.0,154.0,102.0,177.0,20:21:46 992
+1,257.0,195.0,72.0,210.0,20:21:47 578
+1,229.0,219.0,66.0,243.0,20:21:48 045
任务5, 结束
＊＊＊＊＊＊＊＊＊＊＊＊＊＊＊＊＊＊＊＊＊＊＊＊＊＊＊＊＊＊
任务1, 开始
+2,176.0,42.0,171.0,223.0,21:44:09 819
＊主菜单＊,0,0,0,0,21:44:09 856
+2,177.0,54.0,138.18098,268.75458,21:44:10 551
+1,270.0,199.0,90.0,264.0,21:44:12 292
+1,287.0,190.0,68.0,259.0,21:44:13 202
+1,289.0,191.0,67.84295,236.73839,21:44:14 102
+1,298.0,173.0,89.0,217.0,21:44:14 708
+1,272.0,216.0,68.0,263.0,21:44:15 571
-1,98.0,193.0,187.0,193.0,21:44:15 915
-1,100.0,228.0,285.1426,220.14287,21:44:16 339
-1,90.0,186.0,273.0,143.0,21:44:16 910
-1,105.0,197.0,266.0,196.0,21:44:17 532
-1,108.0,196.0,290.0,187.0,21:44:18 305
-1,95.0,196.0,300.0,182.0,21:44:19 292
0,236.0,228.0,236.0,228.0,21:44:19 940
支付宝,0,0,0,0,21:44:20 047
任务1, 结束
+2,209.0,26.0,161.0,291.86252,21:44:29 380
＊主菜单＊,0,0,0,0,21:44:29 486
任务2, 开始
+1,302.0,171.0,84.0,224.0,21:44:33 987
0,129.0,224.0,129.0,224.0,21:44:35 312
视频,0,0,0,0,21:44:35 375
+1,292.0,217.0,98.0,269.0,21:44:37 096
任务2, 结束
任务3, 开始
+2,179.0,27.0,145.0,233.0,21:44:44 537
＊主菜单＊,0,0,0,0,21:44:44 629
+1,273.0,189.0,143.40845,238.08316,21:44:46 695
-1,111.0,219.0,301.0,186.0,21:44:47 528
-1,129.0,221.0,264.0,196.0,21:44:48 136
0,233.0,235.0,233.0,235.0,21:44:48 793
支付宝,0,0,0,0,21:44:48 833
+1,218.0,221.0,59.0,230.0,21:44:51 731
+1,285.0,185.0,144.08192,195.22952,21:44:54 907
+2,221.0,37.0,183.66818,293.9319,21:44:58 508
＊主菜单＊,0,0,0,0,21:44:58 641
+1,266.0,211.0,109.378365,244.77086,21:45:00 557
+1,256.0,186.0,89.0,227.0,21:45:01 173
+1,288.0,199.0,104.0,242.0,21:45:02 878
+1,267.0,190.0,101.0,255.0,21:45:04 529
0,97.0,106.0,97.0,106.0,21:45:05 713
系统设置,0,0,0,0,21:45:05 756
任务3, 结束
+2,187.0,25.0,181.93109,294.173,21:45:17 249
＊主菜单＊,0,0,0,0,21:45:17 290
任务4, 开始
-1,56.0,206.0,259.0,170.0,21:45:20 437
-1,86.0,176.0,292.0,189.0,21:45:20 544
-1,101.0,177.0,297.0,158.0,21:45:20 800
-1,85.0,181.0,254.0,149.0,21:45:21 360
-1,72.0,220.0,296.0,185.0,21:45:22 218
0,253.0,138.0,253.0,138.0,21:45:23 005
0,207.0,94.0,207.0,94.0,21:45:24 817
微信,0,0,0,0,21:45:24 950
+1,281.0,208.0,130.48637,250.30336,21:45:27 507
+1,265.0,190.0,122.072845,234.25813,21:45:29 115
+1,289.0,192.0,89.0,232.0,21:45:29 994
+1,227.0,183.0,88.74455,229.45007,21:45:31 129
+1,285.0,189.0,130.94649,215.41635,21:45:32 107
-1,102.0,187.0,270.0,173.0,21:45:32 606
-1,131.0,269.0,309.493,223.709,21:45:34 496
-1,96.0,201.0,282.0,178.0,21:45:35 164
-1,145.0,200.0,300.0,185.0,21:45:35 774
+2,227.0,42.0,227.0,275.0,21:45:36 734
＊主菜单＊,0,0,0,0,21:45:36 773
+2,180.0,50.0,143.0,236.0,21:45:37 636
+1,294.0,162.0,160.0,192.0,21:45:39 070
+1,279.0,177.0,94.0,267.0,21:45:39 722
+1,278.0,185.0,98.0,265.0,21:45:40 646
0,221.0,231.0,221.0,231.0,21:45:41 413
笔记,0,0,0,0,21:45:41 461
+1,294.0,141.0,141.0,178.0,21:45:44 270
+1,248.0,194.0,74.0,236.0,21:45:44 843
任务4, 结束
任务5, 开始
+2,176.0,36.0,135.0,220.0,21:45:56 957
＊主菜单＊,0,0,0,0,21:45:57 038
-1,97.0,189.0,299.0,139.0,21:45:59 139
-1,88.0,208.0,293.0,170.0,21:45:59 566
-1,91.0,213.0,280.0,184.0,21:46:00 834
-1,73.0,189.0,302.0,175.0,21:46:01 600
-1,124.0,197.0,260.0,190.0,21:46:02 356
0,83.0,135.0,83.0,135.0,21:46:03 299
健康运动,0,0,0,0,21:46:03 347
+1,279.0,192.0,156.02953,233.84262,21:46:06 238
+1,278.0,172.0,111.0,217.0,21:46:09 052
+1,251.0,184.0,61.16269,234.50586,21:46:09 626
+1,292.0,197.0,94.0,261.0,21:46:10 492
任务5, 结束
＊＊＊＊＊＊＊＊＊＊＊＊＊＊＊＊＊＊＊＊＊＊＊＊＊＊＊＊＊＊
