+2,175.0,51.0,165.1389,238.2077,20:23:37 634
＊主菜单＊,0,0,0,0,20:23:37 676
任务1, 开始
+2,159.0,55.0,170.0,264.0,20:23:52 213
+1,290.0,183.0,75.0,182.0,20:23:52 838
+1,276.0,192.0,126.154594,229.12813,20:23:53 718
+1,261.0,185.0,102.0,167.0,20:23:54 514
0,200.0,95.0,200.0,95.0,20:23:55 123
音乐,0,0,0,0,20:23:55 167
+1,298.0,190.0,197.66318,188.0,20:23:57 823
+1,283.0,190.0,88.44535,197.09364,20:23:58 432
+1,270.0,183.0,130.0,201.0,20:23:59 186
任务1, 结束
任务2, 开始
+2,139.0,100.0,138.0,268.1517,20:24:07 579
＊主菜单＊,0,0,0,0,20:24:07 617
-1,104.0,173.0,296.0,176.0,20:24:09 738
-1,107.0,168.0,284.0,194.0,20:24:10 275
-1,103.0,185.0,238.45271,187.06906,20:24:10 850
0,219.0,85.0,219.0,85.0,20:24:11 736
睡眠,0,0,0,0,20:24:11 783
+1,295.0,160.0,111.0,161.0,20:24:15 663
+1,283.0,145.0,63.0,193.0,20:24:16 564
-1,117.0,167.0,325.6212,154.48816,20:24:19 114
-1,108.0,166.0,266.0,159.0,20:24:19 814
+1,293.0,197.0,159.0,118.0,20:24:21 454
任务2, 结束
+2,153.0,55.0,134.50447,262.07587,20:24:27 678
＊主菜单＊,0,0,0,0,20:24:27 803
+1,295.0,141.0,138.34167,158.41458,20:24:29 864
+1,296.0,159.0,130.0,192.0,20:24:30 437
+1,246.0,177.0,91.0,195.0,20:24:31 162
+1,302.0,165.0,67.0,183.0,20:24:32 085
+1,237.0,181.0,108.0,172.0,20:24:32 938
+1,268.0,144.0,48.46769,204.66168,20:24:33 890
0,70.0,97.0,70.0,97.0,20:24:34 720
0,138.0,104.0,138.0,104.0,20:24:35 785
系统设置,0,0,0,0,20:24:35 869
任务3, 开始
+1,249.0,166.0,61.20091,221.78407,20:24:43 623
+2,220.0,30.0,218.51091,259.54166,20:24:44 139
＊主菜单＊,0,0,0,0,20:24:44 198
-1,50.0,223.0,262.0,190.0,20:24:48 784
+1,199.0,196.0,102.0,229.0,20:24:49 099
+1,295.0,149.0,154.0,162.0,20:24:49 640
+2,144.0,49.0,175.82552,237.75189,20:24:50 237
+1,254.0,207.0,104.0,186.0,20:24:50 865
-1,96.0,145.0,286.1467,160.65137,20:24:51 013
任务3, 结束
任务4, 开始
+2,155.0,30.0,154.03363,249.04303,20:24:56 913
0,64.0,83.0,64.0,83.0,20:24:59 570
0,113.0,138.0,113.0,138.0,20:25:00 582
0,127.0,122.0,127.0,122.0,20:25:01 453
股票,0,0,0,0,20:25:01 540
+1,293.0,203.0,213.27925,229.37114,20:25:04 158
+1,278.0,167.0,77.0,206.0,20:25:05 159
+1,268.0,205.0,50.0,215.0,20:25:05 969
+1,292.0,124.0,43.39248,197.77106,20:25:13 077
-1,135.0,143.0,228.54741,152.05298,20:25:13 287
-1,129.0,143.0,284.60144,204.58788,20:25:23 572
-1,129.0,153.0,265.0,202.0,20:25:24 097
-1,142.0,147.0,294.0,194.0,20:25:24 819
-1,108.0,199.0,277.7362,202.18098,20:25:26 003
+1,301.0,168.0,117.0,168.0,20:25:27 789
-1,124.0,148.0,288.0,196.0,20:25:28 295
+1,285.0,182.0,127.0,172.0,20:25:29 055
+1,232.0,192.0,57.078102,171.13728,20:25:29 403
+1,279.0,163.0,120.0,189.0,20:25:29 667
+1,178.0,178.0,136.0,192.0,20:25:29 936
任务4, 结束
任务5, 开始
+2,136.0,39.0,111.297485,233.66199,20:25:36 183
＊主菜单＊,0,0,0,0,20:25:36 268
-1,102.0,183.0,261.0,190.0,20:25:39 789
-1,145.0,223.0,282.08768,194.40161,20:25:40 563
-1,126.0,194.0,284.92206,180.32545,20:25:41 333
0,105.0,102.0,105.0,102.0,20:25:42 150
电话,0,0,0,0,20:25:42 190
+2,216.0,95.0,219.80148,248.71214,20:25:45 882
＊主菜单＊,0,0,0,0,20:25:45 983
0,268.0,109.0,268.0,109.0,20:25:46 221
0,221.0,98.0,221.0,98.0,20:25:48 190
联系人,0,0,0,0,20:25:48 236
+1,256.0,179.0,32.0,187.0,20:25:51 949
+1,273.0,147.0,33.639008,233.33011,20:25:52 773
+1,281.0,185.0,35.30468,228.25694,20:25:53 725
任务5, 结束
＊＊＊＊＊＊＊＊＊＊＊＊＊＊＊＊＊＊＊＊＊＊＊＊＊＊＊＊＊＊
任务1, 开始
+2,164.0,36.0,134.9926,278.42908,21:36:33 384
＊主菜单＊,0,0,0,0,21:36:33 466
+1,274.0,148.0,110.0,186.0,21:36:36 823
-1,118.0,208.0,243.0,210.0,21:36:37 584
-1,58.0,185.0,305.0,192.0,21:36:38 111
-1,125.0,185.0,332.7259,107.06091,21:36:38 566
-1,97.0,144.0,245.56213,138.99747,21:36:39 374
0,83.0,115.0,83.0,115.0,21:36:41 044
健康运动,0,0,0,0,21:36:41 086
0,97.0,99.0,97.0,99.0,21:36:42 316
+1,272.0,227.0,68.0,232.0,21:36:43 577
+1,235.0,219.0,58.0,214.0,21:36:44 628
+1,291.0,168.0,102.0,228.0,21:36:45 684
+1,265.0,215.0,27.30976,235.93109,21:36:46 707
+1,294.0,193.0,16.895542,232.10373,21:36:48 172
任务1, 结束
+2,145.0,33.0,106.0873,287.30157,21:36:57 590
＊主菜单＊,0,0,0,0,21:36:57 669
+1,293.0,167.0,92.462814,228.80165,21:37:00 285
+1,265.0,213.0,58.0,232.0,21:37:00 615
任务2, 开始
+1,284.0,118.0,21.0,157.0,21:37:04 347
0,103.0,232.0,103.0,232.0,21:37:06 753
视频,0,0,0,0,21:37:06 803
+1,268.0,159.0,61.680943,215.82976,21:37:09 806
+1,298.0,153.0,-1.7968082,225.15659,21:37:10 783
-1,93.0,117.0,279.0,162.0,21:37:11 459
任务2, 结束
任务3, 开始
+2,187.0,27.0,176.5,297.0,21:37:20 724
＊主菜单＊,0,0,0,0,21:37:20 832
+1,282.0,174.0,48.0,205.0,21:37:23 840
+1,252.0,190.0,84.0,213.0,21:37:25 695
+1,228.0,217.0,54.0,236.0,21:37:28 443
0,201.0,116.0,201.0,116.0,21:37:29 652
自带导航,0,0,0,0,21:37:29 743
+1,287.0,142.0,71.436905,166.21683,21:37:32 515
+1,274.0,162.0,55.0,136.0,21:37:33 814
+1,278.0,166.0,47.08177,206.68257,21:37:34 624
+1,161.0,168.0,10.583457,182.66127,21:37:35 220
-2,56.0,217.0,218.0,33.5,21:37:35 960
-1,61.0,148.0,278.0182,209.24503,21:37:36 348
+2,199.0,112.0,180.26569,288.6234,21:37:36 904
＊主菜单＊,0,0,0,0,21:37:37 022
+2,183.0,40.0,196.0,259.0,21:37:37 779
+1,284.0,150.0,27.0,205.0,21:37:40 430
-1,95.0,177.0,268.0,181.0,21:37:40 889
-1,133.0,151.0,301.0,129.0,21:37:42 911
0,78.0,71.0,78.0,71.0,21:37:46 104
0,123.0,104.0,123.0,104.0,21:37:47 185
浏览器,0,0,0,0,21:37:47 251
+1,294.0,186.0,62.45187,266.39392,21:37:50 172
+1,272.0,192.0,60.997593,274.33414,21:37:50 993
-1,90.0,133.0,326.72833,168.38422,21:37:51 824
+2,218.0,52.0,161.19589,243.66748,21:37:52 843
＊主菜单＊,0,0,0,0,21:37:52 878
0,197.0,244.0,197.0,244.0,21:37:55 251
0,218.0,235.0,218.0,235.0,21:37:56 086
笔记,0,0,0,0,21:37:56 156
0,215.0,225.0,215.0,225.0,21:37:56 938
+1,290.0,157.0,48.0,226.0,21:37:58 323
+1,265.0,159.0,53.0,230.0,21:38:00 708
+1,296.0,143.0,160.0,183.0,21:38:04 098
+2,176.0,21.0,172.0,183.0,21:38:04 798
＊主菜单＊,0,0,0,0,21:38:04 891
-1,78.0,189.0,196.0,162.0,21:38:08 061
-1,73.0,166.0,264.0,144.0,21:38:10 140
-1,54.0,186.0,295.0,147.0,21:38:12 119
-1,92.0,229.0,287.0,197.0,21:38:15 500
-1,87.0,226.0,285.0,215.0,21:38:19 654
0,136.0,112.0,136.0,112.0,21:38:20 345
健康运动,0,0,0,0,21:38:20 384
0,71.0,104.0,71.0,104.0,21:38:21 212
+1,266.0,146.0,24.352818,211.48274,21:38:22 394
+1,272.0,179.0,34.0,227.0,21:38:23 124
+1,294.0,153.0,40.0,210.0,21:38:23 873
+1,283.0,163.0,33.378674,247.2071,21:38:24 743
+1,260.0,170.0,34.92073,261.68774,21:38:25 641
+1,236.0,180.0,25.0,211.0,21:38:27 066
+2,178.0,48.0,170.65233,279.30588,21:38:27 907
＊主菜单＊,0,0,0,0,21:38:27 990
+1,289.0,179.0,122.0,205.0,21:38:31 906
0,69.0,227.0,69.0,227.0,21:38:34 697
0,80.0,212.0,80.0,212.0,21:38:36 145
短信息,0,0,0,0,21:38:36 210
+1,279.0,184.0,60.0,248.0,21:38:39 467
+1,287.0,194.0,102.0,263.0,21:38:41 076
+2,211.0,53.0,176.0,208.0,21:38:41 679
＊主菜单＊,0,0,0,0,21:38:41 812
0,243.0,97.0,243.0,97.0,21:38:45 515
0,190.0,125.0,190.0,125.0,21:38:46 249
微信,0,0,0,0,21:38:46 290
+1,283.0,140.0,28.497168,228.45609,21:38:49 703
+1,297.0,148.0,25.0,215.5,21:38:50 550
+1,249.0,187.0,60.0,223.0,21:38:51 558
+1,222.0,195.0,14.388386,233.89122,21:38:52 485
+1,298.0,154.0,34.659008,262.70013,21:38:53 398
+2,200.0,24.0,166.62671,256.6605,21:38:54 032
＊主菜单＊,0,0,0,0,21:38:54 097
任务3, 结束
任务4, 开始
0,174.0,41.0,174.0,41.0,21:39:04 920
+1,297.0,184.0,101.0,207.0,21:39:06 361
+1,281.0,178.0,62.551704,249.33456,21:39:07 568
+1,288.0,175.0,47.0,233.0,21:39:08 490
+1,268.0,231.0,109.25021,270.27148,21:39:09 765
+1,294.0,166.0,93.0,253.0,21:39:10 871
0,78.0,109.0,78.0,109.0,21:39:12 009
0,90.0,114.0,90.0,114.0,21:39:14 225
系统设置,0,0,0,0,21:39:14 336
+1,267.0,160.0,18.0,213.0,21:39:17 323
+2,198.0,25.0,156.0,245.0,21:39:21 297
＊主菜单＊,0,0,0,0,21:39:21 355
0,255.0,218.0,255.0,218.0,21:39:25 729
0,220.0,231.0,220.0,231.0,21:39:26 885
下载,0,0,0,0,21:39:26 967
+1,250.0,226.0,20.0,222.5,21:39:30 330
+1,187.0,160.0,27.0,221.0,21:39:31 929
+1,205.0,192.0,49.0,234.0,21:39:33 109
任务4, 结束
任务5, 开始
+2,206.0,27.0,142.0,274.0,21:39:42 144
＊主菜单＊,0,0,0,0,21:39:42 213
+2,149.0,30.0,107.0,224.0,21:39:43 822
+1,265.0,197.0,67.92466,198.07156,21:39:47 360
-1,56.0,206.0,279.0,227.0,21:39:49 839
-1,87.0,183.0,297.10678,160.46683,21:39:50 022
-1,81.0,168.0,226.0,143.0,21:39:50 750
-1,103.0,182.0,270.0,155.0,21:39:51 643
0,198.0,107.0,198.0,107.0,21:39:53 203
联系人,0,0,0,0,21:39:53 240
+1,254.0,198.0,53.831154,262.11942,21:39:56 218
+1,261.0,154.0,50.255375,195.57518,21:39:56 257
+1,275.0,176.0,43.0,208.0,21:39:57 020
+1,269.0,175.0,57.0,267.0,21:40:00 232
-1,115.0,203.0,253.81378,142.57759,21:40:00 365
+2,198.0,27.0,212.10248,288.92435,21:40:01 929
＊主菜单＊,0,0,0,0,21:40:02 104
-1,76.0,175.0,308.60605,173.32121,21:40:04 258
0,62.0,226.0,62.0,226.0,21:40:05 285
0,94.0,217.0,94.0,217.0,21:40:07 734
短信息,0,0,0,0,21:40:07 773
+1,277.0,166.0,50.403362,228.30634,21:40:11 107
+1,260.0,187.0,36.22592,271.17566,21:40:13 270
+1,259.0,189.0,66.0,273.0,21:40:14 018
+1,157.0,66.0,113.0,193.0,21:40:19 314
+2,182.0,23.0,145.97997,239.12949,21:40:20 547
＊主菜单＊,0,0,0,0,21:40:20 701
+1,178.0,58.0,108.0,207.0,21:40:21 025
+2,147.0,34.0,113.20802,213.60959,21:40:21 444
0,214.0,129.0,214.0,129.0,21:40:26 601
微信,0,0,0,0,21:40:26 640
+1,216.0,207.0,68.0,253.0,21:40:29 743
+1,260.0,195.0,29.868862,229.78279,21:40:32 236
+1,265.0,172.0,19.617807,235.20654,21:40:33 120
+1,175.0,192.0,50.834763,241.8223,21:40:34 322
+1,241.0,202.0,92.84294,258.7816,21:40:35 458
+2,193.0,26.0,154.1813,294.65836,21:40:36 175
＊主菜单＊,0,0,0,0,21:40:36 242
+2,181.0,23.0,127.59065,291.8034,21:40:37 052
0,99.0,137.0,99.0,137.0,21:40:40 063
腾讯QQ,0,0,0,0,21:40:40 105
0,116.0,95.0,116.0,95.0,21:40:42 113
+1,247.0,184.0,63.0,227.0,21:40:44 729
+1,276.0,211.0,128.0,256.0,21:40:46 439
+1,270.0,194.0,88.0,259.0,21:40:47 662
+2,184.0,31.0,138.12906,295.96658,21:40:48 733
＊主菜单＊,0,0,0,0,21:40:48 813
+2,172.0,31.0,144.28963,210.29848,21:40:49 520
-1,54.0,179.0,310.0,172.0,21:40:50 927
-1,85.0,209.0,290.0,170.0,21:40:53 892
+1,242.0,181.0,27.0,218.0,21:40:54 038
0,233.0,231.0,233.0,231.0,21:40:56 477
邮箱,0,0,0,0,21:40:56 552
+1,268.0,190.0,84.0,267.0,21:40:59 551
+1,252.0,198.0,71.0,267.0,21:41:01 079
+1,239.0,178.0,63.0,227.0,21:41:02 869
+1,229.0,224.0,41.89065,268.85794,21:41:03 938
+1,218.0,192.0,45.58754,243.80415,21:41:04 767
+1,226.0,206.0,94.0,261.0,21:41:05 567
+2,190.0,27.0,118.0,220.0,21:41:06 639
＊主菜单＊,0,0,0,0,21:41:06 679
+2,179.0,29.0,138.52798,263.3197,21:41:07 731
+1,289.0,181.0,107.0,256.0,21:41:08 684
+1,291.0,175.0,106.0,267.0,21:41:10 096
-1,40.0,160.0,276.0,191.0,21:41:10 950
0,206.0,243.0,206.0,243.0,21:41:11 568
0,229.0,226.0,229.0,226.0,21:41:14 217
支付宝,0,0,0,0,21:41:14 254
0,227.0,225.0,227.0,225.0,21:41:14 784
+1,295.0,150.0,70.59542,227.70229,21:41:16 273
+1,255.0,178.0,51.72031,263.2888,21:41:17 269
-1,88.0,178.0,298.28116,136.1482,21:41:20 903
+2,198.0,27.0,179.56647,271.6278,21:41:23 869
＊主菜单＊,0,0,0,0,21:41:23 973
+1,261.0,216.0,46.053783,235.27419,21:41:25 966
+1,269.0,149.0,54.744625,231.4565,21:41:28 731
0,232.0,203.0,232.0,203.0,21:41:32 028
笔记,0,0,0,0,21:41:32 068
+1,272.0,218.0,88.0,272.0,21:41:34 187
+1,263.0,196.0,70.14752,259.58414,21:41:36 089
+1,242.0,256.0,82.37068,266.90732,21:41:38 721
+2,187.0,23.0,139.45103,303.1838,21:41:39 176
＊主菜单＊,0,0,0,0,21:41:39 307
-1,56.0,193.0,315.9646,150.05273,21:41:42 002
-1,44.0,225.0,229.0,195.0,21:41:42 714
0,103.0,141.0,103.0,141.0,21:41:43 869
0,119.0,89.0,119.0,89.0,21:41:47 056
电话,0,0,0,0,21:41:47 143
0,184.0,171.0,184.0,171.0,21:41:50 004
0,226.0,142.0,226.0,142.0,21:41:50 790
+1,306.0,156.0,68.0,245.0,21:41:51 549
任务5, 结束
＊＊＊＊＊＊＊＊＊＊＊＊＊＊＊＊＊＊＊＊＊＊＊＊＊＊＊＊＊＊
