+2,226.0,35.0,257.06107,269.67474,17:41:03 196
＊主菜单＊,0,0,0,0,17:41:03 236
+2,215.0,34.0,219.0,186.0,17:41:03 869
任务1, 开始
+1,288.0,171.0,118.0,179.0,17:41:11 100
-1,137.0,189.0,288.0,184.0,17:41:12 072
+1,274.0,182.0,141.0,191.0,17:41:12 697
0,218.0,233.0,218.0,233.0,17:41:13 715
相册,0,0,0,0,17:41:13 791
+1,281.0,151.0,242.0,151.0,17:41:16 298
+1,283.0,153.0,160.0,155.0,17:41:17 083
-1,150.0,204.0,269.0,181.0,17:41:22 330
-1,145.0,185.0,307.9903,180.51544,17:41:23 823
+2,218.0,54.0,226.76816,269.083,17:41:25 213
＊主菜单＊,0,0,0,0,17:41:25 254
+1,290.0,179.0,178.62996,198.67401,17:41:29 293
+1,293.0,168.0,197.0,212.0,17:41:31 939
-1,151.0,194.0,296.30304,186.038,17:41:32 578
0,106.0,219.0,106.0,219.0,17:41:33 192
卡包,0,0,0,0,17:41:33 294
+1,275.0,161.0,196.24876,176.67662,17:41:36 298
+1,248.0,146.0,161.39886,187.67366,17:41:36 666
+1,296.0,170.0,210.5,183.5,17:41:39 103
-1,142.0,179.0,283.29388,171.88329,17:41:39 981
+2,255.0,85.0,262.9346,242.37857,17:41:43 248
＊主菜单＊,0,0,0,0,17:41:43 338
+1,283.0,184.0,186.0,204.0,17:41:46 161
+1,291.0,171.0,210.0,179.0,17:41:48 883
-1,139.0,220.0,303.70065,216.28407,17:41:50 425
-1,151.0,193.0,267.0,185.0,17:41:52 332
0,102.0,213.0,102.0,213.0,17:41:54 839
卡包,0,0,0,0,17:41:54 874
-1,171.0,171.0,311.9613,155.51633,17:41:56 652
+1,287.0,152.0,185.36261,179.4456,17:41:57 213
+1,273.0,167.0,164.5,179.0,17:41:58 317
+1,273.0,146.0,150.17468,156.43636,17:41:59 696
+2,233.0,54.0,239.03445,270.06927,17:42:02 389
＊主菜单＊,0,0,0,0,17:42:02 490
-1,144.0,174.0,263.0,153.0,17:42:04 650
0,203.0,230.0,203.0,230.0,17:42:06 533
相册,0,0,0,0,17:42:06 588
+1,305.0,164.0,178.93285,184.36194,17:42:08 532
+1,282.0,147.0,181.0,170.0,17:42:11 308
+2,237.0,90.0,246.0,255.0,17:42:13 834
＊主菜单＊,0,0,0,0,17:42:13 872
0,110.0,101.0,110.0,101.0,17:42:16 308
相机,0,0,0,0,17:42:16 345
+1,278.0,151.0,122.083626,198.29324,17:42:19 284
-1,99.0,191.0,301.66638,157.50676,17:42:20 089
+2,219.0,80.0,221.3855,274.04626,17:42:20 901
＊主菜单＊,0,0,0,0,17:42:20 971
-1,133.0,193.0,252.0,189.0,17:42:23 893
-1,101.0,170.0,261.0,166.0,17:42:25 798
-1,131.0,182.0,232.0,171.0,17:42:27 518
+1,273.0,146.0,172.92923,150.57965,17:42:29 338
+1,271.0,144.0,174.0,147.0,17:42:30 008
0,208.0,219.0,208.0,219.0,17:42:30 745
支付宝,0,0,0,0,17:42:30 836
任务1, 结束
任务2, 开始
+2,222.0,83.0,231.68011,263.77148,17:42:45 608
＊主菜单＊,0,0,0,0,17:42:45 706
+1,283.0,152.0,174.0,180.0,17:42:48 916
+1,278.0,147.0,160.75226,152.45094,17:42:49 535
0,217.0,226.0,217.0,226.0,17:42:50 787
笔记,0,0,0,0,17:42:50 824
+1,286.0,117.0,177.0,146.0,17:42:53 637
+1,280.0,147.0,198.0,162.0,17:42:55 809
任务2, 结束
任务3, 开始
+2,223.0,52.0,231.06006,291.59753,17:43:20 350
＊主菜单＊,0,0,0,0,17:43:20 388
-1,60.0,148.0,256.0,132.0,17:43:22 769
-1,66.0,172.0,221.0,146.0,17:43:23 536
-1,60.0,169.0,251.0,143.0,17:43:24 331
-1,59.0,157.0,257.0,139.0,17:43:25 225
0,99.0,107.0,99.0,107.0,17:43:32 844
健康运动,0,0,0,0,17:43:32 887
+1,291.0,152.0,176.0,180.0,17:43:41 408
任务3, 结束
任务4, 开始
+2,221.0,57.0,227.4404,268.4471,17:43:53 740
＊主菜单＊,0,0,0,0,17:43:53 779
+1,279.0,154.0,194.61464,181.93646,17:43:55 787
+1,256.0,139.0,164.0,142.0,17:43:56 752
+1,278.0,152.0,164.0,164.0,17:43:57 572
0,106.0,219.0,106.0,219.0,17:43:58 500
视频,0,0,0,0,17:43:58 577
+1,255.0,177.0,142.0,188.0,17:44:01 322
任务4, 结束
+2,177.0,72.0,182.0,253.0,17:44:08 037
＊主菜单＊,0,0,0,0,17:44:08 133
任务5, 开始
-1,90.0,151.0,288.4063,148.30966,17:44:11 442
-1,100.0,149.0,260.0,156.0,17:44:12 582
-1,85.0,154.0,250.0,155.0,17:44:13 841
+1,237.0,147.0,198.0,148.0,17:44:14 947
+1,286.0,141.0,138.0,151.0,17:44:15 949
+1,277.0,159.0,183.0,177.0,17:44:17 319
+1,291.0,165.0,210.0,173.0,17:44:18 796
+1,291.0,164.0,207.0,177.0,17:44:22 002
+1,257.0,152.0,171.33533,186.85031,17:44:23 466
0,101.0,117.0,101.0,117.0,17:44:24 916
系统设置,0,0,0,0,17:44:24 997
任务5, 结束
＊＊＊＊＊＊＊＊＊＊＊＊＊＊＊＊＊＊＊＊＊＊＊＊＊＊＊＊＊＊
+2,202.0,57.0,229.49277,292.31906,17:44:35 235
＊主菜单＊,0,0,0,0,17:44:35 313
