任务1, 开始
-1,57.0,151.0,303.0,139.0,17:36:16 603
-1,51.0,180.0,244.0,144.0,17:36:16 712
-1,49.0,181.0,308.0,129.0,17:36:17 047
-1,84.0,168.0,264.0,162.0,17:36:18 600
-1,77.0,202.0,272.0,146.0,17:36:19 093
0,110.0,109.0,110.0,109.0,17:36:20 570
健康运动,0,0,0,0,17:36:21 079
+1,293.0,147.0,55.0,198.0,17:36:24 543
+1,282.0,162.0,103.0,180.0,17:36:24 785
+1,296.0,152.0,66.0,190.0,17:36:26 018
+1,294.0,181.0,91.0,183.0,17:36:26 530
+1,292.0,146.0,69.0,181.0,17:36:27 238
任务1, 结束
任务2, 开始
+2,148.0,120.0,155.78244,277.68375,17:36:38 665
＊主菜单＊,0,0,0,0,17:36:38 774
+1,287.0,182.0,143.0,213.0,17:36:41 423
+1,300.0,168.0,130.0,191.0,17:36:42 192
+1,281.0,154.0,107.0,188.0,17:36:42 956
+1,245.0,163.0,130.0,181.0,17:36:43 758
+1,287.0,174.0,177.0,192.0,17:36:44 676
+1,290.0,163.0,139.0,180.0,17:36:45 577
0,193.0,116.0,193.0,116.0,17:36:47 437
自带导航,0,0,0,0,17:36:47 478
+1,286.0,151.0,54.0,200.0,17:36:55 505
+2,183.0,76.0,204.34013,277.3024,17:36:57 540
＊主菜单＊,0,0,0,0,17:36:58 044
0,220.0,220.0,220.0,220.0,17:37:01 550
下载,0,0,0,0,17:37:01 592
-2,213.0,216.0,222.0,55.9885,17:37:06 010
+1,292.0,164.0,103.0,199.0,17:37:06 049
+1,296.0,150.0,89.07147,187.87643,17:37:07 545
+1,295.0,151.0,67.0,226.0,17:37:09 015
-1,195.0,103.0,233.0,240.0,17:37:11 038
+2,183.0,36.0,184.0,253.5,17:37:13 419
＊主菜单＊,0,0,0,0,17:37:13 472
0,215.0,111.0,215.0,111.0,17:37:16 227
自带导航,0,0,0,0,17:37:16 283
0,192.0,144.0,192.0,144.0,17:37:18 541
+2,219.0,99.0,234.61171,260.5346,17:37:20 187
＊主菜单＊,0,0,0,0,17:37:20 284
-1,93.0,194.0,302.0,158.0,17:37:22 664
-1,119.0,166.0,254.0,149.0,17:37:24 128
0,94.0,226.0,94.0,226.0,17:37:26 003
卡包,0,0,0,0,17:37:26 041
+1,297.0,130.0,88.97769,150.6803,17:37:28 284
+1,291.0,148.0,101.82745,158.88858,17:37:31 553
+1,240.0,147.0,132.21512,155.90999,17:37:31 591
任务2, 结束
+2,210.0,71.0,181.5,233.0,17:37:38 018
＊主菜单＊,0,0,0,0,17:37:38 176
任务3, 开始
-1,65.0,168.0,251.0,145.0,17:37:48 623
-1,86.0,166.0,273.0,148.0,17:37:50 131
-1,73.0,147.0,330.4729,181.31136,17:37:50 389
-1,94.0,190.0,293.0,163.0,17:37:52 082
+1,281.0,154.0,2.3034916,186.78018,17:37:54 606
+1,257.0,143.0,4.2789803,196.253,17:37:54 726
+1,268.0,147.0,80.0,151.0,17:37:54 996
+1,282.0,148.0,141.0,170.0,17:37:55 689
+1,274.0,144.0,128.0,167.0,17:37:57 128
+1,283.0,149.0,106.0,180.0,17:37:58 636
0,110.0,98.0,110.0,98.0,17:37:59 186
系统设置,0,0,0,0,17:37:59 223
-1,107.0,136.0,141.28845,256.5769,17:38:03 055
+1,270.0,146.0,100.94791,184.87643,17:38:03 522
-1,81.0,182.0,304.48935,128.18375,17:38:04 092
+2,223.0,70.0,226.85788,232.28424,17:38:09 045
＊主菜单＊,0,0,0,0,17:38:09 095
0,109.0,100.0,109.0,100.0,17:38:12 628
系统设置,0,0,0,0,17:38:12 668
任务3, 结束
+2,227.0,68.0,234.34494,218.65579,17:38:23 071
＊主菜单＊,0,0,0,0,17:38:23 110
任务4, 开始
-1,40.0,230.0,290.0,188.0,17:38:26 703
-1,64.0,178.0,270.0,157.0,17:38:32 204
-1,68.0,166.0,263.0,144.0,17:38:32 591
0,110.0,236.0,110.0,236.0,17:38:34 057
视频,0,0,0,0,17:38:34 575
任务4, 结束
任务5, 开始
+2,189.0,35.0,224.42542,286.86765,17:38:45 737
＊主菜单＊,0,0,0,0,17:38:45 833
-1,98.0,178.0,279.0,168.0,17:38:48 171
0,218.0,145.0,218.0,145.0,17:38:48 828
0,220.0,85.0,220.0,85.0,17:38:50 930
联系人,0,0,0,0,17:38:50 968
+1,295.0,138.0,85.06165,173.56636,17:38:53 246
+1,294.0,152.0,64.0,150.0,17:38:55 030
+1,276.0,131.0,110.65413,146.45094,17:38:55 089
+1,280.0,142.0,100.0,181.0,17:38:56 813
-1,81.0,177.0,324.79987,157.48727,17:38:58 050
+1,295.0,112.0,71.667465,146.31763,17:39:00 556
-1,99.0,168.0,301.83432,152.13095,17:39:02 056
-1,101.0,171.0,320.38013,138.65506,17:39:02 480
-1,87.0,161.0,284.2689,144.60931,17:39:04 056
-1,68.0,174.0,259.0,155.0,17:39:04 606
+2,187.0,60.0,208.47488,249.16917,17:39:07 576
＊主菜单＊,0,0,0,0,17:39:07 715
-1,65.0,217.0,298.0,180.0,17:39:11 200
0,95.0,225.0,95.0,225.0,17:39:12 730
短信息,0,0,0,0,17:39:12 784
+1,272.0,134.0,8.5,186.0,17:39:15 276
+1,277.0,144.0,87.0,167.0,17:39:18 226
-1,61.0,157.0,269.84906,158.86357,17:39:18 945
-1,48.0,184.0,274.1135,157.89449,17:39:19 777
+2,183.0,54.0,229.5,299.5,17:39:20 541
＊主菜单＊,0,0,0,0,17:39:21 054
-1,94.0,179.0,297.0,153.0,17:39:22 783
+1,275.0,130.0,41.0,149.0,17:39:25 063
+1,291.0,154.0,80.0,206.0,17:39:28 092
0,112.0,107.0,112.0,107.0,17:39:29 554
电话,0,0,0,0,17:39:29 594
0,224.0,149.0,224.0,149.0,17:39:32 060
+1,290.0,150.0,46.00937,186.1651,17:39:33 556
任务5, 结束
＊＊＊＊＊＊＊＊＊＊＊＊＊＊＊＊＊＊＊＊＊＊＊＊＊＊＊＊＊＊
