任务1, 开始
0,223.0,227.0,223.0,227.0,17:31:45 584
国际象棋,0,0,0,0,17:31:45 636
+1,293.0,173.0,32.5,193.5,17:31:48 370
任务1, 结束
+2,188.0,62.0,191.5,284.0,17:31:57 368
＊主菜单＊,0,0,0,0,17:31:57 434
+1,292.0,113.0,51.0,179.0,17:32:00 234
任务2, 开始
+1,302.0,157.0,93.0,196.0,17:32:02 732
+1,276.0,146.0,74.07977,154.0,17:32:03 921
0,182.0,185.0,182.0,185.0,17:32:05 284
相册,0,0,0,0,17:32:05 346
+1,277.0,152.0,86.35236,177.15518,17:32:08 085
-2,247.0,229.0,213.8694,72.19589,17:32:10 725
任务2, 结束
+2,141.0,130.0,194.17908,285.00467,17:32:16 077
＊主菜单＊,0,0,0,0,17:32:16 116
任务3, 开始
+1,282.0,152.0,134.0,179.0,17:32:20 763
+1,290.0,153.0,84.0,213.0,17:32:22 334
+1,298.0,162.0,69.0,204.5,17:32:23 346
+1,260.0,178.0,113.0,181.0,17:32:25 070
-1,64.0,166.0,288.0,151.0,17:32:25 590
-1,109.0,159.0,256.0,151.0,17:32:25 765
-1,112.0,143.0,292.0,158.0,17:32:25 997
-1,157.0,160.0,308.0,166.0,17:32:26 324
-1,58.0,127.0,304.0,135.0,17:32:27 785
+1,288.0,143.0,212.0,146.0,17:32:28 481
0,106.0,204.0,106.0,204.0,17:32:29 155
新浪微博,0,0,0,0,17:32:29 252
+1,268.0,157.0,108.0,216.0,17:32:32 768
+1,294.0,131.0,115.729935,159.00195,17:32:33 876
+1,304.0,169.0,135.40883,175.33702,17:32:35 404
-1,102.0,165.0,320.6224,147.5675,17:32:36 534
-1,97.0,189.0,310.0,174.0,17:32:37 948
任务3, 结束
任务4, 开始
+2,171.0,89.0,210.0,263.0,17:32:55 087
＊主菜单＊,0,0,0,0,17:32:55 126
-1,64.0,195.0,282.0,175.0,17:32:57 174
-1,80.0,192.0,238.0,160.0,17:32:57 905
+1,272.0,149.0,100.0,194.0,17:32:59 539
+1,279.0,178.0,103.0,157.0,17:33:00 367
+1,301.0,170.0,99.0,254.0,17:33:01 284
+1,273.0,187.0,77.69222,186.0,17:33:02 660
+1,262.0,159.0,52.0,176.0,17:33:05 376
+1,293.0,163.0,55.74029,185.17383,17:33:06 858
0,110.0,111.0,110.0,111.0,17:33:07 720
系统设置,0,0,0,0,17:33:07 764
任务4, 结束
任务5, 开始
+2,168.0,58.0,186.0,233.0,17:33:18 888
＊主菜单＊,0,0,0,0,17:33:18 969
-1,93.0,184.0,291.0,162.0,17:33:22 204
0,121.0,220.0,121.0,220.0,17:33:23 921
天气,0,0,0,0,17:33:23 968
+1,294.0,171.0,131.0,192.0,17:33:28 568
+1,296.0,154.0,74.46602,159.91263,17:33:30 177
+1,301.0,168.0,76.0,192.0,17:33:35 088
+1,299.0,164.0,120.16414,191.93822,17:33:36 787
-1,103.0,203.0,300.0,170.0,17:33:37 728
-1,60.0,199.0,291.0,181.0,17:33:38 330
-1,115.0,138.0,307.0,146.0,17:33:39 051
任务5, 结束
＊＊＊＊＊＊＊＊＊＊＊＊＊＊＊＊＊＊＊＊＊＊＊＊＊＊＊＊＊＊
+2,138.0,62.0,171.0,290.34402,17:33:48 168
＊主菜单＊,0,0,0,0,17:33:48 238
